0.8434278
0.8262727
0.8454721
0.99096715
1.1804438
1.3101854
1.0912311
0.9433434
0.73457235
0.77454364
0.67088884
0.70398104
0.787454
0.9662228
0.98497045
0.8235813
0.7516986
0.78331697
1.3022538
1.5346266
1.1847582
0.9587933
0.9278041
1.0443943
1.5104382
1.1802242
0.70890903
0.8962327
1.0953462
0.8259556
0.51525176
0.91992754
0.91240436
1.117985
1.2745786
1.3598713
1.160881
0.82003385
0.74628747
0.97578704
1.0678933
1.0299071
0.77889913
0.77833366
1.1383677
0.74542105
0.92429614
0.8612473
0.7725443
0.774753
0.8413433
0.7785796
0.75298727
0.8086207
1.2204624
1.4437284
0.9683472
0.9110451
0.95975804
0.87796235
0.8832979
0.648761
0.8080039
0.8602334
0.8846011
0.8009373
0.92895305
1.0819321
0.87925315
0.65941465
0.9238302
1.216578
1.0588422
0.79868907
0.9187144
0.76290977
0.8618332
0.91083133
0.6362476
0.710274
0.76340103
1.0142627
1.6035563
1.0049183
0.955727
0.6599246
0.83171713
0.9229862
0.94347715
0.8774692
0.726826
0.7083607
0.8064797
0.9370472
0.8819795
1.1852248
1.0758286
0.93059903
0.86985093
0.9173462
0.91118306
0.7664882
1.0372745
0.8263007
0.83759266
0.8067548
0.8643888
0.64437944
0.86912024
0.697768
0.75279677
1.0848248
1.1197505
0.80962974
0.91667247
0.83964425
0.6510653
0.63755405
0.6167581
0.77813196
0.9199853
1.0885936
1.2997282
1.0026082
0.7969543
0.81890285
0.686759
0.7189419
0.9410761
0.9844982
0.9940736
0.8548517
0.80652803
1.019279
1.1968833
1.0319068
0.9910804
0.8093951
0.7922578
0.7809404
0.91045153
0.8696495
0.89643276
0.7805835
0.6811186
0.70359707
0.869833
1.1398085
1.1150192
0.90023476
0.81285685
0.70517796
0.8340014
1.441091
1.408527
0.70912224
0.8914795
0.87197495
1.122539
0.9955482
1.3312548
1.0289682
0.66520786
0.80297077
0.9466252
0.87811375
0.9186206
0.9466329
0.819293
0.632305
0.6124816
0.647806
0.78162
0.87675333
0.9358414
1.004977
0.9815508
1.1175184
0.75003994
0.7845135
0.771736
0.64477175
0.6432271
0.88826376
1.5960276
1.0097231
1.0372176
1.1800258
