1.8290176
1.6821247
1.6051713
1.5829154
1.5828943
1.5354694
1.5362308
1.5328248
1.4483455
1.5614417
1.5423536
1.5773615
1.4818647
1.3899596
1.4290882
1.4530752
1.5666025
1.757834
1.845692
1.7857126
1.5265412
1.4628797
1.5275972
1.5124022
1.7270243
1.5886977
1.4968619
1.6077603
1.640226
1.5940347
1.7019187
1.7127584
1.6618911
1.5865445
1.5335475
1.5690218
1.3678005
1.4942517
1.606809
1.6718876
1.6347196
1.5504069
1.5382335
1.5426193
1.7061509
1.843536
1.6329412
1.5647147
1.6673126
1.5886896
1.535692
1.4257009
1.4834554
1.7476577
1.6049917
1.5819173
1.5837741
1.5046945
1.5078306
1.5132982
1.4988928
1.5125973
1.6684175
1.5201758
1.5556338
1.6307895
1.4728779
1.4172627
1.6109123
1.848577
1.6822357
1.5514388
1.6127307
1.5669048
1.4572711
1.4643192
1.5307848
1.4536448
1.5470457
1.3558835
1.3474748
1.4944994
1.5384356
1.6156522
1.6164147
1.555251
1.4193298
1.4546864
1.742795
1.5091747
1.4567914
1.4492332
1.6309783
1.6990254
1.6362402
1.6886082
1.4984207
1.7606739
1.8661008
1.5943024
1.4941994
1.4365366
1.5343611
1.5366302
1.5371282
1.6650565
1.5339172
1.5410984
1.8211986
1.8560994
1.6325121
1.4917195
1.6767243
1.5603242
1.5118439
1.5728554
1.4849014
1.6099868
1.5748634
1.5857645
1.5405538
1.733837
1.5264015
1.5308964
1.5398501
1.6208489
1.4143705
1.4334083
1.454576
1.416264
1.4717017
1.5148649
1.6247729
1.8001459
1.4952884
1.5316632
1.543164
1.5541143
1.4048648
1.4196644
1.6231658
1.722691
1.8502209
1.6386701
1.5337844
1.4144943
1.5144432
1.5801256
1.570282
1.6393301
1.4719578
1.632442
1.4861054
1.4382443
1.5212115
1.5149186
1.4330641
1.5465629
1.4462734
1.6331903
1.4724718
1.5218682
1.493732
1.6303096
1.5914304
1.5145811
1.5308392
1.417473
1.6434399
1.890414
1.8113902
1.4056948
1.5010957
1.4954752
1.6021276
1.6435686
1.5766058
1.6102157
1.5437747
1.6231534
1.6131061
1.4852238
1.5426369
1.5319347
1.483434
1.5231819
1.6254528
1.6698384
