3.1823347
12.413637
5.955325
9.035162
1.9043177
3.1242669
3.9573298
3.0739012
4.665802
4.048093
4.002284
2.669324
5.5584126
5.6673036
2.9876122
5.8027663
3.2096274
2.9245994
5.010191
3.5531976
2.3281653
4.98878
3.626974
2.4598594
5.093239
3.0358782
5.1699524
3.5500932
3.2188284
2.05439
2.4619339
2.0210404
2.8015826
2.511945
2.5229337
1.7902116
1.6427948
1.9190316
1.7474198
1.9652675
1.3415614
1.8936191
2.2728593
2.2723224
2.0868125
2.05401
1.7796602
1.7943903
1.7916155
2.200027
2.0795007
2.2273762
1.7301388
1.8949547
1.5866511
1.7866578
2.0186505
2.0328515
2.073792
1.6892251
1.750892
2.1809273
1.8222772
1.8232669
1.7687316
2.0976586
1.4096749
1.7059909
1.9065078
1.5248314
1.5781853
1.7606817
1.7958827
1.5341283
1.7939191
1.6728059
1.7036549
1.3998288
1.5180495
1.4507816
1.6981856
1.6856909
1.7321433
2.1285982
2.0432117
1.6804824
1.5892965
1.505755
1.8523479
1.358427
1.3941602
1.4365634
1.3837501
1.9314055
1.8713578
1.6331654
1.8925412
1.8336104
1.5064875
1.5072002
1.6657084
1.417027
1.5793399
1.2977237
1.8922292
1.5803502
1.703159
1.683861
1.512312
1.733778
2.012485
1.3828201
1.5539066
1.7339554
1.4553316
1.6605428
2.4577422
2.4833124
2.2547808
1.9972246
2.2641358
2.0211725
2.1446996
2.2467003
1.7260442
1.792768
1.6503763
1.9299916
1.9414742
2.113156
2.1455426
1.8237798
1.9430163
1.7396301
1.5080698
1.7154225
2.0777001
1.9205674
2.2725737
2.3290577
1.611515
2.1379645
2.4130735
1.9711283
2.1349304
1.7202284
2.0368762
1.7668648
2.443035
2.0400558
1.992347
2.1050072
2.208389
2.3805394
1.6607578
1.8184863
2.0899878
1.8451447
1.9818178
1.9590662
1.808045
2.2236304
2.1233172
2.2192657
2.0606604
2.0638633
2.2417173
2.058003
1.9564598
1.909538
1.8599191
1.9325408
2.2553177
2.062799
1.9075619
1.9583955
2.0667548
1.723817
1.9164594
1.9312067
2.116842
2.0161512
2.0334947
2.2756977
2.3056166
2.0927982
2.0716279
2.0789654
