1.3171549
1.1137433
0.7926594
0.84176165
0.7591075
0.88926715
1.1100454
0.6788833
1.0173272
0.47438836
2.5532455
0.39041117
1.1004183
1.0157651
0.7400731
0.954337
0.8723142
0.6035238
1.1566982
0.7693344
0.8624431
0.675212
1.316359
0.8226756
0.6101349
1.5634508
0.78688544
0.8847594
1.7327876
0.30053347
1.0444665
1.6801121
0.53404135
1.0410807
0.47374457
1.6758895
0.70171344
0.7094387
1.6359112
0.30033398
1.5803051
1.1139438
0.63107055
1.3895693
0.6946367
0.997625
1.0860207
0.40030715
2.0868363
0.66826594
0.63247776
0.8651353
0.662119
1.792321
0.50065535
1.2441108
0.69413126
1.1740091
0.82986206
1.016343
1.3742633
0.41265696
1.4093636
0.74501
0.40335277
2.1866915
0.7306808
0.6965354
1.6690047
0.46567577
0.7698232
2.1011024
0.5096174
1.5739955
0.5146266
2.1125627
0.6215609
0.8400874
1.8243518
0.3515972
1.6781836
1.0568075
0.49236193
1.4218364
1.1239533
0.4504423
1.1624842
0.89860535
1.1585368
0.5701532
1.4414415
0.7954112
0.80730116
1.0910218
0.97092515
0.9118029
0.47737706
1.4464982
0.8345663
0.59079015
1.034413
1.8599097
0.42186174
0.9667593
0.90874493
0.9483721
0.82010746
1.0208244
0.61334604
1.267839
0.8994374
1.3075656
0.4083061
2.0829694
0.86015636
0.41408116
1.750041
0.99195707
0.49428767
1.4434704
0.6572914
1.5949748
0.54890853
1.0106181
0.78782225
1.1630094
1.0952637
0.8437379
0.88562554
1.0431157
1.1265941
0.69045687
0.9701914
1.4038864
0.541787
1.4607232
0.40263057
1.3852787
0.94727206
0.60177225
1.2000252
0.67774636
0.9270382
0.9912589
1.4515501
0.3680596
2.045035
0.47432396
1.3036044
0.6371064
0.99471
0.7446187
0.9164978
1.3224814
0.5510887
1.2008965
1.3632464
0.38811156
1.0152562
0.5366317
1.6777481
0.9030305
0.5237905
1.2577498
0.8409068
1.0473983
0.9002851
0.35387054
1.6287297
0.6835839
1.2443898
0.7681362
0.8212708
0.73477376
1.5088452
0.50317633
2.6477873
0.33623362
1.7359167
0.5827936
1.0396231
0.76619846
1.3021134
0.77649856
1.050586
0.7163542
1.9042584
0.3114226
