0.23633611
0.238283
0.10432388
0.15512101
0.14109607
0.18495905
0.34932315
0.47140372
0.22645241
0.17257777
0.1606599
0.21817791
0.11319571
0.067588344
0.12613738
0.30910853
0.13551846
0.11027354
0.3448349
0.28782144
0.11230388
0.20390663
0.15126567
0.1130207
0.1285294
0.101547524
0.19779307
0.27866274
0.28711185
0.17028145
0.19469312
0.42678583
0.5758041
0.3992687
0.11183109
0.22298995
0.09552879
0.19784513
0.10807535
0.27093652
0.1866595
0.12779053
0.39314622
0.3026864
0.18906975
0.29029867
0.16038013
0.10291333
0.09819662
0.3111574
0.1591241
0.15266666
0.23566125
0.17932372
0.20970796
0.108602524
0.094910234
0.29033223
0.16049245
0.16418622
0.20392781
0.24538088
0.29055074
0.15426259
0.17989208
0.2154985
0.12606645
0.24656114
0.28213313
0.096281275
0.18202084
0.29799405
0.09826357
0.3728879
0.28206712
0.11568536
0.15329617
0.11210853
0.15019232
0.17257856
0.09318356
0.16240367
0.094111376
0.16628954
0.1677767
0.21480258
0.16508576
0.23725882
0.32682508
0.07130949
0.19888234
0.10833301
0.19470291
0.12166406
0.13303745
0.10466616
0.24966885
0.16581556
0.17099208
0.11875054
0.21482377
0.07746375
0.061927475
0.1498269
0.18213652
0.4134415
0.55695206
0.116567686
0.286929
0.12784329
0.13178506
0.10230509
0.147137
0.13663179
0.12845995
0.17007074
0.27039894
0.16229844
0.085540846
0.18745081
0.13389787
0.1260126
0.10990422
0.14876178
0.18702045
0.1237515
0.25583696
0.121208504
0.10107818
0.16692412
0.29244447
0.1363604
0.16098925
0.110905856
0.16994971
0.16168821
0.14221841
0.21773884
0.29684222
0.17561583
0.14029202
0.6123824
0.81962246
0.31748876
0.1969356
0.122553915
0.17332698
0.14687519
0.27494285
0.09428334
0.063626975
0.2504229
0.1035276
0.10609996
0.09971622
0.18065175
0.13798799
0.033891413
0.39348844
0.48343116
0.21441008
0.09757557
0.10698892
0.110245645
0.27632824
0.2314836
0.13754416
0.2287276
0.16723467
0.5415613
0.306252
0.055083014
0.1148834
0.11829458
0.144915
0.2515799
0.123167835
0.04340812
0.17817587
0.17167349
0.19214469
0.22858277
0.25652993
0.27611578
0.28488055
0.20497623
0.15179113
0.08440162
