1.3013033
0.63145375
0.85473406
1.232441
1.3135039
0.7353654
0.623512
3.410377
1.7675769
1.0171974
0.45184237
0.67434233
1.3819993
1.5111983
0.77835524
1.1984959
0.5737767
0.40785992
1.5549952
1.5566067
0.5734507
0.9910339
0.9491843
1.1099455
1.2117003
0.8680214
1.0217192
0.9107413
0.7530961
1.145849
1.6178257
0.45724624
3.8559246
1.8682438
0.2914698
4.0440702
1.0474534
0.81131434
1.3892958
1.3738263
1.402489
1.1506075
1.0923659
0.6320332
0.7456476
1.5935831
0.9377104
0.67289615
0.7549692
1.2665753
1.613262
1.0198776
0.16641864
5.2179513
1.9172506
0.29175448
2.8590946
1.3295257
1.9227723
0.47851816
0.19474062
1.94023
0.2861026
1.9462204
2.2151155
0.430097
0.89025015
1.096215
1.4331334
0.71738803
0.6251971
2.5000062
1.76457
0.4554019
0.5007966
2.6944046
1.7346175
0.14449525
4.3014126
1.5835052
0.64212304
0.7087914
4.1877403
1.4263208
0.40821794
2.858985
2.335383
1.1974653
0.13016577
5.4473515
0.99324024
0.5775671
1.0774891
1.2172849
1.2823232
0.766729
1.7940323
1.5312891
0.83996177
0.41239816
0.9749126
1.014543
1.2892821
1.0351583
2.1116228
1.3407531
0.77446425
0.5949431
1.2857646
1.2339182
0.523664
0.8885451
3.102384
1.1293526
0.37030804
2.969366
2.2161438
1.6315011
0.7606132
0.46108115
2.7405682
2.3176055
0.6760737
0.8243756
1.6255164
1.4413092
0.68039817
0.60141075
0.89232194
0.8718405
1.0076945
1.317126
0.604573
0.65364254
1.0441658
1.3884804
0.8338827
0.3882226
0.7400287
2.8644938
1.2750198
0.31665197
1.1740777
1.6778607
1.7220848
1.2811799
0.60751843
0.61650074
0.8846209
1.4066802
0.38861495
1.9691052
1.3516138
1.3316267
1.5273875
0.66824424
0.7472897
0.9945805
0.9309172
1.5249867
0.6474261
0.6241927
1.1061537
0.8482745
0.80907714
0.8076636
0.8637486
1.6965163
0.20367806
4.672844
2.1397853
1.1498575
0.24754219
2.6722212
2.1542988
1.1550275
0.30437803
2.3714907
2.0680897
0.9601612
0.6666105
0.9451388
0.6687232
1.1304655
1.262799
0.5602771
0.6775365
0.99013764
