0.48832372
1.9066252
0.5669824
0.80467314
1.550236
0.89826304
0.3810696
1.9438412
1.0611044
1.3562386
0.5542087
0.87061167
0.8833818
1.0402465
0.7681041
0.545872
1.7592702
0.62598336
0.7137886
0.6445309
0.5492348
1.1172447
1.2852266
0.14872119
3.6699903
0.2211471
1.8067663
1.6305871
0.39289814
1.4285262
0.8231095
0.38665593
0.89268565
2.096717
0.16340315
2.8328166
0.08916651
7.352224
0.4236439
2.409215
0.0495546
5.9720755
1.2975888
0.30140358
2.607435
1.2320328
0.18998913
1.4078292
1.3106064
0.40123093
0.5502095
2.1526966
0.42717484
0.5246165
1.1838522
1.3919616
0.7388218
0.37747324
1.7304105
1.4881511
0.14394405
1.3975767
0.75890034
1.4742284
0.48723996
1.5215377
0.97496426
0.8857641
1.7576654
0.848411
0.30625492
1.1368539
0.81812483
2.0282161
0.40179443
1.0019565
0.70982736
1.5650027
0.2583584
1.0483427
2.1451874
0.28911737
1.1365445
1.5166161
1.0428002
0.46170163
0.9544004
2.8767989
0.80409634
0.43908525
2.417152
0.8160855
0.36990768
1.9509165
1.2922688
0.43134174
0.8256748
2.1416626
0.31944516
1.3608392
1.7471713
0.48497683
0.93249804
1.2522392
0.49991575
0.7025938
1.7649372
0.58640206
0.84446776
1.2205763
0.6183386
0.90881896
1.501466
0.23554647
2.2491164
0.71777403
0.94934416
0.4923708
1.8895628
0.8447708
0.5163721
1.593008
1.5146489
0.44386047
0.66691154
1.5492493
0.9432357
0.96600556
0.4568321
0.56153893
1.6053762
0.97595686
0.47023928
1.3519776
1.5931935
0.482038
0.94331664
1.7674645
0.8253559
0.37664077
3.0903912
0.7855365
0.5089195
1.3120402
1.15007
1.0753996
0.6406322
0.64356685
0.62728316
1.3903136
0.39218622
1.8825359
0.70052314
1.1658775
0.7976264
2.4744158
0.676916
0.63507754
2.0440407
0.7669971
0.9288697
0.47837204
1.6715031
0.36469826
1.6121631
1.0237345
0.5856004
1.0339756
0.73603237
0.9594644
1.7063832
0.13520446
2.7742338
0.82426137
0.92456836
0.84856004
1.3593802
0.87742376
0.9155546
0.8362442
1.5286006
1.3353134
0.6565846
0.47466245
2.2339306
1.1460907
0.5584674
0.32977173
2.8561568
0.7945304
0.32493037
1.8036745
1.2951105
0.3112837
1.4972056
2.1568854
0.6487398
0.4897074
1.5804036
0.96674025
0.3456211
2.06075
0.5464256
1.3907602
1.1358039
0.72018886
0.5090122
1.838663
0.9081913
0.31189445
1.5563626
2.3899662
0.40143114
0.3541504
2.693656
1.3124735
0.1925623
2.4586859
1.8313553
0.2896786
1.9853547
1.4362388
0.36923867
0.7652215
1.9496396
0.5987171
0.6701511
0.746557
1.329404
0.50486636
1.7830068
1.2220775
0.6697861
0.58854365
1.3359025
0.72257066
0.36356515
2.704132
1.5555428
0.7029017
0.94113195
0.549155
1.3639845
0.911555
0.4114056
1.9424001
0.36555266
1.4394957
1.5980301
0.7761743
0.7609118
0.23872426
3.8728302
0.8178681
0.29178756
1.0705068
1.9728469
0.19736654
1.4547757
1.3404052
0.39727724
0.3929944
1.8292406
0.6610581
0.5518743
0.5303613
1.1523356
1.0853884
0.99348825
0.6772814
0.7693178
1.4411476
0.879544
0.19795121
2.6377454
1.7462817
0.47528315
0.35416317
1.899554
1.5936233
0.20293185
1.4011618
0.990183
0.66721106
1.2840389
0.30352286
1.4667093
0.9986365
0.32336915
1.0319055
1.3143706
0.44845024
0.29985952
3.5700164
0.81904656
0.2896525
3.647179
0.7650689
0.26503104
3.669252
0.5892638
0.3663783
1.8623266
0.56313854
1.0488293
0.8098724
0.62324953
0.9094367
1.2028329
1.6179581
0.41396767
2.1788478
0.6968947
0.39450356
3.3620486
0.4290504
1.5875604
1.5258803
0.45871043
0.6418723
1.1981592
0.4595902
0.5377238
1.2415386
0.63690895
0.32494956
2.282585
1.3242882
0.3005796
0.51027095
1.9513876
0.8514497
1.1545799
0.9114696
0.70037675
1.1167821
1.5405529
0.92255926
0.6555636
0.9403561
1.2985468
0.50110495
1.0512922
1.0650821
2.2094421
0.3844265
1.1615767
1.6275327
0.45034754
0.99278367
2.4782836
0.6300664
0.50258327
1.7556319
0.3904075
2.4264064
0.65213287
0.38853568
2.0731137
0.9068838
0.2569754
1.9121166
1.5261928
0.30459094
1.3047228
1.6174898
0.45871168
1.6132027
0.42857802
1.2893062
2.8661337
0.428734
0.28049034
4.37122
0.8341583
