1.9241691
1.9744859
1.9572296
1.858608
1.8833457
1.9283781
1.9549742
1.9295354
1.9253347
2.0302029
1.990819
1.8905115
1.9057639
1.9662995
1.9372869
1.9486368
1.952334
2.0057313
2.0058703
1.96741
1.9547862
1.9508803
1.9202641
1.9278772
1.8926932
1.9793689
1.9611094
1.9519852
1.9096053
1.9175346
1.9400806
1.9798619
1.9349463
1.9117285
1.906819
1.8956387
1.9128766
1.8864477
1.9922433
1.9366173
1.883266
1.9470077
1.951821
1.9235579
1.9802125
1.8847065
1.990873
1.9779629
1.9751993
1.9805548
1.9906929
1.9970336
1.9382813
1.9008348
1.8452656
1.9667099
1.9129434
1.9828181
1.9460421
1.9702011
1.8354056
1.906137
1.9547695
1.9724151
1.9205127
1.9135374
2.013005
1.9548082
1.9658012
1.8961356
1.8994657
1.8576059
1.9489759
1.9984837
1.9656096
1.9803269
1.9534186
2.0015702
1.9829652
1.9603424
1.9519639
1.933262
1.9459658
1.911517
1.9457375
1.8546146
1.9442835
1.9610223
1.8557416
1.9489751
1.8966852
1.9786589
1.8916385
1.9019601
1.8578863
1.8845085
1.9429778
1.9141755
1.9886813
1.8915889
1.8928452
1.9433806
1.8916771
2.0155132
1.9307873
1.9471562
1.9685338
1.9484296
1.9041488
1.9334948
1.9483556
1.9194621
1.9681337
1.9046257
1.8872502
1.9026326
1.9239156
1.9277452
1.9542925
1.8949275
1.9506661
1.9349542
1.9653335
1.8742952
1.9903136
1.9479859
1.9069625
1.8195997
1.8943552
1.9960809
2.0697398
1.9693685
1.9675965
1.9439473
1.9383546
1.9357594
1.9725803
2.0108576
1.9329846
1.9229877
1.9198596
1.9094932
1.982103
1.9707308
1.9798421
1.9700326
1.909942
1.9375176
1.9779583
1.9148979
1.9734839
2.0286486
1.9998755
1.9518626
1.9971652
1.9954636
1.9176588
1.9114375
1.9596875
1.9597082
1.9098423
1.9031273
1.9156129
1.9227934
1.9234701
1.9835217
1.8795879
1.9835958
1.9254959
1.887628
1.9218795
1.9113165
1.951074
1.9561573
1.9010869
1.9358776
1.9776253
1.9195433
1.9012287
1.9215627
1.9540883
1.8757628
1.9486818
1.9091969
1.9179935
1.9173737
1.8926454
1.8945143
