0.92093533
0.7490244
0.93648845
1.5159945
0.25904495
2.9496431
0.2544977
3.0998144
0.3405313
2.3200166
0.49105683
1.3317595
0.93308747
0.4602746
1.4421402
0.54992193
1.5598181
0.6318383
2.3263633
0.93285143
0.5173459
1.3946295
0.6373718
1.378885
0.3614343
4.07443
0.38371518
4.1663847
0.24956264
2.4159513
0.6332357
0.5910337
1.5547478
0.26595467
1.998632
1.4674809
0.30105445
2.3379943
0.5167964
1.6191995
0.5995828
1.0898641
1.150359
0.49879727
1.4939234
1.1094406
0.47288367
0.8278115
2.6752627
0.6452759
0.72765064
1.297489
0.776256
0.9729439
0.72466266
1.3059477
0.61268765
1.0906715
0.90427625
1.7491403
0.17215422
2.7961278
0.5481739
1.5041627
1.3586891
0.55415225
1.5688001
0.8622273
2.012414
0.26325515
2.8876953
0.5933398
1.3145256
1.5717001
0.8714392
0.69816744
1.5879917
0.43646514
2.0464454
0.49126285
1.871776
1.3653523
0.5032201
0.994532
0.9481928
0.63647383
1.6107688
0.23107834
2.8727717
1.0586219
0.3736396
3.725781
0.4631073
0.91387975
1.9671277
0.4917938
0.6488213
2.546682
0.42427385
0.75107133
1.4781921
1.1924069
0.2413333
3.7996037
0.49601805
0.90390444
1.3342265
0.79929245
1.3852506
0.6677243
1.1428499
1.418989
0.49631345
2.3385653
0.34042168
1.9710696
0.94594073
0.74068964
1.143818
1.6388998
0.6923193
1.4944878
0.62327325
0.93825984
1.7868623
0.45445797
3.3065746
0.5788127
1.3510773
1.4303715
0.68137413
1.0361068
0.64198935
0.7870995
1.6324452
0.76940936
1.0743507
0.47035885
1.5386157
0.45153046
1.1175752
0.83765376
0.37044922
2.8441854
0.5580215
0.74459136
1.6039641
0.386211
1.2770953
1.5198473
0.2502976
3.4450283
0.862596
0.85879755
0.9346998
1.6795363
0.5828868
1.2099627
1.2415593
0.38808852
1.6436908
1.078033
0.25537312
2.5211842
0.28122014
1.3536049
0.5696516
0.7676847
1.1952374
1.4178219
0.39998022
3.6417465
0.39740676
1.4961084
0.7672156
0.9224808
0.9540282
0.6397791
1.3104119
1.1326118
1.1353877
1.3147639
0.65554154
2.8407972
0.74624765
1.6375735
0.5770426
1.6644276
