1.4368968
0.6252662
1.1840844
1.3131752
1.6273838
0.88690937
1.1782415
1.5195041
1.3099554
1.0616562
0.6198296
0.7394153
0.9789686
5.1221395
0.6270664
0.4706517
2.145255
1.337822
0.6973602
1.3698641
1.0841196
1.0266702
0.8801639
2.7000477
2.2887945
1.0130267
1.1312854
1.3752315
0.7056979
1.6894677
1.527964
1.5566556
0.8254974
1.0101604
1.7624354
1.6492863
1.0865297
0.8868906
1.1384916
1.6229901
1.3876929
1.2795451
0.72934055
1.3016288
1.9262236
0.5973502
0.8870392
1.5246339
0.6365073
3.4387136
3.20465
0.16845223
0.6449456
5.1500874
3.7274356
0.08256675
12.841627
0.10236119
14.90474
0.4311118
6.282343
0.077345
11.979544
1.5454211
0.37554342
5.0092597
0.34889483
2.8118763
3.9741526
0.34556323
3.7376416
1.1166296
1.7066143
2.1052866
1.0567867
1.5715805
0.8857344
2.4548097
0.6930409
0.6539506
0.7480345
5.2378473
0.47551566
3.901586
0.9109894
0.99416804
1.4891368
0.20982376
6.005377
0.15490267
4.60182
0.34999463
4.600775
0.2761544
0.8196057
3.3069375
0.21633673
4.3108826
1.2029835
1.1202624
0.7868353
0.973016
0.76458955
6.1272964
1.097618
0.2522671
3.7366307
1.0983361
0.18859348
3.6580768
1.0778159
0.9248673
0.90792054
0.99321014
1.4643546
0.9033712
0.48033753
0.84314936
2.1472058
1.1001709
0.099474885
11.8289795
2.149135
0.22358942
0.9753027
1.8918705
0.81804466
3.558317
0.20399542
2.6592011
1.8692325
0.9922238
0.584107
0.8204868
0.92603904
0.25834787
0.65021145
1.6089791
0.099761754
7.5683856
3.3906896
0.264968
1.9637113
1.3944377
0.863919
0.8004855
0.74072504
1.0037838
0.9134549
1.5598259
0.28696102
2.014653
1.7866924
0.41021276
6.1958942
0.31615466
0.6469662
5.0934424
1.322501
0.1746561
4.9990444
1.1176836
1.1492832
0.9591141
0.5867255
2.0039945
1.6883066
0.57693183
0.5451104
1.144916
1.6088333
1.2393136
0.4825977
1.5298803
1.0436836
0.8497804
1.359476
0.8599703
1.016566
1.2612228
0.7492758
0.39973524
1.3208466
1.6810001
0.52025414
0.7188619
0.87089896
2.3489633
