0.03314448
0.16279542
0.12973386
0.037313327
0.0798318
0.057188418
0.34959996
1.3284589
3.2935817
0.27310207
0.30074844
0.35844675
0.49931383
0.48415074
0.345748
0.13991067
0.14011914
0.35034883
0.10967703
0.1197471
0.23377901
0.4168599
0.18314034
0.2173621
0.19019382
0.09293677
0.1886156
0.2633186
0.1683083
0.17688099
0.15235046
0.081658915
0.1524455
0.09247476
0.11316439
0.16623029
0.126632
0.14790556
0.25430712
0.1950467
0.12069712
0.1309833
0.16123891
0.043048047
0.082089454
0.33853102
0.87089
1.4727503
0.57567716
0.4113466
0.24403085
0.1497341
0.22594208
0.2519592
0.69901764
0.5721497
0.13429724
0.5886449
0.55840707
0.1931455
0.1462426
0.106296934
0.18038647
0.18456326
0.38726503
0.99694926
0.9201628
0.6065448
0.0827161
0.30068937
0.20400459
0.08123542
0.3312198
0.14788552
0.09789627
0.2009747
0.3888473
0.2366925
0.21349698
0.3489205
0.21409488
0.18662018
0.14785771
0.08840321
0.12545685
0.08765801
0.1456652
0.21451513
0.15915303
0.10958637
0.12505916
0.11843292
0.07360185
0.15327506
0.1482641
0.1856575
0.06605184
0.16802423
0.11181921
0.13562849
0.06283564
0.19588241
0.11342864
0.20277661
0.12098614
0.14412881
0.12336253
0.12447649
0.09004548
0.08598134
0.15866317
0.08622048
0.19786197
0.17024502
0.3229454
0.18355541
0.0882613
0.14305055
0.21159746
0.096771024
0.23360713
0.15196982
0.2802891
0.28029066
0.0578347
0.06946662
0.08554245
0.123065755
0.116129376
0.21478114
0.10773432
0.082987264
0.08920313
0.23504776
0.10699004
0.20571445
0.35992405
0.21267673
0.0765159
0.052176338
0.051543575
0.09246043
0.08624895
0.09086763
0.13717937
0.06852912
0.12726763
0.08703606
0.08566582
0.056476567
0.05740577
0.07379114
0.14041021
0.09058142
0.13643202
0.11440911
0.07157037
0.08498259
0.071622916
0.12354615
0.10153313
0.1511106
0.17583922
0.052992616
0.098882094
0.071576186
0.07648052
0.1325104
0.06937164
0.27226156
0.072079316
0.045508105
0.18282926
0.087166615
0.1527445
0.10443951
0.4434915
0.8037956
0.21506172
0.23466522
0.16857848
0.100563124
0.16773221
0.23587132
0.11181429
0.23765719
0.31431958
0.13330042
