0.17809331
0.08156113
0.10767015
0.30972546
0.32825908
0.4565661
0.19511718
0.36905673
0.43516538
0.14823759
0.14259072
0.13706656
0.116266236
0.18130018
0.16864285
0.31421882
0.13995107
0.2309202
0.09074733
0.12947705
0.06727931
0.2796368
0.3715738
0.34432328
0.093530014
0.6318474
0.37577423
0.119995736
0.20019728
0.12757999
0.3711589
0.86027366
0.85551035
0.43940085
0.13155836
0.3365099
0.6803916
0.46700686
0.07880344
0.16865647
0.12835196
0.13901347
0.2544665
0.1656465
0.24623016
0.26803774
0.10837054
0.16443345
0.18334106
0.2386551
0.11726504
0.23378363
0.15826905
0.21168794
0.09285465
0.22815232
0.1787095
0.16153404
0.10091652
0.13217738
0.16759309
0.41576457
0.25493735
0.13465059
0.15794107
0.1258892
0.15480086
0.08607897
0.13119406
0.18066654
0.21830623
0.43097046
0.44849762
0.1295083
0.33062276
0.2622783
0.11922092
0.21075353
0.17571354
0.14926043
0.18162611
0.11077571
0.17644142
0.070412725
0.10480343
0.1317884
0.11997697
0.1722374
0.19936365
0.4564668
0.29711232
0.13150714
0.21260563
0.21334308
0.10138931
0.13489532
0.06497811
0.14877468
0.05672418
0.16405052
0.18362775
0.20195389
0.05856145
0.061062932
0.14549175
0.20386714
0.25184304
0.16461274
0.058128156
0.124614805
0.03718941
0.28692895
0.09997449
0.36685243
0.31036022
0.06748588
0.04677794
0.3456539
0.85458225
0.5594885
0.254849
0.6798665
0.20343834
0.45262903
0.46898124
0.028738292
0.22290476
0.09945274
0.2857171
0.20972466
0.07046296
0.28509283
0.45673856
0.06521455
0.38295218
0.2525107
0.11851882
0.17082094
0.08348754
0.21120548
0.11328089
0.06975601
0.13214882
0.27005947
0.39598197
0.17148256
0.13219354
0.19661923
0.18236646
0.04880197
0.088418484
0.07982409
0.14511618
0.17881045
0.059722573
0.086544156
0.16198993
0.18183842
0.087514825
0.13025461
0.13993192
0.08702165
0.062787086
0.10739176
0.13031057
0.04525561
0.15819271
0.102169365
0.078863695
0.12647158
0.06893805
0.0930358
0.18323718
0.10113189
0.3257388
0.79027814
0.5143159
0.12932025
0.12314943
0.13092397
0.0558284
0.14177582
0.14146596
0.117456384
0.101198345
0.05706998
0.4330753
0.2509376
