1.9259822
1.965961
1.9337006
1.9000428
1.9412825
1.9453007
1.9596465
1.9053531
1.930155
1.9559934
1.9167846
1.959151
1.8846381
1.8739144
1.9462022
1.8643962
1.9615145
1.9202594
1.8619173
1.8405674
1.9289756
1.9163817
1.9367113
2.0011644
1.957479
2.0449014
1.9636747
1.8672345
1.934777
1.9010308
1.9509673
1.9862628
1.9498913
1.9301063
1.918664
1.9219024
1.949481
1.9132011
1.9585508
1.8781337
1.8639808
1.9978685
1.8768414
1.9504766
1.9503509
1.9571509
1.9992666
1.9659321
1.969706
1.9106288
1.9035897
1.9189377
1.9428229
1.8702025
2.0636578
2.031158
1.9718373
2.0125608
1.9790636
1.9579744
1.9217342
1.8799133
1.9556679
1.9128044
1.959743
1.8990831
1.8882551
1.8925925
1.9691123
1.9478351
1.9527996
1.9225503
2.0184975
2.0257607
1.9264181
1.9355485
1.9656464
1.9940523
1.985837
1.953782
1.961229
1.9086976
1.9290671
1.9451412
1.8926308
1.9540216
1.9203296
1.8767917
1.9529464
1.9194183
1.9121746
2.0102324
1.9454212
1.9225838
1.9202173
1.943642
1.8836718
1.8987166
1.9131749
1.9177644
1.9129059
1.9450228
1.9692483
1.9518659
1.9455494
1.9457083
1.936568
1.9518877
1.9553537
1.9652742
1.9859846
1.9139088
2.0213504
1.9999421
1.9343626
1.8880348
1.9064538
1.9229212
2.0446436
1.925855
1.9575665
1.9829121
1.9707975
1.9317591
1.9427488
1.9323888
1.9032345
1.9191597
1.9853418
1.9969189
1.9680367
1.9378169
1.9372326
1.8971899
1.9277216
1.9363023
1.9634144
1.9799968
1.918639
1.9472533
1.964083
1.9831271
1.9525139
1.8942289
1.8791304
1.9843563
1.9475646
1.9796066
2.0218482
1.9450387
1.9843959
1.924367
1.8859007
1.9877336
2.0004902
1.947504
1.9767101
1.9755731
1.874989
1.9700388
1.9594169
1.9372958
1.9027605
1.9726641
1.9341033
1.9252319
1.9027916
1.9143062
1.989991
1.8957701
1.8920296
1.9358802
1.9370958
1.9043937
1.894959
1.9213504
1.9101039
1.9418595
1.9187989
1.9869188
1.974925
1.959931
2.0282686
1.9942213
1.9117391
1.9377015
1.958427
1.9200566
