0.38878226
0.5114194
1.2471169
1.302125
1.1284988
1.1545291
0.80293626
1.2504895
0.893532
0.59640527
1.5610558
1.3017316
0.8128579
0.6679568
1.745657
1.7549086
1.0485455
0.99591887
1.3595717
0.77241254
0.46587715
1.1409473
1.290852
1.1789236
1.3380096
0.33000582
0.9359698
1.3131781
2.0233767
0.38609225
1.2662201
1.5381498
0.79842585
3.1505857
0.767779
0.5014155
0.97600174
2.0594199
0.68027616
1.3963197
2.1944814
0.7662625
0.42151996
2.1619487
2.1721935
0.881068
0.9591138
0.10122749
0.7843865
1.9894748
2.3863802
0.75351536
0.69394565
1.5607796
0.8781054
2.1258411
1.5843514
0.94424164
0.64482975
1.011624
1.4096369
0.32404137
0.8680761
1.5891838
1.8939917
0.6727985
1.0344243
1.4183676
1.2387555
1.222942
0.6094741
0.82422256
1.5478059
0.60918295
0.9024159
1.0328163
1.0015002
1.2684782
0.89327604
0.4999827
1.3326025
3.1322198
1.72707
0.84980047
1.5903907
1.7140629
1.2905873
0.90944237
2.1536222
1.5864813
1.0893245
1.270322
0.30704215
4.22748
2.3840523
1.4861529
0.74147785
0.8443141
0.96305346
1.0095322
1.1179026
1.9000276
1.5076367
1.3290117
0.95488185
0.71472216
0.7301158
4.216255
1.77321
0.85602397
1.3752728
1.4634544
1.0959797
1.524723
0.9321752
0.8929955
1.2588601
0.5099194
1.167472
1.4598978
1.3967669
0.93324184
0.86765826
4.750965
0.23049189
4.3517613
1.4647422
0.31720513
6.667882
0.44887426
0.32244176
0.695191
1.8768854
0.99226266
1.1578578
0.531201
1.5075209
1.1437013
0.75764394
0.46029353
0.703566
8.051674
0.09523846
12.125088
0.15606222
11.115802
0.06823834
8.247439
1.1162331
0.46620634
1.6460884
2.8614733
0.10630646
1.990983
0.8806802
0.6287048
0.31064504
1.09064
3.5483198
0.14351696
9.952798
0.07386624
1.8811901
1.7299848
0.21769923
0.1651758
2.9516482
0.61696994
1.2906126
3.4354587
0.1135613
8.381305
2.1136763
0.20205545
4.653255
1.0528268
0.42019564
1.1876632
0.5345994
1.0421307
0.7779665
0.3247761
7.305771
0.9477468
0.4163471
4.6139293
2.7734394
0.45257556
0.29842627
2.2361412
1.74315
0.51250124
0.78907907
0.7236323
0.4553826
0.78418064
1.0414271
1.2049079
0.5513661
0.57478297
1.192897
0.33501983
2.806692
0.58245015
0.49557212
1.3733325
1.0429418
0.7196057
0.7483735
1.2392898
0.2333582
0.8001716
1.24558
0.21329105
1.4501457
1.2307987
0.5164838
2.4148054
0.28415686
3.315155
1.7359896
0.21585661
0.90026426
0.7703457
0.9149406
0.90162134
0.8960651
1.0044329
0.17876908
5.972862
0.4384828
1.1034329
1.4364647
0.96259785
1.0903702
0.66819596
2.6225646
0.101502344
2.9404178
2.0532174
0.117897466
8.703228
1.7188437
0.28294885
1.8769269
1.2462916
0.98748094
1.3785346
0.1976539
0.81806386
1.2095584
0.7806644
0.5424215
0.94883144
1.100483
0.7086341
0.17985788
2.0131216
1.7397149
2.0575144
0.9582664
1.4314144
1.052814
0.49810553
1.6554828
0.3197447
1.1924808
1.4408475
1.0830626
0.51064134
0.9989194
1.0250587
0.5532689
0.7875847
0.5583217
0.9781936
0.8260611
0.883088
1.2591655
0.27706546
1.2878667
1.6702985
0.11376688
3.3329597
2.0591612
0.4113111
5.2893443
0.1401564
2.438207
4.2767043
0.09209635
7.6325116
0.32050043
0.6134206
2.434529
1.0802584
0.64038944
3.754558
2.5504563
0.42606276
0.8803288
1.942172
0.75167096
0.8688717
1.6838528
2.0806024
0.2564706
0.38616538
5.458722
2.3028243
0.57604575
0.5173305
0.94373244
0.49886665
0.43299598
1.4344859
0.9265971
1.4673629
1.7241191
0.7729399
0.2948367
0.8321165
1.3564227
1.0099798
0.8462504
1.0428778
0.5384062
0.54834294
1.383569
1.6515315
1.42413
0.7370743
1.2153519
1.9000192
1.910257
1.08745
0.9582417
2.6234589
1.2934848
2.6007466
2.0110064
0.6238196
1.0575967
1.641335
0.69403774
0.6364656
0.45449114
2.7012863
0.28360134
0.56430256
0.88339776
1.0334593
1.2775018
0.9653905
0.84130085
0.33867478
1.5023494
1.8700967
0.76928496
0.84701097
0.7842887
0.78234434
0.8525009
0.68560433
1.2546837
1.7363079
0.2794097
0.30014464
1.7753013
1.9382576
1.8424846
0.42600057
0.96386856
1.3961416
1.168916
