0.14719285
0.09073456
0.26396185
0.4132281
0.10845374
0.40431023
0.25471342
0.21752092
0.090790674
0.28506243
0.06981966
0.16535912
0.10333067
0.15872312
0.076036386
0.13987103
0.057953596
0.21228108
0.09355983
0.2354216
0.17987722
0.17198315
0.23472002
0.1914636
0.044497024
0.12642078
0.04309749
0.10139093
0.13596302
0.2959389
0.15423894
0.14689857
0.111306146
0.069608994
0.20023443
0.33727393
0.1683608
0.16504756
0.19354726
0.24376027
0.20122573
0.142105
0.15067072
0.052038975
0.11495069
0.05533348
0.08301237
0.039321408
0.14522181
0.11571281
0.064643204
0.04471727
0.1973032
0.22668579
0.1854505
0.049497314
0.15838428
0.11363666
0.062238008
0.05839347
0.14288324
0.12954453
0.1398144
0.11418131
0.07008001
0.29399055
0.23441373
0.24369547
0.12523356
0.070035905
0.10631515
0.06523442
0.08777629
0.10456726
0.05548904
0.10569236
0.038175654
0.09187477
0.06853946
0.07286742
0.06319494
0.09526645
0.08772674
0.11610184
0.20662998
0.060622707
0.32422647
0.17089029
0.1382706
0.02427128
0.28689685
0.12463005
0.27764785
0.14358655
0.4585034
0.3223074
0.06601615
0.17781158
0.040378824
0.06410733
0.052467205
0.07787977
0.035518598
0.10249306
0.03493803
0.13221174
0.080636375
0.19549492
0.09705898
0.13594317
0.08195655
0.1363202
0.2756933
0.12424563
0.12406084
0.12952344
0.0875084
0.077340685
0.10317967
0.045421187
0.051137924
0.09566878
0.025227146
0.058092654
0.14569324
0.21876073
0.14393455
0.0933022
0.056598853
0.13431972
0.033761933
0.04462514
0.047681868
0.10301681
0.06274195
0.07775855
0.11150544
0.084687084
0.13598746
0.3966297
0.2245997
0.05295154
0.13266306
0.062160246
0.05101932
0.057190835
0.15110765
0.14431058
0.22405742
0.20706078
0.06448202
0.15143551
0.05281069
0.05352381
0.136673
0.03375759
0.09016387
0.084639
0.059254833
0.032888416
0.19452462
0.114854366
0.25168794
0.6734949
0.36335093
0.0543312
0.12178984
0.10218349
0.0479031
0.101822115
0.108407445
0.065284565
0.13003004
0.105884895
0.10362343
0.0686912
0.1638213
0.16437021
0.06294722
0.40913725
0.7285229
0.39416924
0.10909267
0.12682687
0.031205498
0.07095705
0.07547883
0.04991231
