1.6893202
0.8568868
0.6072575
0.71179926
2.4172306
0.67884195
0.75346005
0.9817762
1.4977574
1.3793949
1.8001297
1.1982656
0.9499846
1.1929436
1.9970808
0.7072427
1.1465175
0.6414568
2.1088142
1.5069597
1.1051494
0.8564886
0.9399185
1.362495
1.4140894
1.423197
1.4719105
1.6659415
0.5464449
1.1635664
1.1624396
1.0317309
1.1269308
1.4042408
3.2801967
1.1162522
1.1545486
1.0764178
0.9428451
2.5844138
1.9134872
1.183268
1.1042337
1.0935932
0.9033159
7.2477093
0.21284607
13.687163
0.52297544
10.492083
0.026590731
9.829516
0.022320872
13.6149025
4.8261113
0.3075472
3.822896
3.231135
0.71562004
1.7487786
2.2628536
1.0324209
1.4285547
1.6804317
1.7981567
1.8108075
1.1539938
2.011845
1.4624642
1.1839341
1.8555094
1.0104544
1.4286025
2.177702
0.52180475
3.8775623
0.7140777
2.037493
1.1970787
1.7796199
1.6795607
1.5117795
0.8257798
5.5088034
0.2181851
3.6626399
1.6577055
0.6107906
2.684046
1.453412
1.0581853
1.5361125
1.8814456
0.86796117
2.1153698
0.8004014
2.5761962
1.4611449
1.0004861
2.3920507
0.8206039
1.5605007
2.1843438
0.611632
2.8389547
0.5471493
2.1786783
1.1355352
0.9045949
1.0827019
0.40748477
3.43041
1.4134235
1.2777964
0.8488928
1.4218214
0.6255586
1.7127223
0.8927374
0.6606989
1.3269045
1.196284
0.73135155
0.41365635
5.7071285
0.46093094
1.4064567
1.3826604
1.6824378
0.26102126
2.4981956
0.68457437
0.55152166
2.6235962
0.44444168
1.0685775
0.8978596
1.4145632
0.3519097
1.6788967
2.1480076
0.40359035
3.0861878
1.41294
0.30007577
3.92659
1.1199048
1.2658463
0.46153456
2.822216
0.40582657
2.4526396
0.6934483
0.98660654
1.074186
1.4410827
0.7032399
0.8264887
1.1234066
1.50157
1.3758429
0.31748885
2.3444607
1.555136
0.36409745
4.6697893
0.7287828
2.0034242
0.8898051
0.74786454
0.9293091
0.9192216
0.23295718
4.40955
0.2429238
0.56599367
1.8974526
0.24399066
4.261362
0.91264206
0.20548865
3.775835
1.7369801
0.6573496
2.9386666
0.47988802
0.61846256
1.5825043
