0.17946038
0.20858544
0.19551927
0.21651688
0.30230275
0.15872836
0.18909632
0.22387195
0.12420452
0.2238831
0.16223638
0.082266256
0.060362957
0.17759645
0.29218042
0.47516328
0.39563343
0.3362047
0.18918712
0.27829954
0.112648025
0.1260552
0.25569582
0.18874729
0.15133919
0.15503684
0.11257735
0.11665955
0.13791725
0.21985301
0.3351106
0.14180443
0.2219568
0.22498573
0.14368568
0.29331145
0.63620126
0.7599067
0.25724056
0.13775682
0.116255015
0.3176811
0.6561377
0.7047777
0.68812406
0.19870624
0.21629551
0.1323164
0.2330408
0.4905649
0.715749
0.25474253
0.3523088
0.6777224
0.5735332
0.14886653
0.58507246
1.0388792
0.5036866
0.15202478
0.21278414
0.15748483
0.2963837
0.25040552
0.15881684
0.33257216
0.48367554
0.619869
0.2733909
0.37103796
0.5391707
0.106207274
0.04736317
0.350106
0.21894006
0.20468229
0.14403999
0.4307974
0.52929753
0.21850896
0.19432236
0.21860805
0.16931203
0.3495071
0.22279948
0.17043948
0.09165934
0.12543736
0.1916754
0.17034593
0.18474711
0.118110545
0.28881514
1.0181971
1.0320251
0.22731721
0.19919404
0.20172608
0.1530484
0.3543424
0.2509324
0.06892869
0.2499696
0.21420988
0.13457753
0.10702315
0.26058346
0.20891947
0.16806816
0.1748538
0.17789623
0.19661616
0.17546824
0.27994037
0.18057325
0.20678759
0.1374092
0.046227843
0.24748169
0.10758832
0.14200276
0.11884163
0.19409002
0.12010829
0.16570926
0.21084106
0.09849133
0.092659906
0.27786148
0.22858188
0.11839325
0.10916459
0.09396249
0.15484782
0.24085918
0.1305549
0.094155416
0.19331846
0.097157225
0.11955045
0.07429257
0.10035185
0.14296538
0.31842214
0.22404741
0.2548993
0.43993047
0.23408961
0.13120267
0.18978128
0.19029424
0.21938223
0.15114632
0.07710398
0.10994895
0.11503308
0.076119125
0.19536218
0.076993644
0.18682392
0.05592102
0.15040886
0.08547108
0.10033621
0.3032974
0.19981171
0.16424067
0.10516968
0.11795769
0.06655805
0.09901197
0.063925445
0.10110919
0.15354374
0.13402322
0.16586304
0.14301129
0.20959574
0.12909336
0.09813106
0.20686072
0.20654082
0.1646338
0.095437735
0.1246405
0.07213485
0.09780797
0.056272194
