1.245693
0.9702712
1.2704417
0.8776051
0.33922243
3.346094
0.2566077
4.091221
0.79204845
0.26463568
4.7665296
0.9190313
0.42051077
2.564767
1.2677453
1.0516051
0.6334804
1.0123056
1.021775
1.8546472
0.6761222
0.755934
1.2835941
1.2002159
1.1875982
1.0667337
1.4196086
0.2707834
0.9714776
0.54478943
3.7146728
0.2061831
4.867423
1.775328
0.51524043
0.79015726
1.556911
0.67899436
0.695951
1.5591187
1.342082
0.3843693
1.1017579
1.5437934
0.24359189
2.170127
0.6420561
0.83255154
3.6755521
0.9144564
0.78467125
1.4447007
0.8843809
1.0795525
0.9074673
0.64502275
1.3495919
0.5176393
1.4647276
0.9640119
0.7343273
1.0979952
1.1265926
0.19664893
2.8215504
0.88430166
0.44021448
3.3808026
0.47826284
1.8219199
0.91722375
0.7483539
2.511163
0.34139326
1.3134307
2.430432
0.8377614
0.98119956
0.6765133
2.5609224
0.9452932
0.54213977
2.296773
0.90345365
0.6400511
2.104858
0.5863903
1.5358298
0.75029045
1.3014889
0.35153568
4.100567
0.85903
0.61194336
1.0987276
1.8816296
1.0163655
0.48846364
1.5980234
0.7048005
0.56282496
2.7172947
0.90752757
0.3214123
4.291548
0.45523155
1.1820556
1.3298076
0.60900086
1.1260729
0.5097558
1.8648974
1.0333061
0.7762527
1.2542831
1.5249889
0.21728113
3.4971883
1.4716425
0.3594284
1.7560418
2.3127291
1.2986358
0.23690616
4.3729534
1.9392741
0.21135187
3.4047785
1.6799061
0.45080262
1.9693317
1.4692574
0.656438
1.5657878
1.327548
1.2252398
1.2436429
0.7889942
1.3043435
0.9755509
0.37889415
1.4848342
1.6992574
0.32891577
6.085913
0.46327227
0.89484173
1.7119623
0.4877066
3.120352
0.12554385
5.085245
1.3206137
0.34510267
2.4285479
1.1669478
1.3887691
0.49691504
1.4092064
1.0154542
0.68522394
2.7228255
0.9919003
0.22209813
4.8355527
0.20452505
2.4525607
0.8273462
0.20689371
5.4455395
0.40408707
1.703594
1.3317735
0.62761545
1.5891906
0.79599005
2.2256746
0.31190675
1.6418641
1.4576588
0.22585374
3.1842606
1.2398
0.48691237
2.3842752
0.84247315
0.5935961
1.0523403
