0.21235874
0.47370547
0.3274802
0.13660997
0.18843037
0.24428509
0.27202356
0.11702606
0.16420162
0.16683531
0.18886974
0.21524605
0.23519021
0.2505383
0.18323827
0.14700772
0.123302065
0.20672512
0.2559457
0.078435466
0.15541965
0.09147665
0.21953085
0.24460657
0.18920267
0.19221798
0.18724123
0.22469503
0.4002586
0.4260408
0.14361894
0.31311354
0.14241177
0.24384841
0.09376654
0.132595
0.38624135
0.5771452
0.515022
0.16105089
0.22338888
0.13561982
0.19298372
0.25426057
0.21834502
0.66616017
1.3119613
0.7328188
0.20387477
0.11618793
0.14306408
0.18523888
0.15970312
0.19975275
0.404156
0.08167793
0.8740987
1.2936019
0.20257296
0.5442948
0.6183136
0.1885524
0.26542586
0.30258697
0.16596738
0.16411847
0.3898213
0.5323396
0.21646336
0.1872607
0.27448556
0.34889954
0.1486093
0.20009372
0.58536875
1.4281132
0.6823148
0.33322793
0.20819134
0.4691329
0.20302156
0.17138353
0.36579996
0.19326946
0.23990391
0.23973638
0.3365261
0.21158308
0.18813306
0.17721595
0.47488466
0.3809778
0.18961364
0.09447034
0.33528548
0.7314781
0.28329694
0.3052141
0.15388125
0.4504212
0.1985075
0.15307853
0.22123149
0.33942434
0.37944072
0.37171462
0.17524153
0.25459206
0.35926148
0.17686942
0.28408784
0.24942788
0.18059173
0.17530987
0.17256778
0.26177925
0.1880852
0.27074465
0.25476742
0.16640429
0.38785318
0.4475154
0.54406524
0.4931197
0.34147924
0.1834692
0.12428895
0.18134126
0.22151868
0.305377
0.27869648
0.17576891
0.14354786
0.2602052
0.2573306
0.16591702
0.17086881
0.2265401
0.17807147
0.27730933
0.30091867
0.4014139
0.5395244
0.21269111
0.8974016
2.4167175
2.8915575
1.5382051
4.017732
1.4909111
3.4681334
3.4528532
12.701318
2.9556468
11.531968
10.610379
1.5276651
4.84606
16.730137
7.1409345
8.448807
3.7470448
3.5692108
3.7918727
2.9865584
2.705251
2.7110915
2.4053085
2.3995245
2.2417147
2.1315725
2.2791235
2.190361
2.1519802
2.3256989
2.1452498
2.0370317
1.8983012
2.2876322
2.121437
2.2899625
2.172575
2.126021
2.0193563
2.0062995
2.145571
2.1518812
2.1832147
