0.9207867
0.50393087
4.4784627
2.6249115
0.14578561
6.4966173
2.1471648
1.0607082
0.8667537
0.7200603
1.4283564
1.1828352
1.0330081
0.38634983
6.07061
0.92060745
0.8325768
2.7108083
1.8111763
1.4992192
1.3492184
0.6570821
1.5840564
0.4538283
3.22081
2.5010834
0.78680646
0.98779607
0.7553323
2.8189383
0.8925081
0.7954432
1.7820554
2.146471
1.128957
1.240848
0.61099684
3.1938248
1.162967
1.1366718
0.8704325
2.407869
3.057329
0.4392798
0.72088116
0.6987618
1.368191
1.6443195
1.0783417
0.8974596
0.75121963
1.1104705
0.8363444
1.3716514
0.63938713
0.4491991
0.6903043
3.3972242
1.1388091
0.6468376
2.3435857
2.3115077
0.24561791
0.95692056
1.0781702
1.2622315
0.7015598
0.64571023
1.7268804
0.9884377
1.2737651
0.5766207
6.856134
1.2441552
0.32494068
2.27774
2.4978561
2.5014985
0.3936802
0.50789624
1.5682046
2.0076442
1.297219
0.32741153
0.6299583
4.9176545
1.0614085
0.9680696
1.5618622
1.344471
0.6193091
1.0485524
1.6269717
1.7657773
1.3304896
1.0530262
0.9650929
1.0429602
1.2952291
1.6881363
2.029315
0.8425059
0.7251655
1.2382718
0.7349451
1.1069875
1.3107746
1.0475202
1.5204399
1.5465808
0.98171234
0.9074669
2.0714293
0.45186538
1.1621547
1.6670811
1.1834539
1.3261207
1.6461555
1.0219624
0.9278291
1.9226768
1.5240636
0.7752781
0.79682106
1.4404144
1.7634858
1.3645747
1.3823147
1.9262129
1.3155849
1.4831047
1.0633714
1.028769
1.2209656
1.9295547
1.4734666
0.80636674
1.0866084
2.1496208
2.355664
0.122949764
7.5644765
1.5750207
0.4368412
4.033934
1.9142722
0.8148335
0.8378805
1.1394542
1.1026783
1.2956165
1.2125323
1.7208647
0.9550791
1.101018
1.7191044
1.6012464
1.2134004
0.5053687
1.0671456
3.2411287
2.390491
0.1133073
4.7934055
2.6467535
1.2318844
0.45601755
1.0326859
1.2829902
1.8531843
1.6834193
1.5322442
0.7596071
1.1759074
1.3490324
1.5239763
2.6897323
1.297112
0.7941251
3.5521677
1.6844374
0.89373124
1.4646106
1.4221087
0.7940892
0.8901583
1.4178011
