0.12735209
0.06465115
0.21378405
0.19225071
0.19054502
0.076355055
0.14384043
0.1861616
0.06828831
0.33609998
0.4305866
0.09700546
0.26348034
0.30497295
0.22986838
0.06507978
0.18974315
0.17850456
0.093173616
0.09457629
0.09537853
0.08839897
0.12935539
0.109800465
0.11978639
0.12606582
0.102539375
0.12303893
0.35531706
0.19707681
0.1852124
0.8885193
3.416291
2.5724719
0.42742035
0.60358846
2.0248806
5.613011
1.5978291
3.0856853
1.9043355
1.2508428
0.6052811
0.5285738
0.5923063
0.42589644
0.3746234
0.64947677
0.95117503
1.1832045
1.3342559
1.3730643
0.3658233
1.2471998
4.2962527
1.165675
0.9010156
0.70741504
0.7620332
0.8004937
0.6790036
0.2777325
0.6745367
0.84490204
0.4981473
0.4191954
0.7298114
1.7861729
1.0051144
0.39106393
0.8580121
0.7736727
0.25909418
0.40782082
0.48268595
0.42006457
0.6116029
0.8958458
0.37089232
0.976689
1.7760893
0.7341032
0.29160154
0.5538187
0.9185924
1.0319248
0.52179503
0.33604467
0.69506764
0.24456507
0.9504098
1.2044052
0.35975716
0.3534053
0.6321562
0.7018008
0.557956
0.380468
0.20795038
0.20472077
0.22651277
0.35799497
0.32130665
0.54609203
0.5432139
0.20964663
0.3930596
0.43366325
0.23004195
0.4261711
0.6038254
0.40649888
0.17689052
0.22918858
0.2080312
0.3306302
0.1804984
0.21488298
0.26943475
0.43516085
0.31462586
0.15421265
0.41498765
0.34108877
0.26556775
0.17450845
0.25608528
0.20497364
0.34461108
0.1905371
0.28661212
0.26576024
0.20600861
0.2535126
0.38483185
0.23635462
0.20761392
0.36442897
0.32541484
0.14488004
0.08789907
0.11573012
0.2620863
0.15353628
0.25554967
0.40009487
0.29720762
0.35204
0.43505058
0.28652284
0.24831024
0.17525178
0.104896754
0.23604283
0.20528312
0.14162074
0.12719001
0.13295577
0.1874332
0.18257408
0.23266092
0.24986012
0.16213508
0.17722118
0.51309294
0.2894545
0.25703633
0.17163399
0.34027472
0.12517154
0.16015941
0.22729777
0.28274184
0.16543555
0.30938047
0.30523
0.15091786
0.20284532
0.14365983
0.16527921
0.12496781
0.14181107
0.28290606
0.40221804
0.40643555
0.2072521
0.1942487
0.23869729
