2.199121
1.5029407
8.20123
6.4321656
0.473214
0.52060485
9.616425
5.98542
3.123428
1.6956553
2.6994255
3.3522117
2.7640529
1.9549555
1.7251159
2.1852179
0.32546782
12.375874
4.7146387
0.816328
0.46466509
7.416026
6.0242167
4.340934
0.5727618
0.43956354
3.450389
2.0964732
2.3829913
1.5127559
0.61006343
0.74405015
1.8282025
2.8164577
0.9747671
0.8031878
3.2421203
3.619923
1.6017859
1.615278
1.192606
1.7251711
1.3131037
1.5093538
0.63715726
0.5270179
1.422668
2.06031
1.4539652
1.711418
1.029679
1.0855603
1.3636696
1.186039
1.6507685
1.1711104
0.5806278
0.75360113
4.059306
2.895925
0.5903271
3.9965801
2.516804
2.001277
2.05027
0.7201555
5.168828
5.7337346
0.2505778
8.715719
3.5537903
1.611003
0.7709662
2.8916411
2.8215342
0.9613315
1.64626
2.156613
4.189964
1.3438747
1.3242419
2.1462603
2.664142
1.4650347
0.29717952
3.6182952
2.4876788
1.2087965
1.6983701
1.2993011
1.413089
1.5809078
1.099277
2.1992514
1.8440515
1.3161972
1.5207105
1.1555915
2.075461
0.9195314
0.79287386
1.3807404
1.8544359
1.0956895
0.7002971
5.056154
2.528059
0.44455504
3.7830038
2.9949622
3.5490704
2.4772854
0.9654506
1.2014177
1.8250918
1.7992982
0.82150155
1.669894
1.5002553
5.1063356
1.4155836
0.67077386
9.761444
0.352141
7.0345764
3.145196
1.4716266
0.6889643
3.6075315
2.329709
2.1520648
1.6137474
1.6179076
1.5332468
4.493328
2.4648438
0.22776696
7.221857
4.3605947
3.204063
2.10726
2.0503602
1.4010313
1.278848
0.8328937
2.354794
2.074707
2.573405
1.1592925
0.73445886
1.5781997
1.9154987
1.3724499
1.3258115
0.7742362
5.42968
3.591445
0.90542114
1.0173402
1.4777757
2.0964365
2.4865007
1.7837105
1.7755721
1.5066772
2.8270595
2.7500334
2.4784741
1.0335672
0.42940328
7.5528626
4.11648
1.653071
1.0159342
2.1700068
2.7224004
2.9321659
2.307054
1.3627765
1.2068213
4.6414185
1.8621962
2.8185716
1.608552
1.4002802
2.821033
1.2954068
2.2711277
