1.411868
1.2488077
0.8516663
2.5598054
1.2681019
1.2749196
1.2356575
1.7207417
1.715693
1.5038147
1.0831336
2.5169032
2.1333852
0.3521997
2.382256
2.9556174
2.6916738
0.17035139
6.858318
1.5708658
0.5334172
2.9122725
1.811943
1.1637464
0.75471056
1.2303526
1.9725237
1.3832016
0.6377663
1.0408418
2.4220867
1.5744803
0.63535005
1.7410867
2.1731207
1.2344775
0.88602793
0.8896433
0.664556
1.392989
1.3356117
1.1121062
1.5066402
1.2650294
1.4948118
0.932477
1.9108813
2.056182
0.9329798
1.6403584
1.6931909
1.075628
1.0676887
1.3224449
1.7811084
1.0229847
0.84101045
1.3825806
1.9682559
1.1176472
1.1147165
1.1375716
2.8054876
2.072737
1.0140898
0.9871602
4.0285363
1.5990815
0.7412542
0.48670375
4.6532907
1.0112503
0.89975786
1.5967059
1.6536596
1.7872925
0.27275544
4.8969736
2.127062
0.90530396
0.6193747
0.86459
5.7224064
2.3907855
0.2583982
3.313416
2.62251
1.3671564
0.97763646
1.2193108
1.7908155
1.9840133
1.0890543
0.8183942
0.90315795
3.0323548
2.0124836
2.091741
0.54427856
0.9701125
2.638844
2.2799835
1.0724587
0.6735976
1.5372641
2.6128213
1.4845821
0.77148426
1.4668988
1.8212748
1.8740797
1.290387
1.2945747
0.9346843
1.6454601
2.6023974
2.2985408
1.2323107
0.81979704
2.233223
2.1334405
0.7912159
0.9295008
2.4499912
1.9962355
0.6979968
1.092574
1.674149
2.053197
2.0646038
0.23210236
1.1297596
4.4914207
1.9421731
0.4721788
2.684063
1.7436259
1.1563735
1.0887318
1.6587627
1.7505558
1.1405598
1.3402354
1.7194012
1.6853724
2.9532304
1.6201179
0.6227697
1.7826929
5.264259
0.6549335
1.0661776
1.6954882
1.5331819
0.89289296
1.8603554
1.4738016
1.5713782
1.4042151
1.1239597
1.9354004
1.3707526
1.33932
2.5009124
1.4933233
0.86414266
0.69984394
5.0716963
1.4291792
1.1316284
1.1540785
1.6461526
1.2585396
0.86671525
1.7340548
1.5608915
1.2888327
1.1121644
1.719768
2.0807836
0.8537042
1.0763903
1.5413179
1.5696039
1.610286
1.6601273
1.1257415
1.5885475
