0.72223485
1.0771194
0.8605264
0.86986005
0.899974
0.99995965
0.8667067
0.8761505
0.8658154
0.9826555
0.89971864
0.98702294
0.7370152
1.1603148
0.7530197
1.036365
1.0061239
0.79560816
1.0769757
0.8974967
0.694252
1.2800328
0.7885239
0.7257389
1.1183887
0.95491314
0.7068417
0.914834
0.937869
1.0027878
0.5976269
1.46975
0.7860712
0.72258997
0.92976606
0.8918584
0.7437071
0.8497714
0.9772161
1.0786586
0.6747271
0.9897388
1.000554
0.80309206
1.2073803
0.7815608
0.77327585
0.83542335
1.218163
0.72758925
0.8042727
0.9456823
0.937885
0.9213652
0.6995245
1.3359426
0.71992993
0.8527775
0.99664617
0.914541
0.93472403
0.74601513
1.0611887
0.7875999
0.8107637
0.9235954
1.0639734
0.6420579
1.1543007
0.67606723
1.285474
0.7175651
1.1242573
0.69145703
0.96952486
0.85404515
0.60929626
1.3207278
0.70230865
0.89153683
1.0460083
0.6239278
1.2455118
0.75248235
0.7739598
0.88120306
0.9740437
0.8561473
0.9770348
0.6893593
1.1554433
0.7286864
0.7484276
1.366842
0.6695797
0.93570644
1.0899649
0.90826476
0.92294
1.038931
0.75036365
0.77086794
1.0846798
0.7795928
1.0649456
0.8861724
0.7576964
0.9770486
0.9392451
0.5843388
1.6652149
0.6705699
0.75092256
1.0304313
0.86922204
0.91721624
0.7956698
0.9522096
0.9149006
0.69018114
1.3025476
0.7441802
0.89330137
0.9810318
0.6908706
0.8358146
1.0265057
0.63623714
1.2539243
0.737805
0.7853209
1.208345
0.67351913
0.7500055
1.1928153
0.7700825
0.82074684
0.8711107
0.9232437
0.92664546
0.68922746
0.6847557
1.4513853
0.71494174
0.92888033
0.7618643
0.9716754
0.79985404
0.840773
1.3520644
0.5272459
1.0443759
1.1198083
0.5666878
1.1965206
0.8831566
0.6988683
1.2190342
0.8449265
0.9815352
0.9348906
0.7315185
0.895055
0.7440134
0.9072527
0.86447155
0.904822
0.7095876
0.92842054
1.0618311
0.87712336
0.81272197
0.7576352
1.4136177
0.6381938
0.86153555
0.7988394
1.022135
0.7501732
1.2582664
0.618547
1.1732035
0.6639149
1.0260384
0.89725935
0.7960348
0.8573352
0.8665323
