2.9901
1.6447799
1.5881604
1.0268298
1.0824189
2.0666091
2.6276412
1.6767472
1.8338064
2.233191
2.5144424
1.2739868
2.189107
2.2275758
1.3791063
1.1811683
2.6012483
2.8342006
1.9593666
2.2753923
1.9642688
2.239335
1.2094684
13.555754
0.10003651
21.748966
0.628155
17.799562
3.9490774
1.8006123
5.8805504
2.7559218
4.432014
3.0321465
2.3602545
4.8772097
0.69663
6.741399
2.6693225
0.8396652
4.275264
2.5991201
0.8829194
3.7667043
1.5838453
1.4533584
3.8055468
0.61741304
3.7169166
2.4490273
1.8355858
0.8038366
6.430335
1.3635428
1.4681177
3.9686809
1.9103696
1.0938089
3.8021374
0.70658493
4.969596
1.3254384
4.0804005
0.58372724
4.75421
2.2272425
1.298553
6.3776083
0.19219178
8.213963
1.5626544
0.69828284
6.2564816
1.0485961
1.2316006
4.125025
0.9182061
0.8314877
4.2443695
0.8575331
0.9257504
4.3861237
0.50059587
4.208622
1.3327787
0.7986404
0.70053566
10.915945
0.8801919
1.150486
4.864444
0.3797473
3.3650227
1.3417718
2.2625885
0.5553722
1.5198084
3.6055956
0.5253465
4.486801
0.2137813
7.061532
1.2470188
0.6383709
2.9938476
0.7623054
2.0260623
1.2017329
0.82269526
4.6045427
0.32175812
5.831758
0.69520235
1.0180026
1.6105199
1.9617019
0.2877147
3.727613
1.7564902
0.1613302
5.2145457
2.5375447
0.60745263
3.2396295
0.43346658
2.608006
1.6405756
1.038172
0.23438469
2.2234116
2.09514
0.55707586
0.73914915
1.0095867
1.0142964
0.76226616
0.7845777
1.2873573
0.83573246
0.5981367
1.3051214
0.3110376
3.671342
0.21649453
0.61121804
5.0551295
0.19628105
0.6563574
4.0100536
0.76908195
0.56623185
7.923353
1.0457858
0.80423975
2.007927
0.9049945
0.6283138
1.3848654
0.9438716
0.49977404
1.3352998
1.7674563
0.536036
0.9452986
1.2859129
0.22285837
2.818198
0.36097586
0.782405
6.102972
0.88995916
0.2884473
3.4441419
1.6703477
0.21755588
0.8311733
2.6691926
0.85117763
0.96795094
1.1357902
1.7024623
0.4772584
4.393401
0.6472095
1.2105601
1.330358
1.3631821
0.4381761
