1.2741307
0.9371742
0.70310915
0.79900175
0.53797996
0.6781461
0.81076604
0.9949843
0.73539686
0.8118845
0.83461756
0.88358265
0.5519626
0.8002297
1.193438
1.1556972
0.9378429
0.762957
1.0843483
1.127758
0.79284036
0.65911674
0.8012382
0.6293395
0.9575132
1.3516976
0.85585845
0.7910408
1.0478997
0.77430904
0.80750275
1.4583702
1.3672078
1.1454182
0.9245147
1.0053685
0.90254474
1.1763066
0.8841878
0.9224738
0.99939704
0.67235404
0.86657035
1.2696347
1.032862
0.8110386
0.8022716
0.966962
0.925495
0.8012441
0.8162354
0.571643
0.77898204
0.9016373
1.0390937
1.0257722
0.80459756
0.6395492
0.8670357
1.248052
1.0171413
1.0926977
1.2851951
1.1463078
0.6785583
1.196811
1.2543981
0.70270383
0.9949235
1.1411208
1.1031787
0.89485776
0.9565712
0.6496253
0.6477798
0.63879687
0.69028467
0.8675381
0.7713685
0.84007263
1.1120385
0.9953618
0.822471
1.4600402
1.2074254
0.8797083
0.8258085
0.791811
0.6991686
0.8670554
0.92952085
1.0353813
0.7245777
0.67833287
1.0565393
1.0376806
0.77949476
0.9720365
1.7723624
0.9201749
1.0954742
0.9106891
0.77805275
0.82927746
1.0090362
0.6553856
0.9892217
0.81954616
0.97090614
0.9290627
1.0128269
0.5893791
0.92414653
0.89797926
0.9234859
0.6335824
0.71086514
0.8935102
0.7679584
0.9684658
1.074977
1.0483716
0.8236567
0.6126606
0.6469774
0.9425324
1.0104926
0.9187515
0.6407771
0.9599644
0.5695258
1.0743548
0.92565227
0.7035819
1.3290099
0.9940473
0.8096247
0.69625074
0.98727846
0.70180345
0.85350204
0.8141357
0.6969893
1.0611601
0.7061128
0.8435043
0.9251904
1.2676386
0.9200274
0.80617356
0.8817387
0.99922734
1.3296518
0.7733376
1.0686742
0.63873774
0.59046996
0.7643635
0.77964985
0.8332647
0.6599716
0.7335198
1.0406015
2.0561209
2.898664
1.6723807
1.2662466
1.2024548
0.7661669
1.0025672
0.97532046
0.9810366
1.0206901
0.7480194
1.0129247
0.6999115
0.9503477
1.1651366
1.0358164
0.84209996
0.7084045
0.9132988
0.8609195
1.3328813
1.0341306
0.8421418
0.8307065
0.7576545
0.77993447
0.80283797
0.8141516
0.6029865
0.89638007
1.2751858
0.8293823
0.62031543
0.7116735
0.5965948
0.636911
0.7964578
0.46699548
0.85014653
0.9923584
0.87538934
0.60393935
0.9302042
1.3262002
1.0343305
0.71579486
1.0610456
0.5438682
0.9929674
1.054565
0.6683183
0.574417
0.69338995
1.0472414
0.7796747
0.7040468
0.84255874
0.59482086
0.6686384
1.094662
0.886625
0.8826313
0.78457606
0.7541511
0.63457406
0.92356277
1.1071414
0.9351161
0.8457535
0.7246022
0.7375803
0.98666584
1.0078716
0.9104178
0.93942153
0.7162293
0.6007103
0.86240554
1.1718013
0.90998447
0.6544318
0.9342964
0.9034596
0.81046766
0.9403278
0.8688035
1.0930904
0.96266776
1.0784338
0.7733283
0.7461601
0.72323847
0.6208348
0.9819931
1.0206131
0.6771517
0.71127
0.7124518
0.8636676
0.61237293
0.69989324
0.7256601
0.82894003
0.7792752
0.8176899
0.9579206
1.03756
0.8359736
0.6414206
0.79249233
1.2105832
0.5916683
0.8846847
0.966061
0.7282666
0.65291774
1.3324503
1.3101617
0.5122214
1.1454291
1.1681906
0.81297654
0.5834913
0.96763766
0.5397583
0.95762944
0.66659886
0.71865773
0.6411233
0.70116085
0.7039994
0.8790983
1.1354644
0.8074521
0.73253095
0.9460604
1.0471926
1.2637157
1.7485502
0.8561252
0.6558757
0.67000365
0.7091263
0.9243725
0.5263763
0.80411977
0.826555
0.5726386
0.7947973
0.84493166
1.0052309
1.4424845
1.5110366
0.99390465
0.8325087
0.80718917
0.64668036
0.66528964
0.60279936
0.7350402
0.81234825
0.8457294
1.2823442
0.9899292
1.1171432
0.96830034
0.5901542
0.9010616
1.4295754
0.6784448
0.63088906
1.142422
0.7848084
0.67340636
0.8157981
0.80462325
0.80197203
0.863697
0.559487
0.80079997
0.61391234
0.9105941
0.9415808
0.6964774
0.90997785
0.5283891
1.0106323
0.98925245
0.8060627
0.7480364
0.8996179
1.6194899
1.1034253
0.6808783
1.1307148
0.91693366
0.7853924
0.78660166
0.73118985
0.8005282
0.8620015
0.6315785
0.7865771
0.7595066
1.8196679
1.3658485
0.69860005
0.6135538
0.74472797
1.0068531
0.9265839
0.6650727
