1.4946132
0.4976667
8.12982
0.11549599
9.34557
0.12945215
14.811382
1.3118474
0.12631111
7.954415
1.1979829
0.32032916
4.8061924
0.39162326
2.7204678
0.2688478
4.8811016
0.36192954
1.2718614
3.1485372
0.3607353
2.4757774
0.8323548
0.7387345
1.4252398
2.9658513
0.41953683
1.8110969
1.131439
2.0117416
0.45823738
1.7129092
0.2928348
5.995718
0.67890346
0.8109729
1.3485913
2.09547
0.42733324
2.0850215
1.5333844
0.52841455
1.9618833
0.5849307
0.41205826
3.0845847
0.61647654
0.994748
0.9419621
1.8921342
0.35073897
1.6671097
1.094383
0.62014794
0.56432486
4.1876764
0.650439
1.2874696
1.3372355
0.49330285
1.0359643
0.6772522
1.7350118
0.38858745
1.7408634
0.6061441
0.988188
2.315465
0.8746723
1.2107999
0.26396227
2.1270137
0.65313196
1.6039838
1.5940669
0.31833366
0.92194676
0.4784859
1.8376634
0.5477457
1.085638
0.6324407
2.4416695
0.8349041
0.79672754
0.65226585
1.6217573
0.95028365
0.28989452
2.6540558
0.9510063
0.4997123
3.6238256
0.8026214
0.59584254
0.82438767
0.89769757
0.75703037
1.565678
0.734563
0.9672185
1.0767128
0.48821044
5.2011576
0.13895372
3.919133
0.5272281
0.6496103
3.7527099
0.4682798
1.6353774
1.2099832
0.58507204
0.90951324
1.2262526
0.9462001
0.7778047
1.6836879
1.1729655
0.5941087
1.2697995
0.9911584
0.48134395
1.3249058
1.3897375
1.4401207
0.38440895
1.8885341
0.781023
0.26868418
2.5016663
1.2616057
0.25826707
1.7474408
2.2194169
0.96479666
0.6440945
0.5031246
2.7292929
1.3383515
0.41479832
1.2586591
1.3304632
1.116566
0.59120226
1.2109542
0.7771773
1.1719284
0.3864141
3.2244122
0.7762752
1.7527242
1.488882
1.0592443
0.89979947
0.85692304
1.4783629
0.67789555
0.8326585
0.93099344
1.1329505
1.2236985
1.125828
0.81132233
0.3795728
2.6593044
0.9420514
0.34593296
2.3322167
2.0422015
1.248987
0.23154041
1.3728466
1.5514467
0.7076941
0.9538405
0.76476705
3.5182056
1.1842985
0.52554
0.84732056
1.2623299
1.3341372
1.068388
0.94575
0.63016325
1.0334551
1.2121515
