1.3552332
1.3445567
2.9972162
0.2911458
3.62072
2.8208234
2.5575566
0.75261736
0.71590745
1.3935802
1.4784911
1.0483359
0.82663405
1.9591564
1.9339124
1.2559638
0.8650296
0.8201276
1.644921
1.0213647
0.6097101
1.7483146
2.3999896
1.7236649
0.80820525
0.6444337
3.082637
2.4660993
1.8581884
0.70015264
1.4450792
2.1972256
2.2435844
0.49012762
1.0124923
1.5660348
1.295085
1.4688642
1.0503688
1.8598287
0.9513804
1.2762864
1.834286
0.71475077
2.0863247
1.8077383
0.9866405
0.8347975
0.6523803
4.0747805
3.1564345
2.6544404
0.98908913
1.246238
1.5945014
2.0989676
1.3256605
0.14416382
13.455736
0.2890683
2.3576703
1.2427359
0.24998258
6.058202
3.40753
0.058222506
11.273413
0.23074304
14.775848
0.45358637
1.5226501
2.1821463
5.9440045
0.08575559
11.521974
0.52769953
9.194032
0.7420335
1.1204131
5.620185
0.22245646
6.5926685
2.7246306
0.54489005
4.4337444
0.48416272
4.511197
0.9748275
1.140799
2.9430368
2.9824247
0.17069663
4.272554
2.4914765
0.16892916
5.275389
1.8263464
0.43889752
5.3570414
1.7228147
0.2137407
6.008724
3.8940594
1.0147415
1.9284061
3.3988843
0.4862764
1.6750846
1.4910228
1.5907507
0.9799914
0.94780254
0.87613046
0.72513163
3.6021204
1.3685479
0.7170521
0.9641457
1.6367419
1.4078526
3.3745537
0.5310997
0.60689235
0.6301125
1.7235856
2.9655328
0.115748934
8.2703495
2.2297354
1.0546249
1.0335433
5.5879555
1.1787934
0.65620226
3.087732
1.5125015
0.5400187
2.4243124
0.5116453
1.83498
2.4605112
1.7601259
1.3993802
0.8624218
1.3654857
1.6204396
0.58201796
2.5654123
1.1061822
0.86697894
0.6329511
3.0695298
0.42387718
1.4131726
1.6298674
0.5577125
1.8957558
1.9020697
1.0915289
0.9092845
1.6439406
1.0506346
1.2924029
0.988457
2.4687173
0.1929028
3.5436375
1.2536806
0.88844526
1.4797728
1.2087437
1.1792164
1.589407
1.0083575
1.3781213
1.6030087
0.7373477
0.65779704
1.3788931
0.3987059
1.5494955
2.3683772
0.7680394
0.8602582
1.0511142
3.4623647
1.8153509
0.7787947
