0.06748299
0.17888951
0.26055643
0.19649513
0.23883446
0.35949916
0.7307177
2.0038927
3.1211736
0.37454885
0.19384524
0.41982153
1.2233086
1.2847068
0.66563296
0.61388594
0.25030223
0.5188799
0.39303792
0.16013467
0.7051345
0.59749013
0.4762699
0.18879297
0.42000896
0.44946918
0.14467707
0.25451455
0.27313378
0.21357736
0.46013737
1.0064695
0.7501392
0.701665
0.4122821
0.21432725
0.24029566
0.44619587
0.7205989
0.56056255
0.16150793
0.5264516
0.85511017
0.6419963
0.24761832
0.34969237
0.3825632
0.35971856
0.29029888
0.26480848
0.1637544
0.3190935
0.31146884
0.19502251
0.33939034
0.42061597
0.41371623
0.4375245
0.17277834
0.34438983
0.3384005
0.4185201
0.35564312
0.46175978
0.3069713
0.11383754
0.32098278
0.33569276
0.113944575
0.27461922
0.40660667
0.19201237
0.108093485
0.12125519
0.1893352
0.20061415
0.12812585
0.35588336
0.42679578
0.124251336
0.21744594
0.3745291
0.16738118
0.17592913
0.2635805
0.1788877
0.13328826
0.17988802
0.3190664
0.2180239
0.13311836
0.23661932
0.1494231
0.22926578
0.19722754
0.17393835
0.17024891
0.28508765
0.48272994
0.24102186
0.30599675
0.3762975
0.16978495
0.20696723
0.11960629
0.19756669
0.17553039
0.15269943
0.13831763
0.15296808
0.32261178
0.17038366
0.068070054
0.49144584
1.0035161
0.40623295
0.21698382
0.28781587
0.14743724
0.13646263
0.15240356
0.20593125
0.58849436
0.84717107
0.1679729
0.390659
0.37571996
0.17815416
0.24400607
0.31698012
0.13477542
0.3106449
0.23239216
0.26278275
0.21736693
0.13556337
0.21724652
0.23226471
0.34712896
0.3634838
0.26325384
0.119246505
0.21725717
0.14146228
0.09714971
0.19881636
0.16997172
0.20799343
0.12199278
0.14820278
0.18788445
0.1713863
0.14028855
0.17491679
0.21879102
0.1575201
0.1433743
0.09464687
0.07815075
0.11818055
0.31780317
0.3481661
0.24263015
0.22099088
0.3549715
0.12391441
0.26345706
0.103466496
0.19705981
0.092321336
0.04937917
0.22665727
0.20971021
0.15606675
0.17115623
0.12466229
0.22625574
0.3471362
0.14249294
0.11027142
0.11042405
0.1484985
0.11789383
0.10623845
0.08442765
0.118409336
0.11069338
0.07072443
