0.10976951
0.25794813
0.36870325
0.31423151
0.109506086
0.37059325
0.5234635
0.15782668
0.17065473
0.097651914
0.3827284
0.20722307
0.24743126
0.12785761
0.14801279
0.16292542
0.2510925
0.3854195
0.5195089
0.3448394
0.14158458
0.14660466
0.2424335
0.10033117
0.19817525
0.11216648
0.65948176
0.5910671
0.12219864
0.78602386
1.0648519
0.54218936
0.3544284
0.15191698
0.2638446
0.15797096
0.22251676
0.42061397
0.13179585
0.2624769
0.16616796
0.07456787
0.28448403
0.18045047
0.18697591
0.12637097
0.2704954
0.23889191
0.16955104
0.24190632
0.17615303
0.121679
0.051313266
0.16508156
0.15004846
0.115216866
0.12406477
0.1625229
0.29345247
0.13894072
0.17006001
0.21001078
0.32171676
0.06288045
0.21485032
0.11060545
0.12054279
0.16618675
0.16926205
0.10992217
0.11653171
0.11017111
0.12527968
0.10277425
0.10548054
0.09642867
0.122591525
0.23542525
0.06378135
0.13963778
0.34364846
0.13294992
0.24041441
0.12661763
0.1426613
0.13687642
0.19031648
0.16051899
0.17383224
0.08119009
0.08380149
0.14775205
0.17758805
0.19430852
0.621742
0.668222
0.060332887
0.20858979
0.24627367
0.39051813
0.21165816
0.12003008
0.12993856
0.2538141
0.17114459
0.06488513
0.11046847
0.07941006
0.14307885
0.14910835
0.3343127
0.17314528
0.12896997
0.122499235
0.09532006
0.14986512
0.22422038
0.21787393
0.1266592
0.16580176
0.104421675
0.05521582
0.06908168
0.13008352
0.15733497
0.12770087
0.10297552
0.1654056
0.16348928
0.18676186
0.12527327
0.106954865
0.1919713
0.09930199
0.1713394
0.2002182
0.08766178
0.16426544
0.22612521
0.10389312
0.06874605
0.20763777
0.2739162
0.22673929
0.12907824
0.12115102
0.07605941
0.08138928
0.0575978
0.089095525
0.07565876
0.10246764
0.05937859
0.19740058
0.09192331
0.28431606
0.14158446
0.12936664
0.05297894
0.29699224
0.158168
0.16010734
0.067993656
0.099969655
0.09020995
0.10725382
0.14262089
0.06797018
0.10258879
0.17120977
0.082329646
0.06605554
0.040018883
0.14018922
0.21028498
0.17412634
0.12821119
0.059842877
0.3278621
0.29496822
0.118409134
0.17655802
0.1788423
0.08981459
0.14630131
0.15007137
0.1656918
0.07602655
