1.5494258
0.53005254
1.2204489
1.0628749
0.92500335
0.35154444
5.97612
0.46303532
1.6753738
0.55697405
1.6556553
0.9165277
0.6636313
1.6215656
1.2106115
0.90103436
0.59658295
2.4100478
1.1546557
0.78377545
0.8768247
0.9361969
2.1152782
0.32879275
2.0598154
1.5057482
1.2714428
0.5407897
1.105342
0.6842089
0.98376346
1.1628609
1.4937904
1.2035351
0.24668887
6.2277594
0.2642277
1.2672315
1.4763197
0.53979254
1.6861188
1.3251901
0.2506954
1.1556368
2.0976548
0.4416849
1.0968022
0.30044875
4.0717688
1.1666572
0.5112979
1.6855645
1.5715389
0.7108551
0.76433426
0.77735126
1.2254924
0.9312686
0.93203527
0.9441799
0.40666378
1.3771987
1.412141
0.59168327
1.4915831
1.2872387
0.52676576
2.230048
0.2914876
1.9063478
0.89748394
1.0185398
1.2134924
0.8866672
1.8029066
0.24449182
2.7380013
0.20378125
2.9512734
0.5052072
1.0719315
1.622745
1.6479859
0.4753005
1.6906538
2.4260876
0.27961892
1.9245291
1.0121291
0.46319816
2.1204016
0.9654282
0.7395024
0.68867123
1.0694196
1.227013
1.1007866
0.58897555
1.3408616
1.148874
0.57900727
1.8241599
1.0138838
1.27447
0.85619974
1.1191437
1.7023216
0.3129058
1.7191496
1.5584202
0.28918037
3.4068162
0.25351262
2.8443253
0.68967295
0.9181615
1.8187864
0.8501909
0.4363975
3.136517
1.2860291
0.3875875
4.6532493
0.28574535
0.56784415
3.2135954
0.4009207
1.5260214
0.968956
0.7637084
1.113102
1.4901135
0.3365063
1.5114914
1.0198611
0.90433574
0.7653496
1.2860594
0.8905331
0.82882535
0.82215106
1.4370883
0.48030025
2.1277356
1.1170588
0.4040689
3.0117815
1.1301863
0.41956192
4.6596694
0.5595535
0.88983154
2.7852936
0.55891865
0.9977379
1.2696297
0.8470171
0.7689916
1.4409156
0.48568413
2.4311283
0.57754016
0.79499143
1.2436032
0.9690687
0.270205
4.364417
0.95606303
0.6486998
2.3870895
1.4321015
0.3026836
2.60108
0.66156775
0.9399903
1.6540033
0.489916
0.9188708
1.9885302
0.21327429
4.3055162
0.48896614
1.5515702
1.9098394
0.23890468
2.288849
1.4916892
0.4249546
