1.0780675
1.2733573
1.3870311
1.4146125
1.5447625
2.0207949
1.9708048
1.4910566
1.5626047
1.3679564
1.4706583
1.280906
1.2326925
1.170568
1.3247977
1.4126568
1.2973144
1.3335946
1.1649004
1.0556762
1.231101
1.2154355
1.1832967
1.2458583
1.3193393
1.3667548
1.0696406
1.2009972
1.467946
1.3611007
1.3546493
1.4921539
1.5670077
1.4085829
1.1055527
1.1921117
1.5678196
1.5280243
1.408062
1.2074775
1.29372
1.3380787
1.0238674
1.2857271
1.3350044
1.1437558
1.2729
1.337911
1.1572572
1.1540861
1.1110289
1.0888898
1.1471169
1.1701849
1.6476581
1.770959
1.4833224
1.3284792
1.0383806
1.2605913
1.2791176
1.1838673
1.128936
1.3145633
1.5387962
1.2994554
1.2391396
1.2713737
1.2632817
1.3244665
1.4792606
1.6605619
1.1565844
1.3044221
1.0926453
1.3464878
1.2039742
1.2189903
1.0800138
0.99965215
1.1057949
1.1844854
1.0861568
1.2106979
1.2321725
1.3873284
1.4307688
1.3403767
1.1997936
1.4002143
1.568722
1.4329484
1.3325251
1.175569
1.0587418
1.0268493
1.1826658
1.1262426
1.1016546
1.3792348
1.6114651
1.39633
1.1889713
1.3123369
1.448652
1.4668524
1.3598181
1.2424128
1.1821125
1.1686182
1.2387524
1.255339
1.0958043
1.1822788
1.1607245
1.2273824
1.1298282
1.3074924
1.3015538
1.3382708
1.3578348
1.4762113
1.6013649
1.3707881
1.4901514
1.2190111
1.2144203
0.9939611
1.3118463
1.2430451
1.4074662
1.2609482
1.2978647
1.4001813
1.0381079
1.4191455
1.1615862
1.2404242
0.9804338
1.2613262
1.39551
1.5385103
2.0817573
1.4066882
1.1111717
1.2986554
1.029012
1.2746239
1.1842548
1.2164118
1.4002068
1.732904
1.4000169
1.2996236
1.187324
1.3934333
1.2229409
1.2155361
1.4581307
1.5444268
1.2008951
1.2097268
1.18032
1.2774506
1.2870128
1.2164266
1.3143883
1.4207273
1.6929613
1.4091653
1.2341921
1.249711
1.2751
1.3318458
1.2357733
1.3123381
1.1574074
1.1316557
1.0360689
1.1470556
1.1031574
1.2558925
1.6055872
1.6199708
1.0649195
1.1682434
1.2039866
1.0892656
