2.1958618
1.2158791
1.4469154
1.1682944
0.90041137
1.2311466
1.7095824
1.3883488
1.3552332
0.23064744
1.7509878
2.1640544
1.8483891
1.6937327
1.1115794
1.0824358
2.1505826
3.8075624
1.4298193
0.92792225
0.879147
4.689172
1.1378899
0.7555672
1.8594943
1.8364506
1.1409593
7.333214
1.1092191
1.0542697
7.1367736
5.3356905
2.4313698
1.7514964
0.49826258
2.7591007
2.40167
1.9052076
1.4096653
0.5527817
2.4946108
1.7874044
0.65450084
1.6620696
1.8694767
0.5202267
0.96879363
3.204997
1.9524865
1.0203584
1.3789012
1.2911849
1.4859735
1.3664839
1.5493326
1.4967564
1.0442193
2.0523238
1.8024461
0.7334539
0.7189356
12.245926
0.7898605
6.071964
1.8936954
1.244703
1.7151496
4.6535826
0.4148392
2.705256
2.9591804
2.085207
1.4272499
1.586407
1.4576855
1.8241696
1.1871418
1.1324356
2.4800713
1.2962122
1.5337518
2.711253
1.5129995
1.0469433
2.5395992
1.7724359
1.0291342
1.298169
1.310395
1.6578616
2.159991
0.939205
2.76887
2.320209
1.2788787
0.8207876
2.0944722
2.1474118
0.68645424
1.504469
5.8808174
1.7149177
0.3838334
4.8547177
4.0450144
2.102005
2.686188
1.1006532
1.461976
1.8342673
2.3030648
1.300703
2.066966
2.1261954
0.6536844
3.0533433
3.160799
2.0529273
1.2324306
1.1365268
3.9679239
2.7578022
1.9413216
0.68095595
1.1276507
1.7969447
1.3737727
1.6433452
1.8775445
1.5838369
2.0256648
0.81819576
1.5157404
4.167938
3.150877
2.4260943
0.31897175
6.1142707
3.9222498
3.1811
1.4438109
1.3635825
2.449867
1.7479795
2.507491
2.3952441
2.1773717
1.7897685
1.5382766
2.0616775
1.7531047
2.7012877
2.9162161
1.7736447
1.0366757
1.3710485
1.712767
1.7219254
1.6325421
2.0763988
0.93692553
2.0657227
2.7327998
0.7500491
1.1323812
6.190293
5.0651846
3.5511174
0.45963174
0.55953705
16.35091
0.6234937
0.21857028
13.371571
0.03869438
17.755627
0.5687467
13.867167
1.1523399
0.9123275
7.680375
2.7373066
0.33189535
5.9804416
4.0675435
0.5883825
2.542154
2.3755887
