1.2015281
0.8891747
1.3497258
1.0258789
1.0483406
1.2455847
1.0191703
1.2603152
1.0243158
1.1444111
1.0932558
1.0593934
1.1054995
1.0646175
1.0430007
1.0947306
0.9663393
1.2967323
0.95799184
1.2072414
0.9468621
1.2242806
0.9850259
1.2051522
1.0269494
1.0847425
1.1746733
1.0754495
1.0891527
1.0263679
1.2301381
1.0126016
1.1883873
1.1077452
1.1195959
1.1103153
1.0025593
1.2807064
0.99430645
1.1028136
1.1118277
1.1120895
1.2177384
1.1454076
1.0297499
1.1909462
1.0808794
1.0971003
1.1542306
1.1695508
1.0246323
1.2084162
0.92891335
1.0981022
1.13513
1.1441894
1.1276171
1.163864
1.065356
1.0668999
1.0356243
1.2201529
1.1486223
1.0817637
1.1330111
1.114388
1.0096383
1.1697257
1.0154979
0.9525539
1.1614587
1.0444645
1.0758946
1.0651681
1.0504862
1.1911633
1.0160652
1.1448523
1.1712011
1.1934509
1.0085483
1.1767917
1.020843
1.1802521
1.1157522
1.0871006
1.1541312
1.0734715
1.035286
1.1676157
1.0388739
1.2037194
1.0887673
1.0103123
1.3544705
0.9134816
1.297831
1.0025094
1.2466755
0.99740964
1.1684743
1.1568587
1.0933475
1.0679584
1.1334862
1.0071752
1.15721
1.0094733
1.0025532
1.2697084
1.0371592
1.0550556
1.2293608
0.9260723
1.1216205
1.1513271
0.9510679
1.2071195
1.0617273
1.14376
1.1124897
1.0099334
1.0051458
1.1131825
0.9398774
1.2044489
1.0680072
1.1879488
1.0533767
1.1065643
1.1912212
0.9965181
1.1820927
1.0002627
1.1868482
1.0694907
0.9972402
1.1938323
1.0874083
1.0997221
1.2997141
1.1029922
1.1203122
1.0875189
1.1709713
1.0555816
1.165314
1.1076914
1.0831317
1.2955074
0.88311964
1.1629775
1.198127
0.9668433
1.2441459
1.0203112
1.0688093
1.0963508
0.9746829
1.3158067
0.87562895
1.3271888
1.0557573
1.0299498
1.2432505
0.86967003
1.3168883
0.99676573
1.0728705
1.20047
0.99088955
1.1510499
1.0907836
1.0351269
1.0838501
1.0969524
1.1763437
0.9424509
1.2112815
1.0247952
1.085142
1.1346793
0.9869101
1.2013353
0.93405557
1.1504972
1.0156405
1.1185396
