1.0854335
0.76326376
1.3845317
0.75885546
0.9346609
1.2562678
0.8511549
1.0585846
1.1334906
0.87224036
1.0565364
1.0826292
0.8562101
1.2998718
0.8414958
1.042735
1.0372084
0.9787667
0.9870369
1.1013958
0.88183504
1.1762778
0.9086447
0.8692832
1.1012493
0.8473578
1.2615435
0.87114227
1.128908
1.06637
0.6976615
1.3962106
0.860221
0.90886265
1.0705546
0.9081612
1.153195
0.8648812
0.8186147
1.2641187
0.85767084
1.1576304
1.0005252
0.83635426
0.95333356
1.0237619
0.7979951
1.111812
1.0959916
0.9455806
0.95771545
1.035188
1.0003129
1.0444336
1.0543995
1.0197272
0.9992799
1.1020627
0.7900255
1.2128847
0.7829126
1.1240845
1.0762608
0.99864614
0.9664916
1.0128492
1.0244306
0.9376848
1.0226734
0.83938926
1.1771038
0.84802485
1.2747306
0.78876555
1.0428642
1.1779749
0.7348672
1.2713974
1.0434313
0.79718393
1.1057752
0.97893393
0.9004482
1.1502357
0.8709907
1.0552943
0.9478798
1.0030887
0.94861996
0.7736691
1.3772256
0.60370165
1.4502358
0.99018514
0.92330605
1.0193866
1.0257969
0.9755782
1.0033596
1.1782463
0.8298694
1.0261503
1.0351175
0.8032377
1.1568406
0.7106392
1.5929759
0.6931062
1.2306837
0.8644825
0.9043726
1.1048484
0.8900491
0.93733525
1.2895963
0.7855804
1.0448574
0.87796456
0.99603814
1.0270064
0.99611306
0.9195988
1.102752
0.8167802
0.9685472
1.2207179
0.8612799
0.9673334
1.086585
0.80460644
0.9812479
0.97262096
0.7634096
1.139101
1.0132878
0.89112246
1.1297431
0.69291526
1.2770333
0.7997932
0.8720119
1.0148716
0.91797084
0.9652797
1.0355504
0.76684153
1.3624523
0.83964086
0.8783616
1.1050365
0.8354101
1.0234115
1.1524016
0.9143397
0.8931062
1.1545658
0.9680131
0.8884812
1.085266
0.8802544
1.0717292
0.884662
1.1431553
0.8333791
1.080648
0.75132114
1.3029284
0.7558024
0.9678788
1.0839314
0.91564447
0.8947344
0.86532265
0.9089031
1.0293934
0.7791655
1.3168347
0.7086357
1.258104
0.8296933
0.9945332
1.3877741
0.6610585
1.1469402
0.805379
0.8493603
1.0806366
0.8406372
