1.6967437
1.2384237
1.1645682
1.2499592
1.0627775
1.4000535
1.3741666
1.1590544
1.1489556
1.2147257
1.1787661
1.3733215
1.3521056
1.3580961
1.2575941
1.4512312
1.2186573
1.3707196
1.1807956
1.235951
1.26483
1.2962112
1.4859073
1.1592524
1.3404751
1.3342288
1.23203
1.4401231
1.4792444
1.5570954
1.3344982
1.5210879
1.2181816
1.2942524
1.2157885
1.5091715
1.3340652
1.2630367
1.3359815
1.3563433
1.1059666
1.2521338
1.1153982
1.2506769
1.1130536
1.4374607
1.1804968
1.2456405
1.3361279
1.2091022
1.2807729
1.243135
1.2494439
1.4192963
1.1503597
1.0337193
1.3008801
1.3352996
1.23189
1.2300955
1.1314769
1.1617155
1.4284725
1.0228494
1.3574467
1.4811844
1.2022806
1.2767341
1.3479165
1.1733178
1.1180788
1.3126009
1.440401
1.4674604
1.2226641
1.2157199
1.0742002
1.331994
1.222707
1.3859315
1.3940732
1.3307505
1.1730347
1.2133945
1.2456418
1.2210183
1.1540127
1.3089954
1.1568936
1.0578848
1.4000981
1.3492085
1.4969915
1.269889
1.4718442
1.3168436
1.2411357
1.077335
1.2297676
1.1133573
1.1586591
1.1177597
1.1374199
1.3073819
1.1166852
1.1658878
1.3641229
1.4875426
1.4967206
1.5839585
1.7217344
1.4029307
1.1972088
1.144664
1.0979403
1.5187966
1.5898968
1.1967059
1.2054218
1.2179255
1.1132252
1.009687
1.0346186
1.3399054
1.5941668
1.504193
1.6415634
1.421289
1.0457783
1.4195654
1.1002126
1.156463
1.5350525
1.1227653
1.2720339
1.4788427
1.6664896
1.5257093
1.2213124
1.3189437
1.3997409
1.4130125
1.1201826
1.143158
1.4107769
1.0626628
1.1993308
1.2030389
1.0656942
1.0780522
1.3686001
1.4074829
1.218541
1.2705353
1.3544686
1.1556554
1.1015284
1.3606794
1.4200484
1.227133
1.4794918
1.1193209
1.2082415
1.2751265
1.0972186
1.168307
1.2241545
1.2408692
1.1682055
1.2538646
1.156582
1.1397759
1.1244936
1.2929041
1.1984926
1.2849727
1.3906462
1.4014277
1.1705292
1.2669101
1.426826
1.4503548
1.4368434
1.1609056
1.3363271
1.1764286
1.0374221
1.3101573
