1.4195106
1.4522474
1.5243464
1.303729
1.4379334
1.5010467
1.4091287
1.2748122
1.4155667
1.5497593
1.4579868
1.4566462
1.3789812
1.3512084
1.6457582
1.5890346
1.6310732
1.4337673
1.7997313
1.8337712
1.3000009
1.3534436
1.6032238
1.3543723
1.3782748
1.4571197
1.3826027
1.4821903
1.4959205
1.8382318
1.6687865
1.699918
1.7664446
1.7808188
1.3250589
1.3832614
1.255846
1.31212
1.2944448
1.2949123
1.5023577
1.4799365
1.4877863
1.3477175
1.3261628
1.3178525
1.258578
1.3555176
1.4642599
1.4640555
1.2374493
1.2023044
1.2261944
1.4601016
1.4654415
1.6360443
1.3513219
1.3311318
1.4984832
1.5842905
1.3660004
1.2759206
1.3610346
1.5054489
1.6096256
1.4455957
1.3143518
1.4401493
1.433361
1.4205387
1.4523163
1.4793929
1.45648
1.6844747
1.6438187
1.5274143
1.4122255
1.2902889
1.2674892
1.1710744
1.2361054
1.3732226
1.3388107
1.42242
1.4660394
1.5104119
1.4651523
1.8675827
1.9393549
1.750995
1.5927875
1.4076028
1.3276467
1.289042
1.3856921
1.2539997
1.3746786
1.4734256
1.4851884
1.2845883
1.5174428
1.5025115
1.3867677
1.266555
1.3240356
1.2673459
1.5660301
1.8226271
1.6046247
2.2434103
1.8890598
1.5755421
1.3059698
1.4682533
1.326992
1.250346
1.2901094
1.4480026
1.6129048
1.2917219
1.5148513
1.4606678
1.3738147
1.5295366
1.3270211
1.3842847
1.4117867
1.4528524
1.3441278
1.4282014
1.3090008
1.27761
1.4734685
1.435421
1.3563027
1.2559124
1.2738423
1.3161254
1.3455901
1.3548605
1.2005386
1.4319305
1.3557427
1.3336965
1.3835431
1.481492
1.2037845
1.239928
1.488924
1.41678
1.4446691
1.3820837
1.4340628
1.2937255
1.3896301
1.5839248
1.5975682
1.5618694
1.3174744
1.3608121
1.3043228
1.4571526
1.3922935
1.3583995
1.356843
1.4172053
1.4934573
1.3760233
1.4031429
1.393025
1.600828
1.5009694
1.6303627
1.7089902
1.2861738
1.4087069
1.3568858
1.4631021
1.4294382
1.4041277
1.4288725
1.4874935
1.2884316
1.1700575
1.2642697
1.2825181
1.3614087
1.3735218
