0.9988306
2.2341008
1.2125692
0.6637981
1.8938928
2.0013225
0.09277285
1.6076393
3.7898426
3.1236048
0.19804543
0.77176553
1.624052
1.4946105
0.8824186
0.6657834
0.8969991
1.3046048
0.9920318
0.46689352
1.7931434
1.0750847
1.7097805
1.0980645
0.55678236
0.8963592
0.53569514
3.2439294
1.6236897
0.33356887
1.5677606
1.1074269
0.9319938
0.366772
1.3639442
1.1735008
1.4145942
0.91342235
0.99314666
1.1622581
1.0727855
0.66493267
0.3372243
1.0053139
1.4586114
0.8602768
0.42074537
2.0324793
1.1932627
0.15025996
7.1250186
1.3076451
0.49631274
0.8554387
2.8094769
3.6348758
1.3462541
0.57111865
0.901348
1.2279282
0.7384296
2.3859167
0.863599
0.46564096
0.5714843
0.8569896
0.63191855
2.1708643
1.809901
0.5210087
0.9946525
1.1824244
0.8844799
1.3222134
0.25463548
0.8785569
1.6426537
0.32608926
0.5139257
1.9423748
1.1515981
0.18359178
5.2980328
1.5173373
0.72236264
0.93632764
1.471946
1.1426132
1.3290125
1.4678091
0.5973346
0.8096791
1.7111952
1.2618942
1.0357406
1.1220403
0.53781545
0.6328968
1.6342661
1.3062856
0.91680473
1.5382675
1.1497633
0.5000766
0.3273173
1.3365791
1.9640557
1.6210214
0.48129684
0.73568344
1.3941696
0.14037348
5.4383345
2.0655918
0.14195412
3.0481334
1.3657618
1.0047727
0.8658256
1.0110765
0.57893026
1.0461264
1.3874192
1.2714834
0.7338632
1.1935079
0.8231518
1.1568899
0.58787346
0.75791144
1.1544492
1.209754
0.8556395
0.73970985
1.0016079
0.8213134
0.45256907
1.3596113
1.4274802
0.42682827
0.5870607
1.9522978
1.5725876
1.3225056
0.9876038
0.80955935
2.6471937
0.53483075
0.4517808
0.58868706
1.435234
1.2143818
0.08665483
8.860725
0.09441961
7.592147
0.23172468
6.058729
0.32220745
0.9167525
2.5741582
0.20481424
2.020019
1.450077
0.6165557
0.5649005
5.17932
0.8315002
0.3178292
6.4863076
1.141956
0.19219427
4.972478
0.91090655
0.7431879
0.7667365
2.1039467
0.17086548
2.241435
1.174706
0.4071715
0.38538423
1.8233681
1.0790406
1.0780302
1.1248267
0.5312953
0.85559964
0.8846226
0.529807
0.44714224
2.4289126
1.4451025
0.37522525
0.26495364
1.1191313
2.5075383
0.5135832
0.14376259
0.57854295
3.8404968
1.3689011
0.39734012
3.071505
0.8894291
0.463435
0.24957697
1.6882166
0.8587676
0.20375136
2.610323
1.6928389
0.62804973
0.3849087
0.74652064
0.93029857
1.6144699
0.18064442
1.3825886
2.0994694
0.34171084
0.797513
1.0711815
1.0483924
0.7816602
1.724549
0.97390354
0.35025758
1.1079273
1.7960345
0.2555964
4.832135
2.7856693
0.25513238
3.559943
0.4563849
1.1669585
0.62057066
0.87781894
1.5295877
0.977921
0.4982284
0.41512668
1.3115301
0.8804234
1.1027083
0.63995385
1.0298946
1.3235775
1.2517437
0.5182729
0.52620244
0.90423536
1.8668228
1.3559122
1.7651105
0.31320068
1.7243037
1.5335442
1.7983233
0.2141888
1.6923568
1.1407433
1.2442933
0.402775
0.61569124
0.9273619
0.9826243
1.5499934
0.067848414
7.8274636
0.72889185
0.14810953
1.8442949
1.2910179
1.1485212
0.091015294
4.7010593
0.67353314
0.3214634
3.7771754
0.6152854
0.30616537
0.6502089
1.4684441
0.7063403
2.4381332
1.9746804
0.38272637
0.6231927
5.568358
0.8090061
0.37689847
1.6309826
1.5115151
0.57754606
0.7267868
0.77941287
1.178793
0.63091123
1.5474019
0.28425443
0.4260038
2.1921992
1.3297429
0.47556835
1.1283196
1.7629977
1.4861677
0.8036649
0.39559948
1.728269
1.2625909
0.8521119
0.19381717
8.5234
0.5253197
0.23231515
0.94081724
0.7831762
0.6216971
0.7686693
0.92313915
0.91772467
0.8919069
0.54616624
0.7349045
0.47221822
1.9330039
0.804996
0.60428816
0.39849532
2.688449
1.5500741
1.0184788
0.65212786
0.8977554
1.056492
1.5357388
0.95417905
0.45432067
2.1827495
1.8972076
0.6211137
2.1782248
0.41800427
1.3907921
1.6328254
1.3183081
0.65274155
2.507652
0.45544478
1.5509584
1.2431304
0.6502869
0.4599842
1.0239404
1.1503894
1.0984279
0.1254813
1.2965193
1.3562837
0.75243735
0.5687654
0.82821363
1.2205417
0.9579631
0.6369356
0.35863847
0.95721143
1.0485935
0.98666936
1.2785292
0.96328056
0.90631866
