2.0387661
1.9924709
1.927895
1.9127074
1.9230039
1.9993479
2.0197182
2.0078638
2.012147
2.0084882
1.9552922
1.9771981
2.021693
1.9752378
1.9081848
1.93077
1.9479151
1.9591634
2.0486467
1.9432716
1.9480749
2.027685
2.0120025
1.976368
1.9117475
1.8485079
1.8585603
1.8898841
1.90184
1.925586
1.9732716
1.9725095
1.8730524
2.0181577
1.981342
1.9937483
1.9921265
1.9397483
1.9123479
1.8919728
1.9309899
1.9518342
1.9332856
1.8793477
1.8904207
1.9504182
1.9504502
1.9235481
1.9723271
1.8863065
1.9456154
1.9529113
1.922543
2.001813
2.0067718
2.0076296
1.9997816
1.9893606
1.8936135
1.9294931
1.9422348
1.9751902
1.9326972
1.8797796
1.8467435
1.8772022
1.9496801
1.8609785
1.9671279
1.9855713
1.9900094
2.006275
1.987462
1.9469103
1.9324119
1.948673
2.041995
1.9898481
2.0370398
2.004781
1.976115
2.0636182
1.9167645
1.9796957
2.010919
1.978739
1.9140204
1.9249685
1.9875638
1.9243569
1.8932953
1.8249378
1.8753542
1.8797544
1.9600391
2.026933
1.9185036
1.8605444
1.9727392
2.0070295
1.8595238
1.8910437
1.9564173
1.9290113
1.9937985
1.9667125
2.021933
1.9674703
1.9553373
1.9661322
1.9278644
1.9522841
1.9452975
1.8635912
1.8943868
1.9712635
1.8461078
1.8649263
1.904906
1.9762527
2.0046327
1.9650915
1.9817014
1.9422874
2.037001
1.8747852
1.9445751
2.0088782
1.9480782
1.9856926
2.025144
1.9335632
1.9646783
1.9894533
1.8890275
1.9294027
1.9728537
1.9770787
1.9091771
1.9214389
1.9871697
1.9555155
1.9819582
1.9510249
1.8506126
1.8759387
1.9017366
1.9910703
1.9567547
1.9958508
1.9095055
1.9193417
1.931095
1.942739
2.0193439
1.9477141
1.9022347
1.9531909
1.9240317
1.9301465
1.9150686
1.9576824
2.035443
2.0018978
1.9919567
1.8528452
1.8993067
1.9309158
1.9270742
1.8992325
1.995698
1.9440353
1.9310813
1.9376498
1.9140794
2.00444
1.966437
1.919311
1.9424478
1.9501573
1.924646
1.896844
1.9916724
1.9513814
1.8869511
1.8990924
1.9289589
1.9238058
