1.8380742
0.57200164
2.5149252
0.6906228
2.7196198
0.8022778
2.0926049
2.072028
0.17448452
5.975928
0.78212607
0.79941607
1.469459
0.6095912
3.7605271
1.7465632
0.647336
2.039468
0.9255544
0.99831784
0.58035207
4.297486
0.7911783
0.29508278
4.433137
2.466917
0.38565814
1.5702795
4.7278876
1.6667923
0.48042876
3.4052877
0.75396836
1.2666357
1.0754519
1.3186622
1.1732677
1.5128555
1.574053
0.748989
1.2956004
1.3348985
1.3618848
1.2617443
1.0127856
0.519057
2.9764798
1.6678166
1.1542547
0.8247967
1.7595248
1.1756464
1.2251163
0.7380306
0.6951907
1.6234175
1.8521326
0.7340524
0.76898557
2.0369506
2.4164276
0.80816555
0.8627844
0.8001796
2.318253
1.3057654
1.4719048
0.5846876
3.685285
2.2526846
0.6622978
0.5354998
3.176638
1.8917098
1.6532313
1.2385327
0.90932435
1.2200975
3.1458547
0.750686
0.8012401
3.1985564
1.6744088
1.7670914
1.2170455
1.3682361
2.0547597
1.3223727
0.8140727
1.2346647
2.213697
0.7280638
1.0239004
2.9943345
1.2996829
0.6120592
1.2003361
1.9078641
2.0097485
1.0259945
1.4108834
0.7009295
1.703274
2.2951841
2.1179795
0.73131716
1.6229051
1.5984511
1.5195224
0.8303245
1.0405735
2.5093105
1.6937991
1.5410573
1.1565918
1.3354068
1.2329346
0.98641056
1.3805695
1.8374556
0.44208726
1.4875054
2.0073829
0.8657026
0.85531324
1.2462578
2.430121
1.8717484
0.7776597
1.5987977
0.94971
0.90051913
1.7822094
1.5295635
0.9844169
1.1247258
2.467421
1.2588973
0.81264186
1.9273944
2.124889
1.2608284
0.40510437
2.8460927
1.5639236
0.8938235
1.2084205
1.7674143
1.4459726
0.89099115
1.1589123
1.349164
1.576947
1.6661689
0.35059178
2.397162
1.9639156
1.2973568
0.82967913
1.1390334
0.95281875
1.9623405
1.7813072
1.2064085
1.0309634
1.5788286
1.3509438
0.5902451
3.772345
1.6206539
3.6525722
0.6346717
2.0591326
0.68387073
1.9195993
1.549231
1.8352169
1.487134
0.78569365
2.5246506
1.5800824
0.25524244
3.861619
2.6899555
0.15991738
5.374605
3.1587243
0.40509188
