3.8132982
0.39172053
2.008907
0.90824103
0.90703404
1.3106664
1.0688615
1.6735046
1.2491984
0.4555974
1.4076891
1.7745935
0.7572403
1.3219367
1.2308906
1.0811621
0.43389544
3.9853997
0.38457322
2.6681056
1.2308185
0.5060943
1.3075484
0.9915781
1.3261302
0.9484343
1.3249142
1.3100377
0.6157342
1.5428052
1.1067617
0.81246173
1.2057679
1.468777
1.3176551
0.17564875
4.748991
1.3271096
0.42835838
2.4841962
1.2467711
0.4577499
0.66152024
1.4420207
1.5470049
0.6676725
0.8499444
0.6463722
1.3793802
1.6111236
0.3870311
0.62976074
1.2399576
1.2707912
0.9020811
0.39496857
4.317507
0.7137746
0.4769644
2.07225
1.0366096
0.29298222
2.2967978
1.3614312
0.69910675
1.0794607
1.0997765
0.7762857
0.9306632
1.221072
0.7939984
2.2930899
0.9174174
0.954863
0.9643102
1.964223
0.9709965
0.3598482
3.4876206
0.55301464
1.1543201
1.659019
1.3204815
0.9291612
0.5213449
4.590455
0.44690752
0.7137184
2.0325007
0.91575927
1.0162579
1.0111547
2.2068324
0.84897316
1.7042154
0.7780063
1.3166454
0.9352881
0.89300436
1.0339825
0.66743505
1.3607624
1.1957814
0.7647094
1.296802
0.5942724
2.357688
0.4968157
5.302083
0.510258
3.7871394
0.5763092
1.413161
1.7265041
1.1744282
0.46595636
1.9118865
0.96899617
0.42244464
1.8644686
0.98801595
0.9805638
0.99737996
0.81007016
1.8322186
0.9272977
0.9621177
0.43700373
2.1827455
1.266963
0.8244443
1.2149308
1.1602573
0.43416095
1.315042
1.6385143
0.71856284
0.8585608
1.3260244
0.826781
0.8802237
0.46540344
5.5561905
0.29384446
3.333383
1.0741274
0.51165944
1.9966611
0.92360985
0.98874015
0.835122
1.7323719
1.6827637
0.16917802
5.5067797
2.05326
0.6864121
1.4260044
1.415612
1.5084282
0.5368408
1.8812149
1.6253197
0.41050968
0.8895726
1.0127994
1.3024738
0.8332232
1.1090449
1.2545414
1.6989173
0.25766551
1.6466013
2.4805124
0.25381353
3.2601025
1.1905656
0.66082394
2.0925858
0.92581975
0.44137952
2.2678235
1.3365289
0.83244646
0.12726313
6.4668336
1.3986781
0.39824355
