1.5048034
0.85450876
0.44241163
5.395357
0.54860884
0.64625716
2.4443824
1.9475613
1.3869421
0.860618
1.3060567
1.7910798
1.6124933
1.6755427
1.3764726
2.056822
2.193618
1.3764212
0.68292904
2.520278
1.1283392
0.80583555
2.201461
2.1643333
1.4049132
1.2231102
1.8380584
1.9191983
1.7224104
0.88618207
2.5541687
2.2135918
1.0815432
0.7930703
4.9658384
2.343854
1.1695778
1.2961017
1.295144
1.9029996
1.1463115
1.2743052
1.1132423
1.394135
1.7604437
2.0693011
1.3323758
1.7345264
1.8115418
1.4672841
1.4771788
0.9638872
1.838226
1.5428233
1.3745756
1.5420438
1.0851479
1.3487414
2.6791327
2.0076487
0.6503314
1.219633
1.8094083
1.6899935
1.1670433
0.9044328
2.1125555
2.2219515
0.8278407
0.98008305
1.5781134
1.6872766
1.084034
1.4587777
1.5051514
1.5440416
1.9185264
0.69118875
2.0217204
1.9068356
0.5143793
0.6948356
2.1401587
2.939494
2.111643
0.33395022
5.0282254
3.3519464
1.1060109
1.0906782
2.907768
2.5033722
1.5598675
1.3100295
1.8521942
0.9218068
3.8490515
2.417802
1.5185068
0.9789444
2.1743064
2.6460743
2.2750459
0.16506627
9.6446085
1.0744753
0.80324817
2.1533945
0.75818866
6.915676
0.19539723
6.7816906
0.100984834
15.034391
0.5349438
5.3807483
0.020291042
8.925317
1.2197895
0.21554759
7.545703
0.19300312
6.41062
0.546672
0.8899323
3.2340074
0.58267885
1.8621497
1.2087274
0.8448848
1.9488902
0.5012986
1.9578055
2.71446
0.6844022
0.4910127
4.82629
0.6835463
1.6860043
1.1811142
2.84648
0.87986934
0.72687775
2.9414697
1.162698
1.8698263
1.3577564
1.0257921
1.6609588
1.0962474
2.1384597
0.7185
1.232217
1.59569
0.7891035
2.634637
0.74151635
0.8851042
2.2162101
1.6681627
0.67863226
1.4071767
2.7477176
0.78482014
1.1133773
2.2995276
0.93700254
1.5842698
2.7342763
1.1379007
1.0799525
1.9284511
1.6735319
1.306783
1.6016504
1.1689935
2.0016
1.3467677
1.3658755
1.2000644
0.65046716
1.6754017
1.0486763
1.360408
1.7286257
0.9718973
2.639369
1.5707407
