0.59180295
0.4786881
0.7352121
0.5327003
0.39700776
0.59812224
0.5156231
0.31827915
0.36999482
0.40889886
0.3760962
0.44139016
0.42794448
0.53601897
0.5637615
0.5869262
0.3788076
0.2818982
0.45256776
0.5079739
0.3496688
0.5764868
0.7548526
0.81613904
0.79025126
0.6937056
0.3547402
0.4593265
0.5316775
0.5257739
0.6448328
1.1411136
0.778804
0.4093805
0.35987192
0.49195263
0.7018019
0.5771047
0.5141307
0.5415664
0.3190691
0.60724276
0.5741942
0.29654586
0.42264915
0.37828636
0.6443614
0.93646806
1.7398378
1.3132371
0.9343465
0.5339644
0.5182707
0.3379987
0.5011068
0.96804935
1.0480458
0.559981
0.397604
0.45045173
0.5560705
0.5818094
0.6183576
0.6252308
0.36995953
0.34972107
0.4391434
0.40274438
0.35705835
0.51616836
0.60995674
0.49261782
0.3358878
0.56945395
0.5399085
0.47036564
0.40596816
0.5713371
0.42879006
0.34263173
0.40265143
0.37194487
0.33622882
0.283067
0.47895327
0.4394005
0.4813468
0.6148622
0.67913145
0.4694791
0.27292216
0.57033473
0.30824304
0.4556386
0.42221606
0.31556255
0.40194935
0.4364661
0.44291443
0.35491228
0.34215954
0.5136267
0.35195914
0.3371432
0.4047068
0.48983943
0.7594577
0.70297295
0.3780994
0.33057135
0.6140611
0.6098777
0.36978444
0.34850127
0.32801014
0.6790422
0.23468053
0.57005745
0.39552617
0.5433185
0.8640039
0.4888255
0.3085033
0.3578254
0.63939977
0.5825267
0.42729056
0.27256405
0.5060283
0.38103682
0.25061744
0.37350252
0.39437753
0.56159407
0.5236131
0.6177602
0.64530593
0.45937806
0.27857965
0.3986146
0.3645228
0.2871089
0.49316925
0.9174844
0.99493384
0.72293854
0.5929061
0.45548227
0.29566255
0.586637
0.84094906
1.193214
1.2141079
0.97356516
0.42471337
0.36617067
0.3852523
0.39224792
0.50736225
0.2980612
0.3337369
0.2930588
0.34748384
0.4241588
0.39032573
0.5007536
0.5600139
0.43647087
0.6464125
0.25340983
0.3378839
0.4466368
0.43596137
0.29623199
0.50434506
0.31799752
0.5573074
1.2658077
1.1733677
0.57651186
0.36498505
0.2926394
0.29841453
0.32451665
0.51777184
0.33089504
0.5514694
1.021472
