0.64267576
1.5118409
0.54765064
1.5386355
0.51339245
1.4913884
0.848409
0.8703263
1.2846605
0.5890917
1.5658939
0.5701904
1.286551
0.90752614
0.6408301
2.2072535
0.42230213
0.99951875
1.168678
0.85267174
1.1322726
0.7553688
1.1866336
0.7347089
1.4713473
0.54165095
2.1743429
0.33983412
1.9317636
0.83347493
0.60561776
1.5401025
0.8257266
0.89022774
0.97706413
0.87999344
0.92317444
0.9636977
0.98675615
0.9984171
0.6070701
1.68382
0.5077647
1.417224
0.8734318
0.9444704
0.7552866
0.95213723
1.2105309
0.6363745
1.480678
0.47370893
1.8651131
0.5308621
1.3110151
0.72666156
1.0870724
0.8296959
0.91505975
0.8981536
1.0541153
0.7695073
1.2441962
0.6080632
1.3317289
0.19963135
2.6022055
0.7424948
0.55374515
1.2934444
0.7667192
1.0458977
1.0226748
0.8451528
0.9271778
0.90650207
0.767564
1.1252997
1.0701452
1.1277893
0.6028582
1.5396948
0.6198846
1.4382803
1.0076696
0.91580397
0.50586015
2.0592055
0.3544808
2.9044085
0.72690964
0.6457155
1.2536731
1.0732431
0.80171126
0.97320616
0.9865475
0.9798461
0.98456705
0.5337857
1.4226819
0.9010985
0.9580327
0.71407485
1.055498
1.0965751
0.6039664
1.2967904
0.5696398
1.445859
0.4764411
1.6174573
0.58684856
0.8583145
1.2159619
0.6574043
1.0524905
0.7508061
1.3320624
0.7302379
1.3479993
0.5640087
1.4046946
0.71633524
0.949847
0.91516274
1.015758
0.49075922
2.016125
0.38859516
1.1717777
1.0567234
0.49821085
1.2377472
0.8059205
0.8220259
1.0881531
0.49229935
1.963877
0.537432
0.7136419
0.8787409
1.0916424
0.6658594
1.4152777
0.43446484
1.5885315
0.5498469
1.4735526
0.69905996
0.6269396
2.0294106
0.52002937
0.89283454
1.1148537
0.6740906
0.90734684
1.5848114
0.40750223
1.9344072
0.46554154
1.2065408
1.2297187
0.6524715
1.4132272
0.76482093
1.0145233
0.86339104
0.98302925
0.8214245
1.1416855
0.6418165
1.1595852
0.5923216
1.6009104
0.46321863
1.3079169
0.8587368
0.7387593
1.0051773
0.8562472
1.3910009
0.67593324
0.8346454
1.166018
0.82031655
1.3784837
0.7745197
