1.1459191
0.9989037
1.059666
1.0129061
1.0026402
0.98062456
1.0507591
1.2006664
0.83197373
1.334619
0.9611691
1.1045521
1.0113387
1.1074028
1.0811718
1.0591971
1.16333
0.8792754
1.18745
1.0203209
0.9605644
1.1424854
0.9167423
1.0922062
1.1126615
1.1381674
0.98169965
1.0585929
1.187804
0.94125825
1.0119874
1.0656731
1.0763141
0.9853424
1.0477881
1.147335
1.0386987
1.0346785
1.0373675
1.0047052
1.1453776
1.0628848
1.1433972
0.9798163
1.0775186
0.99659467
1.2570376
0.8521769
1.2290704
1.0128026
1.0292784
1.1080782
0.95125496
1.2239197
1.0741446
0.903256
1.3891702
0.8731062
1.2412403
0.9660045
1.1247629
1.1134226
1.0852122
1.0254297
1.0175028
1.1689816
1.0262082
0.8425442
1.4575573
0.90195507
1.203728
0.9492632
1.1879139
0.9756389
1.1163714
1.0011176
1.0663435
1.1796429
0.8519323
1.3468087
0.90475726
1.044949
1.1803718
0.9887345
1.1144418
1.1446152
0.89870775
1.3197887
0.88552845
1.336969
0.9326858
1.290774
1.069759
0.99638677
1.1877508
1.0156758
1.0368261
1.1638082
0.9460348
1.0698518
1.0953672
1.0358782
0.9903944
1.0592957
0.90255415
1.3878446
0.83564734
1.2548213
0.9388727
1.0231171
1.0842752
1.0653
0.9865499
1.153634
1.0224096
1.1855857
1.0892043
1.1163598
1.209732
0.8682106
1.2701629
0.9883236
1.0968263
1.0339121
1.0656754
1.1428788
0.93593
1.1191354
1.0047836
1.0581267
0.9617425
1.2070665
1.0230808
1.0513577
1.1928663
0.9541818
1.1400902
1.1499994
0.9661665
1.3048736
0.8329164
1.2693019
0.8728771
1.1954439
1.0137522
1.0889082
1.0470991
1.0319606
0.97466797
1.1619463
0.98283356
1.1576746
1.0634305
1.0553889
1.0740814
1.1112084
0.941119
1.1189907
1.0844389
1.0239147
1.2129971
0.7962048
1.2255576
1.009283
0.95938814
1.2443471
0.9638309
1.1331248
0.9330672
1.1246766
1.0435586
1.0394852
1.151132
0.85019255
1.4068477
0.8538251
1.0689704
1.0667592
0.94257283
1.0293958
1.2099731
1.0305929
1.0000846
1.1446278
1.0064676
1.1618085
1.0839068
0.98405004
