1.4421272
0.39256227
2.2595193
0.60295725
1.1448812
0.9006227
0.8233726
1.2588841
0.7497077
0.8186904
1.3087682
0.4643889
2.2356255
0.4832228
1.2075391
0.92703944
0.7068577
1.3080019
0.67342734
1.4486618
0.5877869
1.1241183
0.5521604
1.546415
0.6354487
1.4354033
0.7827709
1.0499884
0.99951315
0.5867876
1.0502775
0.7540714
0.79989547
0.8106634
0.9551095
0.4268894
1.8171628
0.5435808
1.1285815
1.0300802
0.6937442
0.97907436
0.84794676
0.6628749
1.0931784
0.6107967
1.101318
0.8919004
0.9165768
0.78459024
0.8808751
0.6371373
1.1257644
0.5333723
1.1499072
0.37746477
1.987372
0.5232663
1.0874851
0.9520923
0.882704
0.96455824
0.90154296
0.9175581
1.0405133
0.5664595
0.72343063
1.1572037
0.653313
1.1476429
0.60492104
1.1469524
0.51065075
1.7518141
0.61151063
0.90070295
0.8511467
0.8184087
0.9343874
0.7110901
0.8907205
0.828734
1.0062973
0.9234664
1.0204306
0.768407
1.0261629
0.38226494
1.9106262
0.46293294
1.12643
0.7014388
0.95750535
0.7117249
0.9690114
0.8014618
0.8538445
0.8949878
0.75531924
0.75279415
1.3662367
0.44303071
1.2266426
0.90144217
0.7220068
1.1417714
0.6767689
1.154656
0.6038373
1.2209651
0.44806126
1.2781278
1.2248042
0.6525109
0.59332705
1.9106337
0.43690866
1.2575277
0.9044516
0.82238746
1.0969483
0.66161245
1.2194438
0.6785972
1.5663321
0.45633727
0.7550186
1.5194979
0.5452508
1.0863519
0.9685146
0.5710505
1.4496633
0.66974354
0.62063104
1.1958405
0.56077933
1.2007613
1.0108337
0.5543015
1.555683
0.5680691
1.6636391
0.5816358
1.1890255
0.891912
0.8783939
1.2997408
0.60056305
1.6244624
0.49610406
1.017913
1.1465981
0.35175383
1.934352
0.5348242
0.9614284
1.2346978
0.7208379
0.7292123
1.2888803
0.8241986
0.6514325
1.2936614
0.4534341
1.0379536
1.0335732
0.6716223
1.3326427
0.7067852
1.1329081
0.8391344
0.7514256
1.2273202
0.6609083
1.0353159
0.92476
0.6359527
1.2208225
0.68767935
0.7445432
1.3147665
0.4703908
1.1293652
0.75057137
0.6002481
1.3431711
0.49109823
