0.173645
0.23093837
0.184232
0.21654052
0.2078169
0.08339782
0.2853132
0.17815563
0.21780539
0.11325793
0.1679032
0.16644448
0.14392331
0.10527064
0.06692267
0.2119866
0.44757748
0.49277282
0.19230582
0.1812774
0.16991767
0.31038728
0.35018635
0.09144868
0.6160403
0.76056004
0.11877881
0.22346206
0.24335727
0.7447349
0.78785735
0.2722155
0.20618622
0.16328219
0.13226826
0.21106058
0.21359077
0.24352318
0.22153011
0.1667898
0.2632934
0.36756957
0.27510944
0.30488992
0.3946048
0.3396631
0.1013997
0.18801877
0.16763029
0.16766414
0.5979085
0.76339877
0.1308704
1.0982985
2.8937166
2.0012128
1.5738138
0.9948457
0.26240692
0.48719397
0.6173782
0.15186717
0.2513176
0.20104513
0.30645895
0.57552373
0.5286558
0.2579393
0.28311577
0.3997033
0.30435067
0.3931324
0.52879566
0.47785804
0.3166678
0.12149154
0.22723565
0.152616
0.13199371
0.114443764
0.27317858
0.40203077
0.31168613
0.16724207
0.2152076
0.181339
0.30408478
0.18387526
0.1870941
0.124663875
0.26654702
0.2689132
0.30850625
0.33744577
0.10691464
0.5818291
1.2240933
0.943828
0.21506909
0.46993387
0.11953862
0.39199084
0.20544052
0.29189837
0.15739888
0.20222616
0.5046812
0.5353745
0.16273832
0.45814383
0.6114592
0.31848514
0.16995895
0.16938855
0.14546752
0.14776635
0.31926346
0.2415019
0.118683144
0.19017376
0.19822961
0.1816467
0.24324957
0.2141402
0.29073748
0.10489674
0.35070834
0.60572505
0.28905305
0.17578998
0.16684797
0.26735473
0.19959258
0.14028418
0.2922014
0.1349364
0.2664768
0.07065902
0.1350497
0.18464826
0.15520702
0.23031145
0.4319512
0.33507222
0.1289434
0.11067699
0.3221063
0.6813545
0.34698033
0.2157436
0.26835662
0.07503165
0.18594491
0.4320876
0.22087303
0.104047164
0.2108934
0.10351617
0.23651682
0.20339534
0.16233459
0.110055536
0.13591233
0.25704527
0.41164094
0.132179
0.2798718
0.14126453
0.23516646
0.078295596
0.07665077
0.16792609
0.15100676
0.17096479
0.15762514
0.15289077
0.112843715
0.37796435
0.14737597
0.09306071
0.071478024
0.20756142
0.3199458
0.26429203
0.14411348
0.10554981
0.23206548
0.09470069
0.10663983
0.54298556
1.6198895
0.5780304
0.54549605
0.25377542
0.24412584
0.19510955
0.27642956
0.2304722
0.35366508
0.16552475
0.22687034
0.26707602
0.18047693
0.40894774
0.20792463
0.43021882
0.2400086
0.07674876
0.24007086
0.19105907
0.20118755
0.104451045
0.15121615
0.08024432
0.0938268
0.18891904
0.16938874
0.15050389
0.20567966
0.13401157
0.1917731
0.2233839
0.16855831
0.25708973
0.044463202
0.46525285
0.6649165
0.14739533
0.25048104
0.21930006
0.18956558
0.1544086
0.074639246
0.15103108
0.19774956
0.28456408
0.24526139
0.16177145
0.09116247
0.119818956
0.17880337
0.14970133
0.1810156
0.17348322
0.095559284
0.13031763
0.29604116
0.29575366
0.06439694
0.13823496
0.13949852
0.16498391
0.12272845
0.07839129
0.2450848
0.10248317
0.41662407
0.52891105
0.15277687
0.2163179
0.13422523
0.12889704
0.112931594
0.08241765
0.1260753
0.14497453
0.22629842
0.188262
0.16037141
0.44975433
0.7578944
0.32601625
0.08916882
0.09970386
0.08369119
0.21657735
0.20064458
0.07453208
0.09032205
0.1393942
0.1725028
0.17010592
0.07235916
0.30319715
0.264388
0.35709974
0.2179581
0.2656535
0.39997783
0.05927967
0.113160744
0.40039578
0.5601263
0.07860776
0.39266753
0.23873815
0.38733816
0.32448545
0.114293605
0.18285371
0.1396194
0.15885302
0.22951828
0.18495235
0.17400993
0.26728326
0.29331183
0.2617152
0.24606882
0.58113986
0.5353953
0.22147293
0.22850041
0.32915634
0.1863853
0.10680963
0.16601107
0.14847976
0.09615384
0.1688909
0.18567917
0.08709853
0.26247895
0.33856207
0.18525843
0.5514985
0.63913804
0.13078894
0.42114156
0.19532691
0.26710448
0.18282586
0.12862495
0.122636974
0.14308909
0.26260066
0.421831
0.14238289
0.48843327
0.57285297
0.10413051
0.16526656
0.14926028
0.08846509
0.30523717
0.2610249
0.17264304
0.3252559
0.23666036
0.16821162
0.14632073
0.17887315
0.113000534
0.18288645
0.32585788
0.4789129
0.17787096
0.099608205
0.096370205
0.20661414
0.15132137
0.15820001
0.13149853
0.18798345
0.15235391
0.14782447
0.3974213
0.30565053
0.072812974
0.19263777
0.5481736
0.55236226
0.12455562
0.14222392
0.2610131
