9.288683
7.421475
0.59344995
0.641423
7.3839674
2.8761146
1.4637423
0.4902633
2.872926
1.9706354
1.2577354
0.9470811
1.4214025
1.4846809
2.238994
2.1862376
1.0863729
1.4818412
1.4151287
1.4778008
2.4754837
0.4602914
13.16865
4.1537423
0.4713034
1.4083283
3.538931
2.673683
0.80653054
0.56773883
1.3547163
1.7078575
1.0496197
0.5154009
11.312433
6.1827955
1.4097978
0.5072731
4.5669804
2.6895947
2.627432
0.6203001
3.255663
2.8663683
0.21436033
1.0302894
11.995048
0.546834
0.2574639
5.542368
3.188722
1.4511219
1.2398957
1.6344466
1.7381973
0.71634406
1.0666096
1.6698923
1.1639719
1.3317012
1.6590453
0.27094424
2.0749571
2.3351183
2.7448225
0.345954
5.4978967
2.5839243
2.052779
1.3197883
2.426309
0.66540337
0.626192
0.5019158
2.2175145
1.3686398
0.69154614
1.4088984
1.3682408
0.5967562
1.114185
1.6822083
2.2594056
0.12203743
5.8797407
3.5975716
0.7795898
0.7681131
3.8970172
2.0020006
0.62758183
0.69950914
2.650236
2.3497474
2.4006405
1.4837116
1.11456
0.7808906
1.0294116
0.90493447
2.2318735
2.4724166
0.31992394
2.0870023
1.6559521
0.89959896
1.6026456
1.5232716
0.80258673
1.5323112
1.2347834
1.4598438
0.81734383
2.1056378
2.1889172
1.423851
1.4572027
1.0856738
1.3777243
1.1532559
1.5673499
1.6734009
1.1956503
1.2764933
0.95215005
2.1209784
2.1840196
0.5158434
0.61098063
1.5418952
1.9567733
1.2533364
1.4195781
1.147268
0.68462706
0.80198324
3.7316952
0.43532452
0.9683469
2.4040723
2.7148015
0.33632338
1.3909584
3.695459
3.883391
0.81534874
1.0557735
1.4784238
1.665664
1.9635091
0.91689754
0.933457
0.9236152
1.1070132
1.7621698
1.4221475
1.3072078
0.62555194
1.8802708
2.138621
2.1151912
1.865049
0.8013618
1.1279396
1.2923042
1.781332
1.6289086
1.4918382
2.108603
0.3058523
3.7075539
1.4399447
2.0468044
1.4296551
0.9041535
2.248282
2.0616748
1.5934751
1.5981219
0.7027977
1.4231101
2.0026917
1.5712258
1.3144248
0.9691056
2.0922325
1.5725917
0.64132464
