1.2166798
1.2800307
1.5251095
1.4449627
1.5426662
1.5031853
1.2908502
1.3530134
1.2451484
1.2185023
1.227768
1.2557604
1.2957385
1.4850256
1.3757509
1.3531127
1.3595691
1.6232893
1.5759661
1.6261468
1.5184077
1.6953933
1.3850437
1.2700049
1.1165528
1.2610948
1.2918749
1.5311828
1.651624
1.4783716
1.7056701
1.8440536
1.8235021
1.4385421
1.2672503
1.2976937
1.4779692
1.3794861
1.3575374
1.2024398
1.292485
1.4277273
1.2215399
1.303832
1.2919358
1.1992382
1.4748787
1.4994031
1.1925268
1.1820071
1.3128642
1.1527269
1.4225035
1.3925759
1.4287922
1.4359933
1.3709476
1.3269844
1.3044597
1.6412151
1.4052463
1.4379318
1.4693387
1.535745
1.8541422
1.8616087
1.8341874
1.4874337
1.3505492
1.4022127
1.2746068
1.3567821
1.3815463
1.4156405
1.2567863
1.2748461
1.2668304
1.4837852
1.4264684
1.3521185
1.3616247
1.4405773
1.236165
1.237187
1.4586215
1.4622831
1.4115162
1.4339718
1.6883212
1.3525833
1.0868989
1.2858784
1.3222561
1.3115134
1.3114167
1.4131472
1.4152205
1.2873216
1.1854131
1.4195825
1.42318
1.9085984
2.6301763
1.549298
1.4497739
1.3881612
1.2291529
1.2115816
1.3037982
1.1880445
1.2426122
1.3754886
1.2629852
1.3798223
1.3089336
1.2933075
1.2210779
1.2836685
1.3802217
1.4518731
1.4255588
1.4949298
1.3892014
1.3050507
1.3194587
1.463649
1.3187621
1.1962562
1.2201388
1.140477
1.3409047
1.5207989
1.8195809
2.45727
1.6762737
1.2858317
1.8108566
1.6415288
1.3094548
1.3777452
1.5096552
1.4164009
1.5961161
1.2951953
1.4022632
1.3851346
1.3974153
1.4508655
1.3913863
1.3210346
1.544863
1.4602294
1.394982
1.5726945
1.4313751
1.5006325
1.475543
1.3563657
1.3746263
1.5108995
1.6334999
1.4603744
1.2099687
1.2900074
1.4008105
1.4132087
1.5365719
1.2968358
1.3321495
1.3743038
1.4030949
1.4031689
1.3776956
1.548145
1.4403455
1.4354359
1.439935
1.4966847
1.3568071
1.4221749
1.268569
1.203288
1.3428375
1.2025144
1.3298206
1.4697297
1.6988022
1.5576162
