0.47686365
0.7248178
1.1101873
0.87891793
1.3637614
0.7759167
0.9166452
2.2487636
1.7845097
0.4964596
5.371704
3.1852207
2.2069585
0.3490124
0.7974669
3.9371672
2.3792124
1.9792325
0.4181544
0.4114619
2.1984246
1.3322363
1.1223733
0.9661848
1.5922291
1.3308656
0.5774797
2.1963334
1.9566689
1.7276883
0.46004552
0.39557213
1.646598
1.3934693
1.3216324
0.6135998
0.83895254
0.79418385
1.6063056
1.5205399
7.6042233
0.038709536
16.160852
0.18655191
12.772644
0.104130305
14.3334465
1.28894
0.17906946
13.126533
3.2928815
0.805375
5.9397936
0.79811954
1.5804191
3.4350698
1.2186694
1.593483
1.8333147
0.7016835
2.8389606
0.34809595
4.334284
0.8795166
0.6086519
4.9153776
1.0651293
1.6540443
1.3255866
2.1549308
0.5404897
7.5239725
0.6301703
0.45431483
6.372498
0.5949748
0.7071847
0.82689536
1.0875864
0.5288153
2.8762822
0.5959687
0.6662325
0.7802404
3.2135289
0.7226514
0.50614935
0.7703662
3.7789655
0.7665968
0.8023145
2.2277355
0.27742088
8.063694
0.9129278
0.4231096
3.563207
2.5136945
0.4451045
4.117158
0.3868379
0.607683
6.952936
0.7293658
0.48057532
0.6884136
2.389092
1.0282618
1.3987689
0.6018689
4.220683
0.8291639
0.546031
2.9264913
2.7490199
0.661849
0.7279277
3.9355779
0.69902444
0.3674997
3.6250076
0.784147
1.8164921
2.0726504
1.876014
0.29274184
0.9722084
1.3214707
0.976248
0.91767
1.2076755
0.29848865
2.0601475
1.658282
0.6090432
1.0541967
0.48093417
1.7977326
0.875013
1.0862474
1.3367367
0.92372584
1.837979
0.9347909
1.0304987
1.3680241
1.0406431
0.40759376
3.6351948
1.4056389
0.2157427
3.0162659
1.1085122
0.6471707
0.4746154
3.071855
1.0985116
0.52735555
0.93915707
2.4673793
3.26115
0.27789697
0.37889212
3.1849315
2.013632
0.39726663
0.7753891
0.83648384
1.2915316
0.8815862
1.0561874
1.1025908
1.0631378
0.7898648
2.3161116
2.0507054
1.1089553
0.8215163
0.47932994
1.9704357
1.4890592
0.8922394
0.20305726
7.476018
1.0355477
0.3397591
0.58381605
2.7295368
1.8135184
0.08450337
0.8954543
5.317988
3.3495054
0.23029542
4.700072
1.9453022
2.0077105
0.29829332
1.6632996
0.5756654
0.42351353
0.19493948
0.62905097
1.1149735
0.7629832
0.44849563
0.83203924
1.0904748
0.7671272
1.2498243
0.3265655
0.5981194
0.67621034
0.15961502
1.5937222
0.95578223
0.48420078
0.778065
0.6738094
1.2681001
0.67081594
0.5650365
2.1235757
0.30243242
0.8894372
1.6114291
1.7893519
0.31503084
2.9731991
2.6081066
0.7903501
0.4444515
1.1885269
2.7132306
0.7344141
0.43250197
2.4792452
1.1089683
0.6726555
0.45410764
0.6585597
1.9655511
1.2724553
1.0931563
1.1056647
0.6070331
0.77885175
1.5519981
0.8649852
1.0223458
1.5266895
1.3214982
0.38493317
0.5518166
2.5638108
1.8624575
0.6039468
0.4846842
0.8630619
2.194991
1.4684604
0.30964476
0.44706446
1.5972061
1.2081021
1.2165797
0.7804116
0.48403764
0.6528344
1.8056262
1.0660319
0.88670826
0.8518493
0.55310184
0.64001644
0.4604563
1.9207271
1.7023485
0.70656276
0.42911935
1.0750972
2.4150639
1.0259246
0.5303886
1.2442555
0.95163995
0.29098845
7.879604
0.21931049
1.3281462
0.9544792
0.51136124
1.9302158
0.46330637
0.5443658
0.83089083
0.95663273
1.5408425
1.121417
0.46396208
0.2963357
0.75501066
0.7169325
0.86154926
0.83213174
0.7183547
1.0109785
0.4077528
0.59710413
1.6781409
1.4324858
1.5226444
0.58537126
0.47452798
1.0025784
0.9428485
0.67326844
1.106545
1.372072
1.0744499
1.4308236
0.2768482
8.595166
1.1768664
0.3829171
1.9128892
1.3630962
0.6610255
0.60653317
2.6252718
2.0657537
0.5074365
0.2924013
4.5502577
1.3731291
0.88831043
0.42562434
1.0578282
1.0722466
0.83405364
1.1991146
0.6236426
1.1326412
1.1128304
1.0408452
0.4768363
1.105037
1.2662816
0.517944
0.47837827
0.6982522
0.9579676
0.9513093
0.8489394
0.9615865
0.9601836
0.4972247
0.66751754
0.7801888
1.035416
1.5299404
0.60470474
0.7180165
0.8362508
1.1462696
1.0050141
0.85051477
0.43113536
0.5710936
0.9725233
1.6951479
0.5544337
1.9968531
1.8117068
1.0750446
