6.612767
0.96075904
0.63440895
2.3051941
0.8091432
1.0683373
0.69900566
1.0022447
0.9586883
1.8372087
0.7996926
0.88941306
2.6284268
1.3973564
0.26312917
5.563843
0.77817595
0.49925473
2.4313164
1.1220381
1.3776968
0.5636859
1.1428263
0.72271144
0.878689
1.1401833
0.92360187
1.2612596
0.44993824
1.6289704
1.7368894
1.4072294
0.63378453
0.6569178
2.65971
1.0696918
0.26504707
6.4317174
1.1669312
0.39957485
2.9549696
1.7525148
0.5671378
2.9317884
0.97737384
0.42424545
3.3885374
0.9262708
0.8638179
1.2588216
0.5034716
1.092924
1.2111337
0.7714348
1.179315
0.4510042
2.4759803
0.7149242
1.0979567
0.89134645
2.6376631
0.78656447
0.72140074
3.3817883
1.1215484
0.5276215
1.9761027
0.95129657
0.9342153
0.9451348
1.1347492
0.534925
1.8564382
0.5123512
0.9536761
2.5458694
0.5343757
1.192949
1.6302419
1.1091493
0.31644854
1.7573369
1.629468
0.18623796
7.973237
0.27046728
0.94288695
0.5231085
1.4208789
1.0904684
0.4849534
5.4580708
0.12462542
5.503544
0.46888617
3.1311374
0.6468779
1.6259685
0.13244033
7.9005823
0.19435728
8.692339
0.25870788
9.291634
0.07680336
6.424496
0.11277186
8.641629
1.3739946
0.42555687
8.022148
3.6743245
0.19997098
4.1015816
0.43190083
3.035274
0.43692127
0.8247225
3.7067885
0.22159532
2.1873379
1.5778513
0.3147542
1.6102316
1.1566149
0.83604026
0.32849234
3.780312
0.6508954
0.7658861
0.689891
1.5587959
1.0333755
0.70224905
0.5691265
0.39074838
3.2006898
1.0269718
0.40951017
3.8685157
0.570516
1.0371106
1.1241257
2.1462638
0.40547073
3.3549664
0.34350145
2.082691
1.3503094
0.41321605
2.046303
0.37070167
2.4112113
0.4784491
0.8888488
2.0015767
1.1126809
0.70751166
1.2813168
1.3778381
0.71425086
0.3062184
4.5385323
0.5596062
0.5972041
1.1880395
1.4717205
1.1174941
0.58502793
0.75251985
1.9557655
0.436256
1.4034826
0.7613213
2.1728046
0.5700193
2.8881783
0.46742484
0.8990656
1.2477374
1.1676376
0.83531684
0.67150736
1.1327815
0.55971324
1.683794
1.2127137
0.25188756
