0.029567389
0.47978148
1.0840235
0.22593513
0.55333465
1.626417
0.8768487
0.40051776
0.19556847
0.37058136
0.56977385
0.21036015
0.18461621
0.16907191
0.40228978
0.65163136
0.07866781
0.30028665
0.08235775
0.19134885
0.23038636
0.289504
0.36634573
0.07747151
0.27534017
0.2094949
0.3628874
0.5526519
0.48090485
0.21761215
0.12597299
0.097836934
0.1496779
0.10225435
0.079764344
0.09923796
0.11183771
0.113852456
0.07873917
0.15387312
0.13585134
0.16377509
0.118229926
0.13759385
0.06132579
0.22864753
0.4853689
0.2552699
0.6024543
1.8198978
1.6675402
0.12732795
0.44529566
0.24549776
0.31277224
0.50875604
0.16444282
0.77205306
0.7150063
0.108374044
0.19975793
0.18391755
0.23607594
0.3233069
0.32639712
0.1350912
0.20962483
0.09517099
0.098482296
0.10746224
0.13453287
0.19398935
0.09449604
0.14846918
0.17765449
0.51347613
0.3324063
0.25161368
0.5748641
0.24319053
0.24581419
0.27287835
0.12196207
0.10223975
0.18758793
0.29547182
0.43366972
0.10081833
0.182021
0.2157649
0.08062363
0.18166488
0.17483613
0.07329622
0.081820436
0.064936206
0.1418034
0.18095633
0.12116232
0.26402718
0.07557839
0.09810884
0.08498311
0.14419302
0.095583886
0.5904092
0.8187053
0.043997414
0.6414852
0.36291036
0.23121932
0.21468003
0.1393621
0.22701123
0.040096976
0.23472354
0.112899356
0.1648873
0.1128715
0.07802601
0.09610979
0.09577188
0.10676752
0.06930266
0.23121747
0.31328875
0.091729894
0.08992401
0.05353801
0.06420082
0.09879269
0.12536353
0.1667651
0.23756197
0.11160891
0.21734641
0.04933395
0.19838566
0.3386697
0.05992338
0.029968325
0.50595754
0.9155098
0.36247084
0.15845989
0.1795146
0.24292341
0.3972332
0.08443473
0.25809267
0.08192135
0.10132388
0.116286695
0.076805025
0.14489628
0.2507783
0.24711296
0.14916019
0.075535975
0.24954538
0.11895513
0.09597568
0.10436498
0.05829072
0.085034505
0.041035153
0.16401485
0.11110928
0.07718752
0.17705967
0.27332646
0.37299904
0.12707253
0.12127775
0.09158361
0.16093527
0.08558386
0.052790917
0.06880047
0.22817338
0.1549529
0.102733314
0.13003021
0.08451852
0.26349682
0.30285782
0.39201978
0.057562295
