0.97745186
0.844991
0.8018601
1.0169929
1.2654392
1.1980215
1.1136463
0.8508067
1.0188398
1.032404
0.97309774
0.984678
0.8588202
0.804512
1.0258715
1.1821761
1.6784449
1.2011323
0.7700764
0.68287945
0.91248375
0.9253898
1.364325
1.1013207
1.4004027
1.0295725
1.574069
1.5900327
1.1104906
1.2824581
1.6742901
1.4077969
0.89252055
1.3278106
1.0081705
1.1433266
0.9744416
0.8646718
0.90058565
1.173251
1.1910546
1.2089822
0.8374661
0.87142235
1.1023697
0.88047016
1.0013418
1.2474499
0.8776125
0.86167455
0.95454204
0.80637914
1.0501959
0.90854275
1.0803713
1.0022148
1.0799235
1.301019
1.1517501
0.86098033
1.1179783
0.9144196
1.1051527
1.1423105
0.9538401
0.9825034
0.95786166
0.76227856
0.91687155
0.9955614
0.9346121
1.0943806
1.0792272
0.97970974
0.99903727
0.8925792
0.87407017
1.2448936
0.99340975
1.1827512
1.032339
0.7937008
0.89549315
0.84600186
0.9810523
0.824034
0.8886273
1.017175
0.9666394
0.913188
0.966245
0.78663176
0.93202865
0.8541564
0.80058956
0.8468809
0.864126
1.055692
0.9433589
1.4534073
1.8932087
1.7485601
0.8372011
0.9310484
0.8784302
0.8892331
0.8718302
1.0202434
0.8705059
0.7724998
1.2077973
1.3160671
1.716359
1.125532
0.8919604
0.81481266
0.8727128
0.8632494
0.78703964
0.94783366
0.97213936
0.88480306
1.3832039
1.9064077
1.1272689
0.91280216
1.0586522
0.8777749
1.1787472
0.81589186
0.778498
1.0930221
1.0190824
1.1605263
0.90412843
1.0434133
1.099089
1.3914387
1.1248908
0.9032757
0.97666484
0.97592515
0.98345137
1.0622267
1.0805485
1.1608632
0.84556955
1.2673994
1.2897363
0.8143467
0.9544413
1.3876742
0.7521695
1.080661
1.2251897
0.87265736
1.241471
1.4351285
1.4763279
1.0512679
0.9292649
1.0105773
0.7630329
0.82908
0.87999636
0.8707365
1.1613777
0.7800884
0.88862336
1.0080713
1.2482808
1.3691963
1.1793772
1.0143323
1.0418909
1.0069332
0.8851487
0.9057982
0.8160523
0.9189396
1.0285168
0.85517144
0.7671054
1.2193643
1.1058555
0.9630034
1.0517638
0.7380727
