1.7944412
1.6875236
1.9450301
1.8296521
2.2867262
2.2095442
2.0225701
1.9814379
1.9948461
1.727279
1.8148127
1.9155033
1.9253955
1.896668
2.119527
1.9104447
2.03635
1.972145
1.8598869
1.743305
1.8919592
1.931479
1.965443
1.9579945
1.8367894
1.9943273
2.0277026
1.8554142
1.6655463
1.8830318
1.9404035
2.0492556
1.853571
1.928652
1.9143139
2.0518684
1.9787993
2.0117579
2.0797255
1.8859501
1.8284951
2.0835462
2.1008472
2.0616999
1.9486841
2.0179017
2.131401
2.1168478
1.9862483
1.8443649
1.7951026
1.7922487
1.8585002
2.0168204
1.9762046
1.8611759
1.8825487
2.0906231
1.976275
1.8726134
2.0335314
1.9356245
1.9628007
2.0174446
2.1448083
2.0692697
2.1162167
1.9563918
1.9745271
1.9975406
1.9717984
2.1052866
1.9493159
2.0265486
1.9718342
2.0918753
2.1118467
2.0189104
2.1970387
1.900351
1.8715057
1.7623429
1.7711926
1.7588906
1.829695
1.8122044
1.7141463
1.8588383
1.9460101
1.8541348
1.8992392
2.0952287
2.051514
2.1125255
1.9660568
1.9330909
2.037554
2.1274257
2.0836208
1.9351767
1.976245
1.9726787
2.0036855
2.0490596
1.8786285
1.952688
1.9610405
1.9732842
2.2018628
2.2548928
2.1468143
2.0368636
2.1783876
1.8402163
1.9995114
2.0060177
1.9374593
2.0334404
2.259325
1.9634306
2.0962768
2.2135274
2.1672475
2.2150764
2.0869017
2.1698933
2.0731704
2.0641737
1.9576684
1.9835367
1.9878211
1.9968337
1.9787085
2.103624
1.9266065
1.9630351
1.9153823
1.9290128
1.8872406
1.9176214
2.0004103
2.100413
2.0442069
1.9386184
2.005933
2.0024495
1.9775662
1.8536673
2.035627
1.9337665
1.9543796
1.867367
1.8591582
1.9227202
1.9370612
1.9684918
2.066874
1.9425399
2.0199625
2.0631142
2.0282106
1.978055
1.988255
2.023164
1.8817754
2.0579946
2.0224695
1.9557383
2.1004355
1.9297206
1.8950425
1.8745769
1.8751678
1.9267972
1.9533441
1.8282759
1.9837847
2.0406947
1.9929142
2.0176134
1.9778256
1.995847
1.9896123
2.0492334
1.9270635
1.9491247
1.9250677
1.9131892
