2.0852528
2.3027143
1.9974022
1.8855803
1.8509836
1.7989432
1.7418599
1.7336473
1.9312315
2.0179641
1.8077762
2.1894896
2.3485258
1.9696431
2.0665007
2.118986
2.185429
2.086922
1.9344194
1.7463
2.0100822
1.891789
2.0764139
2.0895677
2.002443
1.9010371
1.8330622
1.9880552
2.3131099
2.2893612
2.12319
2.1036942
2.0092485
2.3063293
2.3478823
2.0331535
2.107553
2.2547755
2.3925347
2.113014
1.8660421
2.091664
2.0006711
1.973628
2.0302148
2.0636132
1.8789396
1.920176
1.7984248
1.9338906
2.0714412
1.9192446
1.8043792
1.8404025
1.8162076
1.8979442
1.8060247
2.0924082
1.8267789
2.0474148
1.8891413
1.966378
1.9462016
2.074965
2.199759
1.9841831
2.0965579
2.1289911
2.0806425
2.0439053
2.0079792
2.186736
2.166633
2.1856391
1.9888587
2.2054021
2.0434453
1.9880347
2.2452781
1.9891834
1.9895409
1.9354912
1.9742315
2.043121
1.9682126
1.7356669
1.9714615
2.0052109
1.7777255
1.9768703
1.8306155
1.9203401
1.9090066
1.797135
1.9204606
1.9569056
1.9283192
2.071738
2.0977457
1.9119482
2.1583514
1.9903343
1.9583303
2.2790842
2.3205013
1.9124968
2.085896
2.1046991
2.04349
2.1350226
2.0597768
2.2156875
2.2264338
2.1201463
2.0397952
1.6899625
1.9207631
2.069018
1.9787507
1.9720585
2.0796227
2.060835
2.0669966
1.8663996
1.9144138
1.8729732
2.0369492
1.9401006
1.9226284
1.8023868
1.8756671
1.917987
1.9496529
2.0490353
2.0095086
2.156398
2.1260283
2.0994434
2.085963
2.0908585
2.1122615
1.9874028
2.0039241
1.8446594
1.9295603
2.060655
2.0512502
2.0706596
2.0401053
2.057796
1.9354963
2.0794332
2.047306
2.0133219
1.9006202
1.8806491
2.0120423
1.9761618
1.977846
2.085754
2.06318
2.039481
2.155113
2.0580888
2.0858746
2.1264942
2.085417
1.8951675
1.987057
2.1626859
2.1441033
2.2070596
2.0295217
1.9233491
1.9472501
2.0804667
2.00194
1.986041
2.0139275
2.0095727
2.0444791
1.918884
2.0483675
1.9500484
1.9784471
2.0717168
1.9302676
2.0335
