0.99952555
0.42297184
1.8165212
1.3216884
0.42439282
0.6536269
1.3364316
1.8095661
0.26646808
2.2816749
1.9616039
0.6455691
0.74048835
2.9362454
1.4768376
0.15946147
5.5598497
0.8336417
0.6151397
1.2174846
0.8835638
0.38870183
2.4961731
0.8337451
0.24447995
3.3705764
1.7318959
0.7304164
1.4486984
1.2806052
1.1637313
0.6162377
1.3503782
1.5286777
0.4355514
0.65208536
1.8059518
1.0769682
0.6152424
2.4149456
1.2777754
0.39327443
1.7977145
0.7972635
0.8077773
1.010952
1.329056
0.44476116
2.9500976
0.63321066
0.5780568
1.0162807
2.9181182
0.3092335
1.3472677
1.3663214
0.6887514
0.77960324
0.6737408
2.545514
0.90698266
0.22943728
5.7013836
0.1388525
4.325823
0.041381434
9.717024
0.5842875
4.013643
0.03315358
10.171214
1.0762784
0.33440238
5.5452843
0.22132528
3.0971022
0.92828274
0.859829
0.9496137
0.95081735
0.5810102
1.5441515
0.6240587
0.8079353
1.978806
0.6661901
1.3234783
1.3281165
0.22988677
2.2641926
0.62679935
0.7821485
0.8085329
0.71360064
1.2728145
0.48591426
1.3043998
0.31986848
3.745678
0.4988236
0.7607721
1.5683129
0.50156975
0.75364304
0.8925344
1.0378156
0.7013192
0.73694575
1.1693549
0.7124048
1.3850466
0.77123237
0.5018666
3.0237105
0.45309722
3.402744
0.80550337
0.58120036
0.92860013
1.2599757
0.7131366
2.2356296
0.7593447
0.96322185
1.8478522
0.49812424
1.5727737
0.8284155
0.63389325
2.450291
0.44703323
1.0412295
1.7587212
0.4285096
1.6091926
1.0730548
0.8522823
1.227911
1.0780814
1.3514769
0.51644754
0.5700979
1.8618945
0.5659542
0.6063656
2.4866633
0.2936988
4.300257
0.93971777
0.46864173
2.6361814
1.5782648
0.63462824
1.0301652
1.1065722
1.2457464
0.51442766
1.1531345
1.3466403
0.485433
1.1511631
2.114771
0.3336429
2.233635
0.52943397
1.0793924
1.7795099
0.16102915
3.5514188
2.5115376
0.66420805
0.41818902
2.5821435
1.5563266
0.26451036
2.5932739
1.6278688
0.6278641
1.1876718
1.1297033
1.0390922
2.2219508
1.2427074
0.23563218
4.257847
1.160615
0.31486517
2.1538835
