0.37721437
1.9892465
0.83519065
0.5131102
1.4349344
0.6855912
0.8825396
1.226372
0.58983517
1.2787614
0.734873
0.8697173
1.4828792
0.6926773
1.2471265
0.6791514
1.8133326
0.41437408
2.211729
0.51028985
1.154383
0.6495724
1.0141246
0.9832403
0.63636374
1.3395697
0.7765522
1.7292678
0.31156752
2.5235615
0.35752323
2.000589
0.6547841
0.6911713
1.6287191
0.4591016
1.6827509
0.80120325
0.5382357
1.5451968
0.432409
1.5926824
0.9209528
0.48082173
1.7293338
0.8777696
0.48701468
1.0663037
1.2114921
0.6345193
0.9890318
1.1339667
0.8446225
1.0397241
0.8195451
1.0673699
1.0499954
0.56883216
1.6094449
0.50523806
1.1329234
1.0165198
0.3931971
2.2293575
0.36754236
1.6422763
0.98128116
0.6124117
1.1747556
0.6271657
0.9873463
0.78248173
1.0075271
0.655229
1.1347046
0.9767518
0.8192289
0.6130974
1.4415331
0.7600137
0.9350871
1.019114
0.843438
1.3940401
0.36850116
2.0398118
0.5538932
1.610131
0.77473176
0.616593
1.5739079
0.48626733
1.4762999
0.6269891
2.135682
0.3014128
1.8564658
0.75133175
0.6998225
1.1608722
0.6852868
1.0796702
0.5486338
1.8668321
0.32801983
2.1898313
0.552542
1.3391008
0.6542772
1.0250468
0.6477604
1.68976
0.5123138
1.0492587
1.1387496
0.8328419
0.848983
1.2426133
0.498075
1.8678098
0.6177386
0.7053831
1.571057
0.76292443
0.7457654
1.0505393
0.906452
0.86940813
1.3164656
0.52242905
1.5430211
0.6746632
1.0139731
0.622395
1.3730857
1.0063803
0.6611062
0.97167456
1.1829844
0.71004295
1.0720081
0.48923248
2.0737224
0.35960695
1.987112
0.6436405
0.8533332
0.9403203
0.62482554
1.0242742
0.76662844
1.4228684
0.511043
1.7792379
0.6005903
1.0728989
0.71040016
1.6098969
0.44320726
1.3864985
0.7975712
0.89928746
1.217968
0.8103239
1.0772275
0.7731905
0.756956
0.6840519
1.696149
0.39325786
1.761209
0.44705006
0.9880028
1.405413
0.44241136
1.6742195
0.6032113
1.1356139
0.87023866
0.5783565
1.2255902
1.041981
0.87351745
0.6143485
2.1584868
0.60432553
0.9737714
1.3904959
