1.3680154
0.7943158
1.4084989
1.0467327
0.97800076
0.4754193
1.5730518
2.1127899
0.95390916
1.0501928
1.326947
1.4859784
1.7026498
1.1319982
0.8410739
2.557735
1.7934105
0.974966
1.223741
1.207621
2.1960511
1.3522438
0.51437783
1.599926
1.5008563
0.93137205
1.6784422
1.1777891
0.44752488
1.3636956
1.9789803
0.36494327
2.5823336
1.9610031
0.54779243
1.3018631
2.716688
1.6351743
0.9698068
0.77983785
1.4352293
1.572439
1.4149985
0.5137428
0.74348146
2.7876139
2.0048742
0.8922008
0.70981455
1.6247661
1.711626
0.7002111
1.3479941
1.2960383
1.419528
1.1145899
1.3148632
0.38569215
3.2970343
2.6737337
0.44565135
3.5292125
1.1093261
1.0363276
5.1990604
0.7227565
2.1948142
2.048305
0.99934304
0.76402557
2.8215334
1.2890117
1.0174065
0.9310449
1.2695022
0.89239925
1.2473482
1.801811
0.8855686
1.0925839
1.7349173
0.9193061
1.1870458
1.1814483
1.3306272
1.4168258
1.2281251
0.5565492
1.0537478
0.7454765
1.1814343
1.6763203
0.6271632
1.7693481
1.5209751
0.50603783
3.710322
1.5717413
0.56021655
0.5792654
1.4079846
1.1120139
1.3947517
0.70370233
3.060312
1.6603988
0.83983505
0.91618156
1.4314193
1.198227
0.6664275
2.2190819
1.337709
1.1047487
0.55224013
3.688778
2.490787
0.9016734
0.41772664
0.6873617
1.693759
0.9818467
1.9670326
0.7931694
0.55232817
1.4120097
1.1567631
0.9524316
1.1982391
0.8311247
1.2005479
1.8619701
0.8358051
0.7372428
1.9273963
1.8788218
1.604042
0.86804235
1.3323653
1.4867764
0.7719596
1.0816908
1.5510051
1.5525689
0.9979937
1.0591097
0.6834441
1.673875
2.034559
0.7088822
2.7406774
1.2585539
1.3420358
0.6782257
1.6409132
1.9733183
1.8091766
1.139229
0.64523536
1.4935325
1.5502453
0.94894433
1.1361555
0.9170486
0.5501443
3.5118113
1.6230549
0.66968644
2.937048
2.332727
1.1447213
0.840657
1.1725292
2.7421238
3.259728
0.28969264
1.3729203
3.2168303
1.3321539
0.82346404
1.1361222
1.7518381
1.5091374
0.98092604
0.8116572
1.5403005
1.3758354
1.4161114
