0.14986885
0.21175897
0.19152792
0.2413356
0.16351336
0.20118482
0.2763614
0.13416106
0.17009853
0.3538808
0.25944662
0.18786
0.2232361
0.13081092
0.14243236
0.2803302
0.5862585
0.78389734
0.4539678
0.069720164
0.12150498
0.12972818
0.10688296
0.24649458
0.6949797
0.49863413
0.17947741
0.30139315
0.2986799
0.16643146
0.26389658
0.2388964
0.18733105
0.093355834
0.13389167
0.18060917
0.2424989
0.15027946
0.27015853
0.17742504
0.26996398
0.38463938
0.39295405
0.114836425
0.5307569
0.77703375
0.09440039
0.4742044
0.27775538
0.09375676
0.18856373
0.124384016
0.34607512
0.25696203
0.13333878
0.16194618
0.18727328
0.23214336
0.113054715
0.2000952
0.15237892
0.25203466
0.18143438
0.12656972
0.18503761
0.1282692
0.09515018
0.3273092
0.1420279
0.18526937
0.3077978
0.23285823
0.13485143
0.21744098
0.16343237
0.06389141
0.09233331
0.22554864
0.20766607
0.090138264
0.17971878
0.1454303
0.15769334
0.16696097
0.15761855
0.2791401
0.1390364
0.23035643
0.29287672
0.24756677
0.09997617
0.19698368
0.09230751
0.2764761
0.2780885
0.112236574
0.18977484
0.12461197
0.12796837
0.17049828
0.20242548
0.19370523
0.15122207
0.1332676
0.08978575
0.2028011
0.1381731
0.22020854
0.2937673
0.15881787
0.15748818
0.11513914
0.054024804
0.102592096
0.16470602
0.08732034
0.11712668
0.097626425
0.2049357
0.16757444
0.15821597
0.23912512
0.16685058
0.107240565
0.20043667
0.16778181
0.0652201
0.096173614
0.12502414
0.13605389
0.11145383
0.10322862
0.2052876
0.12354391
0.19227445
0.10072297
0.1347706
0.17116654
0.11158561
0.09636557
0.117735684
0.16182485
0.11864928
0.13721359
0.113407835
0.1343725
0.1217764
0.15060192
0.09500517
0.12644796
0.121457726
0.27168366
0.38474485
0.1443685
0.31674936
0.36699978
0.12399753
0.12969358
0.20837358
0.098686524
0.24699679
0.17372581
0.19366656
0.18176693
0.14863363
0.21220006
0.17897919
0.17383586
0.4490839
0.14592457
0.23069325
0.12796056
0.16928993
0.2448709
0.29688555
0.21478409
0.20854199
0.13675645
0.12033825
0.08905326
0.11112233
0.174423
0.09579156
0.0730582
0.25904995
0.3218044
0.13443989
0.11438996
