0.12449679
0.11460884
0.2835439
0.2684132
0.30132812
0.28479883
0.1805869
0.11459109
0.15549573
0.14743902
0.1621326
0.16924343
0.19940579
0.2518785
0.115679815
0.13254432
0.16262698
0.104020044
0.32361
0.58783567
0.6339733
0.39300355
0.13781518
0.37467277
0.6389247
0.14015256
0.24245915
0.07777233
0.18959866
0.12574376
0.13217896
0.20333102
0.20564803
0.13851196
0.14992544
0.1449252
0.18952999
0.3710319
0.0995037
0.18133971
0.14603373
0.22127946
0.33122396
0.22723094
0.09989458
0.14234394
0.26910546
0.13300936
0.14478531
0.20353992
0.19881341
0.06771778
0.110897616
0.17215599
0.20756032
0.07924302
0.17188719
0.20210916
0.09312685
0.21300013
0.087922014
0.2932713
0.122085944
0.3233562
0.115460426
0.076434456
0.2953379
0.31944987
0.13151376
0.31120712
0.45027077
0.17851439
0.20124418
0.15836838
0.28090996
0.10211643
0.17125814
0.46330702
0.13670202
0.20016342
0.12056853
0.17384556
0.1677343
0.17865363
0.12803322
0.29371917
0.1911614
0.17052703
0.3130709
0.19092034
0.097950816
0.146011
0.21972433
0.23330379
0.2305567
0.25697923
0.38184994
0.06815069
0.4636618
0.41433218
0.12674218
0.22280045
0.18273121
0.22172153
0.11503591
0.121192895
0.08630534
0.20444643
0.18964303
0.16824828
0.33719307
0.5287502
0.6885827
0.33500597
0.16553114
0.31119692
0.16471691
0.16991219
0.32401824
0.27204323
0.13194083
0.30946362
0.19091326
0.20044103
0.08703263
0.12747788
0.17813528
0.19086626
0.20501308
0.1499586
0.34158367
0.42852232
0.25015613
0.12517402
0.17349026
0.15931717
0.16333929
0.22157453
0.5129732
1.6833538
0.8679359
0.48586628
0.15255882
0.425868
0.45423996
0.18884288
0.15024944
0.07680797
0.19133796
0.27436897
0.17280526
0.23383768
0.31644297
0.17357114
0.09758636
0.17407356
0.18894485
0.0961597
0.30256823
0.18191944
0.46951973
0.8960509
0.23709494
0.07249847
0.24926108
0.19459328
0.18262725
0.30508333
0.25702497
0.13888666
0.23442914
0.15692425
0.21236607
0.23616776
0.23885188
0.16252625
0.2788295
0.39750323
0.21885575
0.16500506
0.29942754
0.3556262
0.15887614
0.2266996
0.09357947
0.15131044
0.21917903
0.10278185
