1.9522012
0.29976603
2.2695212
0.9548334
0.56464916
2.0229566
0.50831485
1.5697474
1.0288037
0.6439544
1.6947817
0.96749187
0.9382631
1.3521748
0.53587246
1.0340049
1.5526487
0.6203915
0.74747235
1.8413
0.3153068
1.2616956
0.5982822
1.3186238
0.8250266
0.74738514
1.4802816
0.49862656
2.9640064
0.7078496
0.8569228
1.7049819
0.48989254
1.600987
0.7399239
1.027537
1.4617802
0.6919036
1.3511355
0.5065125
1.2231439
0.6018458
1.1412768
1.2945633
0.43186152
1.6928518
0.47636512
1.6618472
0.41778988
1.0434444
0.9517893
0.68119276
1.4682751
0.599789
1.8358333
0.42775324
2.1449733
0.6123847
1.52316
0.686286
1.6161026
1.1282728
0.7992445
1.2768426
0.7261386
0.7834605
0.5730479
0.89452404
1.4280323
0.41286775
1.8450016
0.62596166
0.79760736
1.6928388
0.39836094
0.8291488
1.9160503
0.42809373
1.8527882
0.6667268
1.1784655
1.0202754
1.2397805
0.7226784
1.012111
0.81734747
0.8763317
1.3300077
0.53736055
2.1801133
0.45090634
2.2664676
0.67069304
0.914151
0.6817666
1.7875656
0.48158762
1.0366154
2.0706642
0.26853848
2.3157659
0.61913353
0.3735909
1.6176715
1.1130977
0.45281535
1.6445351
1.1667365
0.64087576
1.2425249
0.9685408
0.97795075
0.64558065
2.1148462
0.3487898
1.4943731
1.2597748
0.6263879
1.5036361
0.50856817
1.1594467
0.87476766
0.95340717
1.0166752
0.6852885
1.5488863
0.27562326
2.092503
0.8201574
0.5906122
1.2223012
0.44447762
2.056741
0.5724048
0.99231476
0.69827414
1.5310891
0.63330305
0.9416839
1.9473674
0.27216983
2.1451511
0.68586195
0.62206703
1.4016331
0.64977413
1.182915
0.78930277
1.2543699
0.9257241
0.6769263
2.2708812
0.48049748
1.318435
0.99033594
0.5689583
1.2212781
1.8061107
0.5881059
0.8877487
1.100524
0.67694116
1.3904063
0.5126884
1.8821981
0.6475901
0.49259186
2.7889762
0.49313545
1.3133941
1.1562052
0.49913275
1.6800048
0.42230925
2.142154
0.64098537
1.0244124
0.6789743
1.247375
0.49958184
1.75561
0.8059178
0.99740636
0.74883616
0.619064
2.8184376
0.37384003
1.8189943
