0.09484934
0.07234051
0.039810777
0.0767777
0.075298496
0.07548936
0.058792368
0.08953818
0.06391854
0.03594245
0.021681728
0.06583904
0.059391756
0.021070506
0.0643268
0.07518223
0.0652818
0.041365206
0.089706086
0.01210191
0.05033517
0.024728497
0.07043095
0.30854264
1.9584905
4.247539
9.755495
3.847148
9.870371
2.577842
5.1228757
2.4921813
2.7289286
1.9719312
1.2676591
1.3043056
2.0583155
2.8402693
3.27143
0.8917121
2.3908584
1.3004048
1.1722205
1.6750249
1.4196044
0.8337054
1.3374857
1.5071164
1.1263965
0.7590262
0.693522
1.0705109
1.7614087
2.813158
0.90714264
1.2174877
0.778942
0.7801487
0.6417649
0.87790823
0.777369
0.75320256
0.92424285
1.1052339
0.9394195
0.4640401
0.6010068
0.97662115
2.0780706
2.3655503
1.3533449
0.76858735
1.0777581
1.3366876
0.43675035
0.6626362
0.521541
0.44908655
0.5999972
0.80573606
0.60776544
0.63949
0.7532675
0.78723055
0.500489
0.43540612
0.6268472
1.385376
3.273698
0.48274592
0.5371872
0.9741851
0.78458697
0.47161537
0.42997977
0.55556744
0.48550102
0.43344492
0.71608084
0.6188839
1.1268237
1.2346488
0.8188893
0.25989076
0.37077737
0.3260767
0.38625798
0.43658954
0.573464
0.6312691
0.94993967
1.021752
0.60972273
0.20677719
0.2724839
0.23960882
0.64616257
0.64655894
0.16674073
0.95687175
1.0230936
0.21934447
0.23841894
0.44241443
0.56410795
0.4467036
0.2144048
0.18577363
0.5275649
0.43527383
0.26133078
0.3516402
0.48071247
0.52306
0.23123887
0.17046095
0.3095981
0.18031745
0.16748643
0.31528103
0.22849482
0.2874073
0.39151132
0.40679836
0.2268138
0.5576585
0.7542054
0.21922539
0.4247995
0.54119855
0.1493169
1.0554208
0.9113156
0.19859836
0.16959149
0.16730566
0.1665525
0.2569234
0.26464194
0.17879826
0.17815283
0.39418626
0.26371136
0.20742904
0.24698406
0.29719856
0.31625116
0.41745064
0.23842882
0.5123377
0.5936088
0.16073771
0.48888436
0.17231177
0.30407178
0.20443273
0.19322683
0.26120576
0.15841267
0.2674887
0.13323267
0.2831296
0.41385615
0.4331956
0.29399115
0.071431674
0.14851753
0.27478945
