0.9043992
1.0470765
0.9366275
1.0571938
0.9197888
1.0281372
1.068445
1.0181278
0.9052612
1.153784
0.88959175
1.12335
0.8657163
1.0050509
0.9408201
0.98110664
1.0499805
1.101795
0.83498216
0.91651547
1.097048
0.84630257
0.8858168
1.1875592
0.6914722
1.5449107
0.799168
0.8156053
1.154394
0.88215613
0.86856997
1.3201232
0.76979566
0.8978174
1.0701166
0.82445
0.93120575
1.0553126
0.8088354
1.3273708
0.71063226
0.96572363
0.98784447
0.97401655
0.9393242
0.95319366
1.2304666
0.693933
1.1584439
0.97524285
0.9262753
1.1868389
0.70103884
1.1814504
0.8594101
0.91698563
0.95624655
1.0098275
0.90636206
1.1758527
0.66976386
1.0586659
0.9907933
0.8975898
1.0762393
0.9441289
0.9580368
1.0464833
0.90105015
0.9911877
0.67897284
1.6065979
0.71628493
0.8190522
1.1581918
0.90444225
0.7362583
1.0690157
0.89435893
0.72946393
0.9565037
1.0726876
0.90497386
0.9567436
0.9680663
0.8915119
1.0958059
0.89386076
0.88712883
0.97249985
1.0326465
1.0747627
0.8190818
1.283736
0.84113204
0.80972683
1.1471239
0.77004385
1.0190918
1.0637755
0.8820784
1.0312725
0.7506298
1.7908907
0.69765747
0.74245673
1.3342354
0.87083757
0.8279683
1.2650464
0.74906296
0.8602235
0.92326736
0.804621
0.98712146
1.0839734
0.7441858
1.1050762
0.9203657
0.8975395
0.97131926
0.90935445
1.0790753
1.0423031
0.8459847
1.0880573
0.88694036
0.721311
1.441001
0.80036485
0.65454465
1.194284
0.93633187
0.7316557
0.9988632
0.950641
1.0175529
0.946839
0.88283926
0.92950696
0.87025636
1.0469763
0.79946125
1.1576548
0.7228136
0.96694493
0.8557887
1.0610679
0.80866176
1.0508192
0.9526883
1.094253
0.8378364
1.0535657
1.0050442
0.6860219
1.0843433
0.8813187
0.7632524
1.3804104
0.64068717
0.8821281
1.1526136
0.6702313
1.0641031
0.96638256
1.0833615
0.6828654
1.4338746
0.7074251
0.9862828
1.027589
0.8485291
1.2186403
0.7356727
1.1317812
1.0490503
0.8274478
1.3378782
0.7346304
1.217495
0.92923975
0.80458355
1.0607809
0.93954754
0.8158695
1.0230116
0.97841763
0.91146517
0.93908525
1.0608678
0.8922318
0.8347721
1.029136
0.7518057
1.3797344
0.6704871
0.83775264
1.0765413
0.83901125
0.9300669
1.0140715
0.8758238
1.0347123
0.73143405
1.1435666
0.84625894
0.9911815
0.873143
1.2238203
0.6463538
1.075993
0.98735225
0.6798536
1.233188
0.8808185
1.0318574
0.8778796
0.9563159
1.0346446
0.8910161
0.81322855
1.0584837
0.8052268
1.0457349
0.9562426
0.86845225
1.0227044
0.9286934
0.9932996
1.1528356
0.73279107
0.94467044
1.0655621
0.8099553
0.8840432
1.2386452
0.83316815
0.96523786
0.7582532
1.0478188
0.7923068
0.9072254
1.1896328
0.59932876
1.2130165
0.8102902
0.8742173
1.0150175
0.72585875
1.351572
0.6516472
0.9454609
1.1063511
0.7447381
0.9549597
0.9158188
0.74571145
0.94889003
1.0013716
0.85493135
0.94409835
1.0987637
0.9012798
0.7530152
1.1518099
0.7618935
0.9448503
1.1423968
0.7044459
1.2449229
0.65259004
1.2032204
0.95202553
0.7297911
1.4101422
0.60553265
1.0080173
0.8984967
0.8119695
0.9278232
0.88215494
0.84097886
1.241016
0.7282046
1.1338649
0.8615677
1.041352
0.8325381
0.9856505
0.9192028
0.92433536
0.9612491
0.7750284
1.3444324
0.665189
1.0503728
0.90764624
0.87574023
0.7658913
1.1723614
0.6609455
1.0718226
0.9064572
0.6675089
1.1763134
0.7733295
0.8357562
1.0701449
0.78121877
0.95103365
0.85143715
1.117975
0.8626928
1.0323678
0.8109735
1.1278001
0.754251
1.2582136
0.7722757
0.89119685
1.1257997
0.8045027
0.9380716
1.1861055
0.49875653
1.5573661
0.72622824
0.9338088
1.0278653
0.82270885
1.1191791
0.86490965
0.8230303
0.9700244
0.97842586
0.85482824
0.89647806
0.93457365
0.87322557
1.1587312
0.74087167
1.2294996
0.60290086
1.1786464
0.80432796
0.95738107
0.9043865
0.99903154
1.0262511
0.988467
0.82324827
1.0060502
0.93168986
0.9276007
1.2080225
0.5436293
1.509065
0.71491796
0.57820857
1.4391675
0.83541065
0.7201273
0.96540666
1.0910245
0.7646804
0.8518475
0.8142071
1.0207808
0.71640456
0.85223866
1.2091774
0.66383266
0.97967637
0.71299
