0.9369167
1.1239893
3.3130338
0.3756361
4.3020673
1.9798026
2.0634427
0.52428764
2.0994334
1.2080951
1.2720542
1.022898
1.5206572
1.0734209
0.51626885
5.769864
2.8958523
0.6545718
0.5841826
2.8715553
1.3522599
1.2256647
1.199269
0.60829175
2.550117
0.89672214
0.7876924
2.9243808
0.9603257
0.4626239
7.680025
0.3036828
0.87965935
3.0981603
3.4578488
0.8215229
1.2896706
1.8687096
3.7185445
0.48261097
6.67645
1.9216655
1.107519
2.6384115
2.1806517
1.268103
1.2963134
1.7137278
1.3803118
1.0328768
1.313516
1.552304
1.2621942
1.2345306
1.3250501
1.6513703
1.053296
0.2884358
0.92259675
3.2221956
0.2411818
4.375678
3.4714153
2.828885
1.1160812
0.8710847
1.0940208
1.7442352
1.0569204
0.81921756
1.051053
1.6070155
0.29668772
5.0330324
2.1965013
1.4479768
0.79637414
0.75788677
1.9385365
1.269629
1.4769483
1.375832
0.50919485
1.2574136
2.3207889
1.3046336
0.22480765
3.9610882
2.8698816
1.0531206
0.57813096
2.4406595
2.2186556
1.3166611
0.93143404
0.7804593
1.3153193
1.2388203
1.3892314
0.80195796
0.70351124
1.5540979
3.1168063
0.6813637
0.72777253
4.2598257
1.9070144
0.4045639
3.6408598
3.2120972
1.8361228
0.3081355
1.5752153
2.1153455
1.5296799
0.8010907
1.3592983
1.5154177
0.59702194
3.542737
2.045641
0.9453112
1.2119324
2.075051
1.5732992
1.3052919
1.4791393
0.81738883
2.7539365
2.2584224
1.9038947
0.33740067
2.2271986
2.4198115
1.0371542
0.9796584
1.1615213
1.9374578
0.80845654
1.711208
2.2412243
2.1039848
0.91620123
0.76809436
1.3801699
3.2523108
2.9091988
0.76275086
0.45305917
2.3684843
2.349805
2.3322866
1.1165233
1.2112848
2.0492296
1.1745572
0.44384992
3.8041372
3.2154474
1.2552567
1.480289
2.0547144
1.6087589
1.3215926
0.6674989
3.7257447
3.729538
2.4964645
0.31039125
0.53391224
1.4606731
2.1525323
1.4767747
0.7077708
0.67366743
1.9392978
1.3076749
1.3493905
1.0725236
1.3116714
1.7479597
1.3397547
1.5919012
1.3414799
1.5907003
1.1183269
0.9203182
1.792059
