0.13797392
0.15651964
0.09804022
0.15890941
0.106086984
0.075782105
0.16265681
0.14392482
0.10358977
0.13772266
0.21703196
0.1123673
0.113168016
0.16917725
0.08511785
0.18533051
0.12314824
0.08218062
0.08037761
0.30086404
0.30575827
0.04829537
0.29551214
0.16624618
0.2907941
0.18935768
0.17457162
0.10066986
0.3823307
0.5872092
0.060589097
0.35864305
0.12133397
0.2988814
0.21476689
0.06299947
0.13864055
0.21507266
0.22899944
0.059933893
0.23513481
0.10879557
0.115668334
0.08840014
0.15005025
0.14959662
0.12873352
0.22560993
0.15331258
0.083649725
0.056335893
0.07751744
0.1147663
0.09684028
0.20313066
0.21647255
0.36455148
0.11518575
0.18497273
0.047352824
0.08759044
0.5211346
1.6325021
0.866512
0.16076481
0.30391696
0.046430077
0.07175026
0.31678143
0.22043426
0.42889553
0.63413227
0.2428093
0.1588947
0.14128439
0.13961002
0.37729865
0.4217886
0.06470234
0.10011768
0.12000802
0.12139784
0.115613714
0.13535318
0.080061086
0.108873226
0.09533171
0.19028983
0.088900134
0.14128019
0.22226426
0.16630898
0.2885926
0.24212532
0.12394173
0.19412246
0.029742667
0.16230533
0.10833708
0.1477284
0.2024385
0.31398693
0.79345137
0.75136
0.11864662
0.93222314
0.7265231
0.6649989
0.7687482
0.2852887
0.21219501
0.31466293
0.23388733
0.13691917
0.1646655
0.074737154
0.09015583
0.16099738
0.42956352
0.29173088
0.17268664
0.034402363
0.33058217
0.34118924
0.12415842
0.31291705
0.44918346
0.31002143
0.10194728
0.12647405
0.10047717
0.11165277
0.06835392
0.0907616
0.1152979
0.15040517
0.107395485
0.12508209
0.10118971
0.072843924
0.2093597
0.5686766
0.46313235
0.06909989
0.3137905
0.49122685
0.06477131
0.3341576
0.1488932
0.31870264
0.12524395
0.23399256
0.052175503
0.22292261
0.12545706
0.12763435
0.10534283
0.20194307
0.063338116
0.057263702
0.10310582
0.16625574
0.098784804
0.41644788
0.4324408
0.07220325
0.12484146
0.14610133
0.102941364
0.14241754
0.11141045
0.092591785
0.1107137
0.028734937
0.069480985
0.14089744
0.26463252
0.13116904
0.22060688
0.13770567
0.16697237
0.05950538
0.17230098
0.19290486
0.14548364
0.040991798
0.09890573
0.10694959
