1.4742963
1.3900975
1.8071312
1.6480486
1.6814966
1.4655604
1.5159948
1.6772852
1.4866462
1.4453456
1.3839743
1.4377685
1.4383986
1.6297485
1.5679382
1.5319666
1.5152764
1.6841933
1.516715
1.4445014
1.6174924
1.6307559
1.4264104
1.4823146
1.4252186
1.4357073
1.5632325
1.6805422
1.7309151
1.6117458
1.6637938
1.7643569
1.5946156
1.5737911
1.6302335
1.4257433
1.3654917
1.4029052
1.4153805
1.4324441
1.4145743
1.4625615
1.482281
1.6176349
1.5117013
1.671401
1.7134447
1.6414711
1.329519
1.5664601
1.5071752
1.5870801
1.7008392
2.0757828
1.5624923
1.5271416
1.5348672
1.5588561
1.5660133
1.6874869
1.4872506
1.5673712
1.4728405
1.4387593
1.5555094
1.41204
1.4854798
1.4963709
1.5991691
1.847678
1.4896116
1.4597785
1.4686558
1.6093892
1.3444898
1.517359
1.4681039
1.6723075
1.6006436
1.5225227
1.5158432
1.4091449
1.3564668
1.4693041
1.7099794
1.6174495
1.5174034
1.6284416
1.727871
1.6023774
1.3786504
1.4167676
1.5163926
1.6007464
1.5413753
1.5731273
1.5886741
1.549661
1.3657022
1.4378405
1.7015147
1.5766063
1.6969959
1.7750814
1.4695051
1.5735884
1.6604581
1.5705285
1.4256588
1.532361
1.6271296
1.5355417
1.601136
1.4903569
1.6663351
1.7664173
1.4784425
1.5110223
1.5406127
1.4894919
1.4478238
1.5303901
1.4680169
1.4515915
1.4443035
1.4868345
1.4806973
1.6416945
1.7520663
1.5369608
1.4102535
1.5097744
1.6520638
1.6594751
1.4497277
1.4886146
1.5781578
1.4127342
1.4904029
1.4291596
1.4750223
1.5170457
1.5752444
1.6469676
1.633393
1.5165563
1.310175
1.3349054
1.4829254
1.3466954
1.5013222
1.6065266
1.4500781
1.5337417
1.4256953
1.4908028
1.5428177
1.550578
1.6352171
1.4944713
1.444413
1.4983126
1.4055271
1.3417871
1.3991492
1.315617
1.4666407
1.6235006
1.4984981
1.635659
1.7769828
1.8677744
1.6477504
1.5152406
1.480453
1.6187258
1.6152444
1.4021541
1.4226234
1.2494168
1.3940332
1.3405185
1.5385187
1.6241316
1.4790282
1.5950937
1.6672816
1.8123538
