3.9995537
2.0934253
0.123274826
4.584918
2.3168163
0.6093967
0.09493931
11.270576
2.03477
0.4685533
1.8568016
1.9221547
2.628654
0.3240897
7.467263
2.8878624
0.2820058
1.9747388
4.9224615
1.111924
0.50170857
2.143706
0.95218825
1.4588033
1.2050521
0.57718503
1.7575482
1.2271951
1.646669
1.2689998
1.3118999
0.60596967
2.1501977
2.0018597
0.49145618
0.91773975
4.029285
1.538733
0.60688543
1.5347985
1.4161289
0.8702743
1.2817614
2.960279
0.50120175
1.2100348
1.4567902
1.4954344
1.5756043
1.5722876
1.1961416
1.0403144
1.0987611
1.3589274
1.102961
1.4523473
1.2009686
1.4391626
2.1872702
1.724045
1.6289495
1.0951934
1.114173
1.039551
2.1902184
1.7150365
1.2740605
1.3725908
2.167975
1.041045
0.29060626
3.1388373
2.6009557
0.89631575
2.1038272
2.5084896
0.33952135
0.7075274
3.8236687
1.8982118
0.16316949
10.383822
4.82248
0.3559283
5.0485334
2.572174
0.52911246
1.2032793
1.6779084
1.7217121
1.4528387
0.897153
1.649422
1.3706865
1.6452402
1.624275
1.3632812
2.1955848
1.4112927
1.0545598
0.9647987
3.07664
2.0562968
0.5765023
4.6894464
2.2365685
0.34552526
0.76785827
2.1256511
1.3674653
1.7834914
0.9890183
2.28731
1.9990872
1.655916
0.89972556
2.3010955
1.6557584
1.1149133
0.724625
1.6427022
1.8984623
1.5085347
0.5551666
1.3958977
3.9242544
0.84237814
0.7970997
1.4973786
1.7108905
1.2715318
1.2891918
0.38875204
2.4856734
1.3526123
1.4434692
0.5247216
1.0810866
1.7525319
1.8467261
0.98412013
1.0491673
1.0902748
1.3239906
0.94796157
1.7293483
0.7145725
1.4761144
1.288359
2.5740016
0.21860382
4.4309406
3.4919465
1.3006761
1.1268773
1.9095938
2.5074153
1.8199849
1.565417
1.3629787
1.5349791
1.231818
2.3174157
2.032652
1.5402998
1.1254454
0.5124049
2.1283526
1.8601716
1.5433102
0.9569151
1.4216384
1.4728795
2.0533729
1.5406861
1.6111474
2.4488423
2.0868077
2.329226
1.0783637
5.258215
3.7224674
2.8627152
1.6309426
1.3029251
0.5365987
3.5026336
0.8516087
