1.4428077
0.8930228
0.49152666
1.5242445
1.6868511
1.0970631
0.7738829
0.5483087
1.4109612
1.3687627
0.97372967
0.43723834
0.7588248
0.72097564
1.2955928
1.1652622
1.3285166
0.65679455
4.8522944
0.86824846
0.67040515
0.5865493
2.69457
1.2134118
0.44133526
1.7471225
1.6440628
0.40951768
0.51105034
2.8425918
2.6589007
0.73186433
0.8242925
1.9685435
1.9635115
2.4823573
0.86890656
0.64486545
1.4087753
1.4581242
0.73359954
1.7798502
1.6316288
0.9264999
1.1012316
1.4185021
1.5218961
1.6542407
1.3841338
0.5952871
0.973709
1.2174954
0.9982594
0.5152544
0.8917703
3.3230417
0.07047642
9.953597
0.7813703
0.5501109
0.32075602
0.8367653
1.6259274
0.6429465
2.3723845
1.1250949
0.45248538
0.6486164
2.9087133
1.5878532
0.818046
0.3868091
2.3178601
0.34782612
0.71509933
2.5893462
0.84512293
0.5870797
0.9692038
1.2072184
0.6297142
0.8652723
0.6479961
0.95808077
1.1269603
0.36859867
1.9561118
0.8759305
0.5111828
0.7187363
1.1917456
4.6311903
0.10588969
5.5799665
3.470954
0.64981556
0.8651576
3.0993423
2.5808506
0.5326139
0.7224599
1.9241679
1.0846038
0.7351359
0.910569
0.5075729
1.7652949
1.1010121
0.7449621
0.7772238
2.0795357
0.60244524
1.1699703
1.6138453
1.6664171
1.157359
0.88952506
2.5283184
1.9392183
0.46678078
0.55116665
1.0893562
4.095879
2.472719
0.15424226
2.3389711
2.0874856
1.7742146
0.8382652
0.8268228
0.95236105
1.4704992
1.1169957
0.448673
1.5373509
1.7522539
0.8810167
1.3097287
0.65887123
0.48036253
3.9096859
2.2649202
0.4665091
4.2943954
1.9566756
1.0115207
0.8715561
1.194719
1.586519
0.84019053
1.6291834
1.1366849
1.3488994
1.4002063
1.3188993
1.0633433
0.4107161
2.1926389
1.337604
1.3527561
0.36196563
1.9844432
1.4236661
1.2506711
0.60448337
0.96625507
0.9987575
1.0729625
0.82119286
0.3372817
2.5815632
1.9760365
1.5513403
0.65848905
2.2596798
2.114815
0.22356936
4.4146347
2.1998096
1.3927116
1.3611078
0.57775164
0.7672833
1.4212872
1.3930278
1.0457289
0.51776946
0.8712611
