0.4027372
0.32600543
0.23630327
0.38616318
0.19615282
0.36436415
0.30659968
0.38372454
0.271048
0.46050432
0.3272058
0.23435433
0.54417974
0.7392831
0.3004364
0.38077104
0.4309231
0.23585603
0.34740448
0.29288638
0.43547535
0.34102452
0.2611544
0.30991283
0.5560811
0.88988245
0.8874764
0.37001157
0.16377601
0.40857193
0.24616605
0.40751222
0.4770003
0.6208382
0.8994241
0.30148745
0.87120914
0.7602834
0.20148012
0.6341609
0.8334277
0.5983301
0.37424225
0.52043563
0.35322776
0.46893504
0.35408205
0.567032
0.7211579
0.6086063
0.6089225
2.2569313
0.9735288
0.50949466
1.4243598
1.1230234
0.30964366
0.57595515
0.43963128
0.7139467
0.7270147
0.36321002
0.69581234
0.69108206
0.3177466
0.5191643
0.3979813
0.45970884
0.37996438
1.0856086
0.8088391
0.34239534
0.34989014
0.2868752
0.45144075
0.42906353
0.36123168
0.23797181
0.33582336
0.36047316
0.4238025
0.50011075
0.43900576
0.5761322
0.3028311
0.56676745
0.29742187
0.4147456
0.70749754
0.48546287
0.22770575
0.4195423
0.7424666
0.28665486
0.3893056
0.55759335
0.9538536
0.38559964
1.3620684
1.363771
0.28096628
0.5285944
0.3990219
0.54889554
0.6847629
0.6056278
0.9140393
1.4187726
0.29145744
0.82072866
0.3285442
0.8069508
0.5670083
0.48066413
0.43928713
0.6555105
0.9014534
0.37396702
0.31266612
0.43619442
0.58940953
0.5032238
0.35718825
0.7060995
0.7902216
0.2962045
0.8356648
0.3825558
0.53343445
0.33285266
0.92051595
1.1929361
0.21996807
0.9294844
0.33729377
1.3812715
1.0762029
0.45830417
0.44812262
0.35030773
0.29245865
0.66282845
0.46003893
0.45529062
0.38426435
1.0509214
1.5165967
0.32021117
0.7438601
0.5867096
0.31771302
0.22964022
0.41044188
0.4841007
0.49399218
0.65386105
0.3667806
0.7624254
0.36744952
0.3012184
0.2517002
0.85686785
0.24585316
0.8721336
0.49136773
0.50616676
0.30585158
0.5750623
0.31556675
0.5421514
0.21106063
0.2979334
0.44504872
0.38247162
0.25690833
0.3354637
0.41004255
0.35210162
0.41326028
0.32849818
0.33103716
0.26530623
0.3871593
0.42267835
0.606708
0.630107
0.35994858
0.27283594
