1.9716518
1.8896247
1.9297144
1.9489468
1.9289944
1.9800699
1.9721146
1.9279597
1.9378959
1.9732697
1.9974515
1.9748683
1.9342797
1.9420382
1.8964176
1.8890011
1.886238
2.0274656
1.9851257
1.9187818
1.9471385
2.0652914
1.9831905
1.9790995
1.9158618
1.8573654
1.9117467
1.9655474
1.9386133
1.989669
1.9521688
1.9009074
1.9388391
1.9744599
1.9093814
1.9127548
1.8627071
1.9294549
1.9297974
1.960453
1.9347892
1.9112015
1.8717616
1.843652
1.8625706
1.9249933
1.9537021
1.9484336
1.9481193
1.9254556
1.9141169
1.9420822
1.9123993
1.9482155
1.9035308
1.9537334
1.9114759
1.9637837
1.8936465
1.8893423
1.8940732
1.891731
1.8610945
1.899894
1.871244
1.8915663
1.9494636
1.9732593
2.025986
2.0222847
1.90779
1.8886398
1.9494131
1.9703488
1.8951335
1.9059616
1.9657626
1.9089421
1.951025
1.955878
1.9511547
1.9464523
1.9319313
1.9014695
2.0218072
1.9502041
1.8965528
1.9441572
1.9777752
1.9355342
1.9799452
2.0218017
2.0070364
1.9038458
1.8896377
1.8703799
1.9052196
1.902905
1.9196886
1.9456195
1.9032836
1.8730552
1.8807333
1.9337734
1.9423902
1.9315636
2.0006986
1.904685
1.988714
1.9596208
1.923137
1.9766988
1.9143183
1.9606006
1.9189515
1.9043214
1.9139397
1.8163528
1.8246462
2.0159469
1.949383
1.9285161
1.9232043
1.9295475
1.9101877
1.907069
1.9033271
1.9165531
1.9251546
2.0074162
1.9546056
1.9347552
1.9138364
1.9794085
1.8972104
1.9320124
1.9249294
1.8829393
1.8643795
1.8783984
2.0167928
2.0340974
1.9054799
2.0004354
2.0240555
1.9102352
1.9300373
1.915939
1.9741181
1.8662302
1.9169362
1.8662654
1.9375533
1.9030501
1.8607548
1.917379
2.025622
1.8849963
1.943738
1.8376781
1.8500183
2.0429049
1.9368334
1.9244177
1.8670504
1.8552737
1.9132124
1.9410053
1.9121113
1.9825993
1.8958576
1.898438
1.913428
1.9804851
1.9802382
2.0530212
1.9943132
1.9021363
1.8841579
1.9326656
1.8854654
1.9593705
1.9606569
2.0106091
1.8962643
1.8839852
1.8653045
1.9055152
