0.6327691
0.5718158
0.8293447
1.6158617
7.1785526
2.8199875
0.6063968
1.2563232
3.9265513
3.3581395
0.3652763
1.695239
2.4909434
1.4098797
1.0621812
2.1397026
1.7567403
0.99145997
0.92614174
4.7186537
3.2896214
2.5922203
1.7762079
1.2915897
1.47424
1.4327378
1.3256927
1.8333513
1.2075715
0.91919225
1.1659787
0.9712346
1.4434109
1.4845604
1.061006
0.923256
2.315043
2.026307
1.2204833
1.2296438
1.3428727
1.1030014
0.95355976
1.4702277
1.0971708
1.8513799
1.7654577
1.4718552
1.2658916
0.88150644
2.022357
1.2649863
0.8517805
1.248396
2.1093795
0.61236614
0.6756096
1.3464235
1.4656106
0.82596815
1.2068384
0.82497555
0.9311966
1.0805234
0.8583928
1.0282829
0.28171736
2.831505
1.7255867
0.33875972
0.6435548
5.5431314
3.9002872
0.806803
0.41089165
5.1316013
4.713345
1.0007633
2.7619681
2.1550546
1.0425518
0.87547785
4.458173
0.9779024
0.47094226
1.3141506
2.142485
2.0914507
0.42459476
0.78791344
1.7402203
2.3257668
1.2450682
0.55228215
3.8168964
1.7702961
2.505123
0.67883754
0.7771411
1.2457294
1.6924244
1.6672658
1.2627516
1.1250486
0.75574267
3.2611606
3.2018313
0.22856504
5.9794493
2.6268103
0.8050536
0.98333
1.8210208
1.6972885
1.1572855
0.83597785
1.4513874
1.2166681
1.2394469
1.4823169
1.7084682
1.4575768
1.0798609
1.1462927
1.4326943
1.098136
1.0013331
1.5730134
2.0920455
1.0386919
1.2725673
0.87503994
1.1305215
1.3985765
0.94722664
1.4630146
0.9203252
0.8766009
0.9164594
5.0706215
2.3855684
0.4187729
2.3801026
2.0276966
1.5297548
1.6347873
0.96958995
1.174522
1.3295443
1.19216
1.8001288
1.1173692
0.7101305
0.9942596
2.9776275
2.1114924
0.8366037
1.1742854
1.522296
1.3595828
1.8833656
1.9420117
0.89922607
0.8720461
1.1725843
1.4477084
1.8355484
1.1332448
1.2946405
1.462103
2.0748484
0.9612174
1.0591257
1.2716483
1.4235185
1.2647643
1.7352562
1.8637574
1.6604499
0.82192606
0.78176785
1.198291
1.5047331
0.44641504
1.2314427
1.5512987
0.7650187
1.4155725
