0.24520868
0.35734096
0.40929717
0.44740495
0.4712343
0.5594363
0.59335494
0.21097907
0.28091598
0.37558752
0.59911495
0.3779027
0.2486229
0.2927497
0.3773376
0.3677545
0.32366794
0.55534416
0.5211423
0.30791897
0.220774
0.32522658
0.28345728
0.29678047
0.41466266
0.38808835
0.39045134
0.3962696
0.37355793
0.5636762
0.30679044
0.716064
1.3471859
0.6046865
0.3863075
0.9300213
0.6456047
0.54608685
0.5166036
0.5829378
0.18552276
0.8141117
0.8835433
0.27236727
0.52635115
0.6077243
0.28509915
0.38167757
0.41542795
0.43561676
0.37315768
0.3400632
0.61038995
0.37851572
0.8768509
1.6553732
0.6456898
0.2788567
0.51417637
0.34405735
0.5084916
0.2787366
0.533996
0.41495872
0.26654214
0.3286417
0.49522254
0.2734366
0.16914554
0.31095156
0.37416196
0.3829522
0.4818081
0.45306388
0.35830382
0.6193232
0.44095427
0.5532043
0.59416157
0.34919488
0.48293063
0.52870184
0.20268515
0.26750362
0.4865888
0.5573939
0.44749066
0.47290415
0.6482497
0.43414313
0.25699505
0.25338793
0.21722648
0.3245585
0.30003032
0.25901392
0.25605345
0.33797455
0.37992793
0.35495976
0.26710406
0.40235153
0.26596355
0.18706642
0.30286855
0.24721548
0.34917867
0.3802387
0.30631104
0.2792871
0.30174634
0.3312298
0.37706882
0.18489683
0.2714548
0.54379904
0.46891385
0.23310259
0.45689267
0.79000103
0.3698802
0.4291346
0.37913686
0.3323704
0.20657861
0.22371766
0.22151478
0.17758147
0.22303268
0.2331363
0.1791642
0.50206935
0.4809507
0.36243188
0.21176589
0.3407302
0.43802983
0.28392422
0.2964667
0.36159998
0.26300567
0.41084826
0.6010897
0.37903938
0.35225874
0.6840941
0.55982095
0.45072326
0.24872999
0.40397698
0.3233096
0.18309972
0.2136426
0.19619352
0.21870413
0.298933
0.22913304
0.23372099
0.19841467
0.22710219
0.25670367
0.23497845
0.15181184
0.27627185
0.6143986
0.40768567
0.331627
0.546838
0.48200914
0.14236869
0.35526103
0.72872764
0.63656896
0.19535142
0.41150492
0.47176835
0.23329952
0.37021956
0.21493718
0.19866613
0.21342412
0.27000034
0.2787607
0.6407628
0.5612117
0.0962258
0.42302006
0.21496585
