0.49324462
0.41721088
0.4757036
0.55651873
0.79724723
1.1242288
1.2685161
1.3397826
0.97385216
1.0651718
0.9402025
0.60913116
0.5480446
0.5787891
0.6653716
0.6204002
0.7123363
0.57124484
0.7431967
0.5426576
0.54277575
0.6816362
0.64440733
0.7052114
0.9439204
1.1587772
1.0878111
1.0966035
1.967503
1.4494513
0.7205878
0.7906842
0.7348399
1.4091687
0.8694061
0.4379673
0.8047084
1.0421537
0.9766846
0.91977495
0.7035436
0.86928755
0.61860156
0.7135738
0.7085366
0.5198579
0.7251065
0.57645446
0.77135956
0.7143456
0.55788004
0.47275665
0.5426834
0.6256753
0.47786433
0.6651617
0.5029967
0.5821273
0.4139265
0.5522921
1.1704276
1.1987367
0.8006762
0.93691003
0.50843513
0.5080088
0.49098012
0.54023135
0.5486622
0.9646332
0.92447764
0.7967409
0.5015817
0.58628523
0.4728006
0.5189221
0.54414016
0.7870304
0.5998072
0.6491384
0.8049558
0.38753322
0.5742538
0.70089966
0.71765786
0.46453434
0.838227
1.0243392
1.0649236
0.5562456
0.5738338
1.1270529
1.166487
0.43649912
0.411796
0.57705545
0.61669385
0.62495315
0.89535034
0.72928095
0.3954054
0.44714522
0.92769873
1.2194592
1.3644629
0.69708335
0.45373097
0.7302207
0.46267813
0.60216206
0.5076049
0.6433282
0.7625768
1.0042075
1.0773354
0.7397537
0.57438606
0.8040497
0.5007153
0.39961857
0.57876146
0.7315352
0.5621728
0.57076544
0.48677707
0.6966947
0.94219947
0.96785074
0.8608194
0.41220713
0.40878022
0.7244588
0.51368964
0.4986317
0.51977587
0.43339464
0.6329839
0.6019103
0.55102557
0.6133078
0.645791
0.5016365
0.61715317
0.7210001
0.7218523
0.5895201
0.4673931
0.6696286
0.5037019
0.7115711
0.83861935
1.3200246
0.94174534
0.5323843
0.5160619
0.5909983
0.6678104
0.46194586
0.39790004
0.6518022
0.57619727
0.47811896
0.55032086
0.8745232
1.0143749
0.6094886
0.58936214
0.59737533
0.5278075
0.43949926
0.55405545
1.0719904
1.4929646
0.77872384
0.58691776
0.50432086
0.63219833
0.6544223
0.59354657
0.6896966
0.44319034
0.653291
0.55556077
0.8331959
0.721829
0.4778643
0.6124965
0.5270622
