0.18602446
0.10476224
0.23692735
0.2868814
0.37533313
0.3208804
0.1843833
0.19195236
0.13439265
0.13991733
0.11211361
0.2017846
0.14763817
0.15382859
0.13826388
0.28481764
0.23163545
0.2384169
0.38389522
0.3214469
0.15259942
0.19484432
0.19135669
0.18948455
0.2616867
0.08112715
0.1520839
0.152075
0.24945611
0.38095918
0.65787876
0.8164428
0.45656046
0.2466854
0.8952964
0.88463813
0.07921696
0.52994454
0.2974986
0.26306418
0.23622763
0.09478028
0.1938811
0.113956824
0.20092973
0.12617251
0.11758294
0.22010796
0.17524399
0.15416813
0.2204001
0.13505411
0.41248485
0.66570914
0.46683317
0.14281787
0.291514
0.17934823
0.16811931
0.14654969
0.33579108
0.38596898
0.15409905
0.16878673
0.2149781
0.056728043
0.24323231
0.1582209
0.106124796
0.18926653
0.20730673
0.31039566
0.2071968
0.086411506
0.07321211
0.086954355
0.28589967
0.2906595
0.11342685
0.19214433
0.12258471
0.18813112
0.34925637
0.26598957
0.09582651
0.11742092
0.06284584
0.12580635
0.16520275
0.3371193
0.30938852
0.19261271
0.13603619
0.08778855
0.11617903
0.1941654
0.07408464
0.3000104
0.13175924
0.18519266
0.15807275
0.09385623
0.07847147
0.3019176
0.33686146
0.2312553
0.119368374
0.11201091
0.07512708
0.12864098
0.3350829
0.7732151
0.76701975
0.11860497
0.23805492
0.087929115
0.21613531
0.10272995
0.15239683
0.13798045
0.38619596
0.5477547
0.24837933
0.116584554
0.15753378
0.3811416
0.20057999
0.17876694
0.17617694
0.13554612
0.15386668
0.04274356
0.16252656
0.19958507
0.10384416
0.12331088
0.07910111
0.08683426
0.10372752
0.27446988
0.1979744
0.0701204
0.15467893
0.14268222
0.078342356
0.1500213
0.04892565
0.1099892
0.09841787
0.14778113
0.18204397
0.20452477
0.23602194
0.07839349
0.13458139
0.09680486
0.06803883
0.17350863
0.12956396
0.08659909
0.14716274
0.114076436
0.080278054
0.118664205
0.120204315
0.083877094
0.07378639
0.1627382
0.1251772
0.16517867
0.1171208
0.1146479
0.10551068
0.17682658
0.052875414
0.18953046
0.19226427
0.063836776
0.062444504
0.07003747
0.08375812
0.17054377
0.1230517
0.05880767
0.23877408
0.07297997
0.12658331
0.058680777
