0.20462555
2.2298765
0.983155
0.46411288
1.2263234
1.009541
0.78359056
0.7739719
0.9814946
0.8761183
1.0527234
0.9633856
0.8102871
1.2515516
0.6151113
1.27222
0.84916085
0.87473184
0.8971412
1.0682353
0.8897485
0.74185646
1.5312241
0.62290484
1.2766764
0.7646227
1.1878917
0.60337526
1.3178093
0.71479714
0.7742156
1.2189298
0.6321291
1.1345625
0.8230585
0.70805144
1.5410206
0.45060208
1.9873266
0.5418708
1.1254206
0.97569793
0.8342475
0.6632574
1.4495583
0.7222726
0.63092864
1.1293939
1.1665877
0.8857666
0.9545463
0.6840372
2.192268
0.31326985
1.5149063
0.72582686
0.9607976
1.0453962
0.6403369
1.1237103
1.0063976
0.73987246
1.2057767
0.87438977
0.9784894
0.57733655
2.0951505
0.3150744
2.000411
0.5209824
1.195743
1.0648236
1.0813442
0.71352303
1.3175707
0.8931763
0.5832967
2.0533051
0.53269094
1.1444682
0.9862052
0.82220036
1.1283025
0.76927483
1.2608399
0.59606284
1.0326278
0.8904542
1.0294676
0.9977275
1.0646563
0.8659002
0.97777
1.4005716
0.392314
2.3792324
0.529047
1.2444279
1.1773286
0.57878965
0.82469726
1.1891927
0.84037924
0.7811852
1.3654814
0.7567212
1.1868958
0.7448813
1.3679273
0.5858956
2.0952406
0.55574876
0.8577751
1.3179984
0.90016973
0.7353142
1.282893
0.6402856
0.9967333
0.8468324
1.1493262
0.52266276
1.9813005
0.38804948
1.7917469
0.7821429
0.8412517
1.3040481
0.59550166
1.3022671
0.6368047
1.5237123
0.7169077
1.0146956
1.1010785
0.64219147
1.6498636
0.40251598
1.8455364
0.8182101
0.61592215
1.2020462
1.230374
0.7306751
1.0464056
0.9210086
0.94473135
1.0492861
0.67268956
1.400127
0.34774777
1.6850482
0.80275214
0.73417807
1.1863697
0.9814451
0.6506462
1.2342932
0.7244959
1.1219335
0.6326933
1.9634507
0.43552992
1.4019719
0.8683115
0.66232246
1.0508497
0.6679987
1.2153035
0.6970813
1.1589028
0.80666447
1.0266001
0.7798075
1.0117726
0.9507538
0.66511166
1.4324195
0.469273
1.6467768
0.5170634
1.8070453
0.69341207
0.6293323
1.4305513
0.80590475
0.6367897
1.758431
