2.0501823
5.5859947
0.17812118
8.373566
0.6537506
0.7851089
4.087566
0.7181288
0.71847886
0.4166811
2.8796642
1.3575774
0.19686939
4.853154
1.241406
0.9910103
0.7233156
0.55580246
1.500161
1.2616429
0.77838147
0.7547206
2.1773193
1.3320673
0.34369037
3.8222558
1.8074051
0.28105864
2.566209
1.19099
1.8523247
0.49956185
0.98223746
1.1668799
1.4082663
0.7666204
0.9441166
1.1128731
1.1846039
0.49229258
1.057761
2.248663
0.79475623
0.82383406
1.4291027
0.98015845
0.7417014
1.3983369
2.3416243
1.2195725
1.1210423
1.0509132
1.3483864
0.80010855
2.9549866
1.0544345
0.7450534
2.0095277
1.0089086
1.8506682
1.1778954
0.43649238
5.8485556
3.0463936
0.72494847
0.81014305
5.7913866
1.0774081
0.66744256
0.8390313
2.3019052
1.786252
1.5139078
0.9373275
0.7748903
1.4667301
1.0535636
1.6213604
2.1815424
1.0405879
1.2474775
2.3370357
1.6017935
0.33786795
3.6010056
3.6450932
0.77969027
0.62786126
1.6729691
1.4764397
0.76932144
0.9481039
1.3040612
0.9898469
1.5877898
1.1745417
1.5516036
0.44183153
4.0906644
1.090073
1.351494
2.0206285
1.0196569
0.73685527
0.92579925
1.2151171
0.61033684
1.1736103
2.1795192
2.2498472
0.98540473
0.79169536
1.2643011
1.3135879
0.54367876
0.6292283
0.8806458
2.4393325
0.36746442
0.7868674
1.1720828
1.3718727
0.77972186
0.9018028
0.5590448
2.2007256
1.9291508
1.0432807
0.72020185
1.5735474
2.1461873
1.7461698
1.1390442
1.3094451
1.2182784
0.7759865
3.0197628
0.93085116
1.0572416
1.6147227
1.6945167
1.0405865
1.6110127
1.056251
0.6066954
0.9139904
6.0944242
0.63206714
0.7867339
1.6259979
1.6069741
1.4618592
1.6335044
0.9943065
1.5253508
1.05076
1.0267156
1.4708568
1.1420196
1.5280449
1.4186907
1.869645
1.2476597
1.5824002
1.0907156
0.780443
1.416578
0.7968004
0.95651186
0.43396908
1.2775105
1.4151425
1.2305989
1.2720408
1.3145083
0.8837183
1.000804
1.1920104
0.9784793
0.6708112
0.9711139
1.6211783
0.9330855
0.56459177
0.83835757
2.3916566
2.7324755
1.7341094
