1.4142148
1.159105
0.44620854
2.8225622
0.289131
1.8117895
0.9879519
0.74194944
1.3966963
0.79335785
0.58758265
0.82443637
0.83347315
0.9335828
2.562584
0.38670456
1.1376162
1.578227
0.9011845
0.5807502
3.421665
0.29354206
3.6437545
0.6537704
0.7252058
1.9484836
0.7219788
1.2877727
1.6349152
0.55422103
1.0257893
0.4233511
2.860999
0.32847372
2.885581
0.74682474
1.714677
0.8944638
0.99037814
0.5928947
1.258693
1.0591254
0.4090039
1.7699157
1.2351906
0.5036371
1.5560006
0.4391974
4.2178345
0.26741615
2.8376102
0.23337713
3.1888604
0.58938515
1.74647
0.76247036
1.0108086
1.0344124
1.1983185
0.9534124
1.1049232
0.93352634
0.51151323
1.0782195
2.892406
0.33946723
1.380733
1.8542602
0.2587036
2.5690155
0.69418687
1.3290337
0.52740884
1.4989264
1.132443
0.42960167
2.0070252
0.47510135
2.1182446
0.44774228
1.5299077
1.1758159
1.2386291
0.47598058
2.820988
0.441631
0.8804586
2.3053083
0.59875715
0.8247819
1.2842001
0.8961283
1.0192422
1.047304
0.52520204
2.2444088
0.20783684
3.1170347
1.0033195
1.0468068
1.8723748
1.1156625
0.32984588
3.2270772
0.55415964
1.6101103
1.2077696
0.9809741
0.40385252
2.9048576
0.71173036
0.5951601
2.4408407
1.4096627
0.49520725
2.4216368
0.7718308
0.38644207
2.6757221
0.83064604
0.48079908
3.0209036
0.86553025
0.8010998
1.9688601
0.7494472
2.538904
0.49116927
0.88674045
3.1178985
0.75116444
1.1619188
0.76391333
1.7325201
0.5954007
1.7880185
0.40437537
2.2096834
1.1079688
0.96306694
1.2377057
1.0636253
2.2601361
0.6471799
2.0619125
0.85006183
1.3289919
1.195524
0.27297455
3.3795457
1.23017
0.3715348
2.8533058
1.4063332
0.31927788
3.8768663
0.65484035
0.8006966
1.9800994
0.31832486
3.2255564
0.6699236
1.227304
2.5927873
0.32190084
4.0899916
0.97743964
0.5112326
3.8607023
0.6002402
0.7168171
1.6633592
0.62829375
0.3553281
2.476025
0.8252132
0.46444196
1.100626
1.6162882
0.6022353
1.6812706
0.8625161
0.557021
2.7215219
0.4439508
1.0852334
0.542956
1.0121548
