0.85264003
0.69085807
0.71989733
2.227624
0.4042143
3.0679474
0.6650836
1.3077044
0.9579502
1.3831043
1.0105162
0.9270894
1.4010187
1.2512128
0.5498139
1.0606248
2.7697377
0.102010556
4.5573425
0.9030873
0.4949889
2.1060917
0.7907105
0.30746782
1.9741896
0.2969339
3.17601
0.23697883
0.94007605
2.6062984
0.34470472
1.7436194
1.2373431
0.63231385
0.96688795
0.58042467
3.1147726
0.37807977
1.6594617
1.07825
0.68459946
1.3456752
0.67118466
2.309535
0.37987214
1.7240803
1.3361912
0.211144
5.109764
0.51723653
0.6974901
2.20668
0.42722213
0.95906985
1.3246063
0.38097334
1.626518
0.6569638
1.1477737
0.9844631
0.56558496
0.99159604
1.1447625
0.40132177
2.2496128
0.5889394
1.7181941
1.1237832
0.74081016
0.69258624
2.2727156
0.8648479
0.9978891
1.1322639
0.5968935
1.3859341
0.21083419
2.943935
1.0048239
0.18397112
3.6845565
1.1062794
0.4860398
1.2022157
0.20491648
1.7922579
0.8870853
0.17859629
1.6678778
2.055974
0.41017625
1.3614109
1.48229
0.36459315
1.5363061
1.0649756
0.9909339
0.76896834
2.0572064
0.19600014
4.5854797
0.2973031
2.4425702
0.75608784
1.166028
1.1904969
0.5382683
2.1916416
0.6688106
0.9311451
1.214967
0.71619064
1.1063218
1.2451713
0.3684136
3.519096
0.512481
0.67473614
2.7641442
0.6311931
0.747404
1.8930781
0.40958345
1.6531525
1.10426
0.44110382
2.123487
0.95023113
0.5706495
1.4561757
0.7307723
0.5229453
1.2541516
0.9726467
0.7847678
1.8183371
0.44234568
1.80044
1.210213
0.49740064
1.460944
0.4009691
2.7682292
0.4414292
1.6608511
0.84446
1.176253
1.2734843
0.5212152
2.6673374
0.4797072
0.5337286
3.444933
0.49346936
1.3388577
1.0941898
1.3775115
0.5179299
1.3174857
1.0321901
0.60187316
0.81332487
1.5736265
0.6811962
0.95519406
0.9031435
1.0205858
0.18397926
6.434705
0.82365817
0.9820411
0.60406893
1.8536218
0.26196754
1.8874876
0.83476335
0.8992587
0.87236214
1.2005898
0.7164912
1.6263725
0.513685
1.1821853
0.5629107
0.95446336
1.8388617
0.97727644
0.81904787
