1.9558411
2.0228055
1.9850935
1.9410313
1.9243436
1.9104424
1.9081521
1.9883723
2.0039816
1.9460073
1.9228892
1.9627788
1.9906396
1.925385
1.9609445
1.894283
1.9487774
1.9239035
1.9645998
1.935185
2.0142002
1.9536182
1.927756
1.9808843
1.9220476
1.9524477
1.9033624
1.9350402
1.958843
1.9028072
1.9111948
1.9807938
1.9324963
1.9168277
1.9534023
1.9295197
1.9216397
1.9462086
1.9841614
1.9424353
1.9319949
1.9218984
1.9282334
1.9543124
1.8913314
1.931871
1.9395182
1.9247369
1.8774675
1.8767825
1.9607612
1.9469227
1.9645586
1.9585925
1.9570334
1.9583902
1.9013526
1.885608
1.8897458
2.011708
1.936809
1.931512
1.9432118
1.9310591
1.8723105
1.9456031
1.9914738
1.9355465
2.0113525
2.0534341
1.9833685
2.0067778
1.9718864
1.9438901
1.9607929
1.9644672
1.972624
1.9019978
1.8891873
1.9206336
1.9664799
1.9358972
1.9518957
1.9668977
1.9778957
1.9284554
1.9216743
2.001551
1.9643407
1.9432951
1.9625499
1.9412507
1.9424087
1.9038954
1.8874813
2.0484958
1.9812248
1.9535774
1.9351338
1.8971565
1.9271894
1.957092
1.945678
1.9210398
1.9920504
1.979065
1.9813489
2.0050182
2.0243237
1.9592048
1.9354038
1.9496424
1.963207
1.9700441
1.9846277
1.9146984
1.9663956
1.9637198
1.9326329
1.9528496
1.9171278
1.9950448
1.9610661
2.0035863
1.9856368
1.998442
1.9298046
1.930877
1.925076
1.9031926
1.8862101
1.9780978
1.933937
1.9602101
1.9666808
1.9882382
1.9713426
1.9553277
1.9575022
1.9331653
1.9170952
1.8699846
1.9371321
1.9415382
1.9624975
1.9688971
1.9718628
1.9443861
1.8856224
1.9513042
1.9414613
2.010078
1.9362968
1.9603353
1.9489756
1.9659234
1.941268
1.9383036
1.9239669
1.9396341
1.9962986
1.9688432
1.9813396
1.9183646
1.9720454
2.0521088
2.0364647
1.987844
1.9520074
1.9119002
1.968262
1.9234514
1.953779
1.9501597
1.9286611
1.928981
1.9148048
1.9269316
1.9740131
1.9773086
1.9352866
1.9260986
1.9490398
1.9121549
1.9852222
1.9480405
1.9673026
1.9978344
