1.0861907
1.2111648
1.5498986
1.4483467
0.9425101
1.7652336
2.0510638
1.2347827
1.0035243
0.76885086
0.88929254
1.2774988
1.1825616
0.9953244
1.2495505
0.9701942
0.97363216
1.1399474
1.5113478
1.4011503
0.9464509
1.0540304
0.917362
0.82163835
1.0719228
1.256566
0.9386973
0.95471627
0.8982303
1.0817357
0.7678716
0.82148534
1.161
1.2180152
0.8812933
0.9822962
0.9914641
1.241249
0.9475597
0.9652517
0.97960806
0.7853536
0.9599142
1.0008109
1.1326455
0.7009345
1.1133463
1.4205498
1.1728728
0.8225901
1.0955789
0.992584
0.8736205
0.91285896
0.8192478
1.0530298
0.80371666
0.79222417
1.1813723
0.9343047
0.8406739
0.7752277
0.8754156
1.467247
1.5115892
0.8933614
0.9339193
0.88687
0.879951
0.7690308
0.91164345
0.8836465
1.5588772
1.3891957
1.0344704
1.0767577
1.1945198
1.2165539
1.221884
0.99974453
1.1130779
0.93555224
0.73933244
0.9676804
0.9800385
0.9721935
0.8729261
0.97049534
0.60858154
0.8326402
0.9480399
0.91586924
1.2704188
1.3605621
1.1845021
1.2184954
0.9843048
1.1614784
1.078427
0.96989584
1.1944532
0.823315
0.9009796
0.98048896
1.0063859
0.9829792
0.7570491
0.6917409
1.1360682
0.93850464
0.91425943
1.8981233
1.5329508
0.87236553
0.88364476
1.0607764
1.0398875
0.8868908
1.5461639
1.1995201
0.96627754
1.4463235
0.9892608
0.99470854
1.0665611
1.0371081
0.8528893
1.074791
1.1160762
1.1930768
1.3032023
1.1099974
0.9970377
1.1851509
0.93931687
1.1419103
1.0468835
1.4235692
0.7098764
1.0229561
1.1945928
0.9421965
0.56051475
0.9504149
1.0496793
1.2660447
0.737942
0.64912885
1.0757315
0.8098769
0.7796813
0.9130256
0.90012085
0.82222736
0.8367858
1.0189409
1.0787314
1.2095921
1.0061516
0.97575206
1.2140391
0.97089493
0.7575649
0.898033
1.0406858
1.012158
1.0123394
0.96164227
1.0282433
0.80660707
1.029842
0.89652854
1.2955458
1.4272537
0.9507865
0.76517653
0.95116305
1.033178
1.1806519
0.8605609
1.0282352
1.1933926
0.973402
1.0730333
1.0151625
0.65386736
0.77586854
0.80214906
