1.8179693
1.8809562
1.9804822
1.9811277
1.9716681
1.9735475
1.9354837
1.9237609
1.911916
1.9203978
1.895317
1.9176545
1.9186082
1.9186785
1.9740757
1.8728359
1.8819641
1.9656761
1.9159727
1.8450947
1.8919123
1.9009454
1.936274
2.0133934
1.9354488
2.0095751
1.9040285
1.975366
1.9684446
1.9372885
1.9223099
2.005191
1.9648173
1.9838041
1.9361813
1.9263464
1.9046377
1.8643354
1.973912
1.9081693
1.9183605
1.998039
1.9348955
2.0242953
1.9157448
1.8628068
1.9091566
1.9442887
1.9395812
1.967127
1.9803493
2.0186408
1.9409842
1.9104203
1.8998117
1.9372528
1.8958982
1.9352509
1.9467231
1.9587293
1.9189839
1.9172999
1.9484081
1.916673
1.915157
1.8905615
1.9077947
1.9157021
1.9207523
1.9189749
1.9253793
1.9250516
1.8926302
1.9083078
1.8685272
1.91319
1.8870718
1.9596276
1.9770815
1.9904504
1.9843202
1.9977783
1.9634948
1.9016564
1.9216895
1.9131417
1.886254
1.8906908
1.9259427
1.8871658
1.8952534
1.9260825
1.8388716
1.908623
1.8628025
1.9561505
1.879969
1.8253434
1.8689522
1.9240105
1.9245706
1.8858674
1.9240608
1.9631121
1.8661458
1.9180934
1.8702627
1.9292167
1.8871574
1.9384472
2.0446944
1.9678102
1.8958876
1.9109893
1.8957472
1.9037883
1.9554262
1.9690871
2.0390878
1.8957908
1.852549
1.9845594
1.9137294
1.9429002
1.9812835
1.9700317
1.9279078
1.8907887
1.91441
1.9422162
1.9141283
1.9027611
1.9399428
1.9137635
1.8953469
1.9027553
1.9045758
1.940223
1.9199607
1.9610484
1.9500123
1.9572896
1.9803114
1.9333483
1.949802
1.9950294
1.8880825
1.8411729
1.9330097
1.878814
1.9935259
1.8940573
1.8606396
1.9694601
1.9857029
1.9941581
1.9396224
1.8971057
1.904549
1.9743191
1.9178371
1.9041595
1.916068
1.976078
1.9034705
1.9141816
1.9311955
1.8794461
1.9395974
1.8987238
1.922687
1.9296265
1.8843403
1.9029124
1.9375205
1.914125
1.8716364
1.8739786
1.9932725
1.9489194
1.9443934
1.8714514
1.8735257
1.8987192
1.9062812
1.9500716
1.948246
1.8987597
