0.2993977
0.38650575
0.25535595
0.17888594
0.297724
0.38678223
0.3554742
0.25397897
0.1890636
0.18906367
0.20992544
0.25061214
0.16349697
0.2519611
0.26577604
0.23880109
0.23376016
0.552307
1.1063536
0.7725462
0.23536219
0.18841404
0.39711404
0.22283867
0.28085887
0.47461185
0.34289503
0.2608947
0.21256033
0.12064007
0.31164512
0.48016906
0.46827948
0.20355338
0.32499894
0.4815293
0.40515184
0.5247042
0.30410013
0.43186462
0.57355976
0.24604504
0.1046166
0.16792157
0.23541105
0.2758882
0.21988736
0.34942767
0.44485813
0.21483268
0.26392776
0.7859288
1.0344679
0.28876716
0.46755993
0.21324363
1.1727296
1.3137829
0.118470594
0.7173061
1.1487868
0.36067772
0.24643674
0.3226389
0.44995883
0.38315886
0.41485035
0.38991264
0.18816507
0.4806372
0.37432042
0.22772078
0.3383664
0.2714516
0.31608662
0.2014718
0.23830014
0.25049886
0.32626864
0.2774772
0.36877215
0.2357625
0.4891063
0.59521294
0.27958822
0.2204052
0.43006632
0.42903778
0.45435545
0.40224755
0.2579871
0.24643068
0.22212926
0.3029654
0.21416958
0.19576502
0.14345911
0.37742427
0.45320305
0.3234939
0.28733057
0.23363873
0.40844294
0.22853325
0.13990907
0.18328184
0.29427648
0.16001335
0.49484327
0.1289635
0.46684012
0.72391266
0.3700589
0.23369715
0.25276598
0.31042534
0.15604803
0.15206805
0.20846173
0.20331484
0.37767
0.3061682
0.21681511
0.18088573
0.39952493
0.42084455
0.18906714
0.26158893
0.12509058
0.25223982
0.23748119
0.15257609
0.1846877
0.16585374
0.16710465
0.12957032
0.24940804
0.2841975
0.23319677
0.2725957
0.2332828
0.47988936
0.16308522
0.19085442
0.24422361
0.26563066
0.133351
0.35195556
0.31033105
0.11140409
0.087646954
0.20999631
0.16438442
0.18578233
0.2751037
0.29021052
0.2660249
0.16433135
0.17833762
0.1593713
0.32154822
0.2075918
0.30263346
0.122665495
0.26093882
0.16800332
0.3324517
0.16409984
0.23262998
0.27737704
0.22165623
0.15240711
0.15341234
0.5031054
0.801387
0.33108553
0.23267461
0.25698838
0.19666247
0.15896595
0.29744256
0.2124727
0.20093021
0.2046556
0.24528229
0.24449433
0.23637891
0.13264757
