0.2347998
0.40667507
0.37152466
0.20042753
0.46066818
0.61702025
0.8897304
0.9240236
0.60134304
0.38883263
1.1257771
0.71988326
0.38183627
0.59072894
0.35608053
0.31104493
0.4088636
0.41084874
0.36706397
0.4202106
0.43396384
0.21881288
0.27841264
0.35339335
0.22759882
0.3009984
0.45575133
0.3386202
0.36125562
0.36841533
0.6571767
1.477875
1.3960478
0.44536984
0.2549625
0.38021004
0.47197068
0.49480033
0.2801397
0.4985381
0.30487067
0.40100968
0.3623591
0.2361905
0.5755892
0.64830965
0.4923103
0.33800608
0.65282685
0.5650089
0.20942262
0.2930196
0.22728345
0.31583092
0.29809338
0.2887801
0.31994358
0.5329133
0.39545286
0.2623909
0.39494526
0.41446263
0.40214932
0.4755326
0.5221814
0.41525042
0.5244256
0.55928385
0.7777875
0.54357094
0.27442122
0.64153093
0.4470108
0.61418396
0.4662759
0.3231678
0.34714884
0.2743131
0.35690683
0.39416975
0.43139166
0.3568758
0.38722327
0.3238038
0.3608847
0.45473233
0.359192
0.4670172
0.36481288
0.20990287
0.5022181
0.710235
0.52261317
0.2538526
0.4320207
0.23392369
0.2682095
0.5367534
0.41447303
0.32605973
0.2993558
0.466797
0.30523592
0.38592005
0.83341783
0.9714132
0.2672889
0.39572555
0.50105333
0.26079807
0.41226164
0.30120584
0.28226334
0.29837358
0.29973555
0.18254434
0.6268735
0.75086117
0.26325595
0.37761799
0.5513856
0.28286147
0.28376868
0.5107906
0.87980455
0.21779686
0.552386
0.77224493
0.25322393
0.41827226
0.6001664
0.13326453
0.3457384
0.6181379
0.16028786
0.16493016
0.30134344
0.2858181
0.34549302
0.21019624
0.3210618
0.38325453
0.18643999
0.36408442
0.9621885
1.9999415
0.37953213
0.3966616
0.41397655
0.44389486
1.2678056
1.4935888
0.54756576
0.58439064
0.70774907
0.42812535
0.23955077
0.46329784
0.37777254
0.21691072
0.53824234
0.731989
0.40117693
0.43932322
0.9964702
1.24393
0.6927349
0.31506234
0.585648
1.040688
1.1897296
0.42282915
0.4096758
0.43393093
0.42705777
0.46009845
0.40545776
0.6513894
0.4454049
0.23065084
0.71013075
0.9045548
0.4099018
0.38062125
0.51601446
0.3986286
0.28647906
0.275577
