1.8612232
1.2898486
0.9819616
1.0659332
1.0832363
0.7966684
0.82259667
3.1451426
1.3182824
0.6781205
1.3890519
1.581291
1.6053661
1.5460107
0.5782161
1.4002264
1.9221282
1.1440395
0.76350427
1.8484367
1.590603
1.0219622
0.30664104
2.9438558
1.2970939
0.75493217
0.65927094
2.9632883
0.7290261
0.821726
1.0336763
0.86264926
1.3311968
1.8341506
1.4417499
0.5383675
0.5420765
6.546055
0.82403946
1.3794701
1.5769917
1.173487
0.74637145
1.8603114
1.1300355
0.8534046
1.126389
1.8931128
0.17600325
7.581721
3.6132357
0.5785202
2.161768
1.4876231
1.0989718
1.7395732
1.7018218
1.2017428
0.20387945
6.1504416
1.2660297
0.2222591
6.046096
1.1248186
0.83835495
1.8538327
0.2964936
2.882761
1.6399012
0.6967099
0.33538097
3.4475145
1.2561827
0.17483628
0.6142325
2.3390584
1.1168392
0.82514536
0.7053831
0.90726197
1.1587064
1.6866791
0.7037718
0.9068874
1.4980919
1.2325087
0.76641977
2.0103521
1.4179518
0.9168038
0.9038505
2.0342798
0.8763867
0.9922433
1.9127669
0.37295836
3.0024529
1.2980328
0.77847564
0.51737916
5.8348675
1.2020445
0.32740176
1.1711026
2.2319045
0.47862667
1.1724262
1.2067
0.7067088
1.0713499
1.0326521
1.398184
1.0995831
0.8920427
0.845855
1.0344115
0.77102596
1.0755804
1.2514515
1.1206483
0.8239013
0.96370596
1.0032387
0.867333
1.0155181
0.52113444
2.2611184
1.6852067
0.64518285
0.49297798
0.7537872
2.1305015
0.95743716
0.6150576
2.5110552
1.457112
0.5076081
1.3577883
1.116246
1.7063468
0.9149699
0.41730386
4.0851264
2.0313864
0.16634154
7.760836
2.5823054
0.28601608
4.4768734
2.022563
0.2577587
9.364613
0.48533905
0.70954716
6.3042674
0.32900596
5.365918
2.0992644
0.3922544
2.324345
1.4233727
0.39832187
0.9294354
0.7972989
2.7961755
1.3663961
1.2184352
0.6604653
0.99383426
1.6016529
1.0984021
1.3504155
0.43916756
0.5361418
0.85381573
2.1363792
1.0374622
0.24772531
3.248406
1.0034118
0.34802598
2.5367122
1.3598752
1.2366787
0.42993572
3.3390872
1.3794075
0.7025925
