0.012664375
0.16130957
0.060701765
0.06613705
0.07628181
0.14033233
0.056076072
0.09321234
0.1844282
0.10018518
0.17818192
0.03499601
0.09555138
0.098216325
0.24205688
0.18701328
0.03392415
0.027519166
0.11356786
0.066506095
0.07137894
0.10047939
0.06816527
0.055699833
0.22392327
0.14579949
0.09201669
0.03102896
0.08209507
0.11824296
0.07374882
0.20247152
0.09507855
0.031869538
0.038820133
0.12696716
0.062492073
0.25536025
0.25861335
0.032335736
0.029781092
0.23418869
0.08609902
0.21113202
0.05153737
0.12399047
0.030100787
0.092427604
0.042967808
0.062309925
0.09949686
0.033373903
0.08430469
0.06776747
0.031108528
0.13338432
0.07450029
0.10210657
0.10270479
0.19342144
0.046250142
0.23178187
0.10132429
0.14598721
0.09816833
0.06492323
0.053564508
0.036065456
0.1325211
0.09044294
0.019896809
0.16917118
0.038272314
0.12894295
0.08086766
0.15141848
0.01972599
0.051541228
0.0709539
0.049594957
0.02795444
0.039486706
0.09375344
0.09853423
0.23620258
0.46799728
0.1875155
0.07491682
0.044199787
0.07014136
0.07975204
0.15077376
0.03465873
0.031016394
0.02274023
0.070624724
0.024316184
0.035507992
0.057962414
0.12605843
0.097599894
0.018181354
0.06530911
0.030602364
0.13520601
0.07513857
0.14490244
0.07168399
0.2899568
0.40116853
0.041892853
0.08068602
0.049902864
0.21960661
0.09876477
0.0840217
0.017028682
0.026348086
0.022989776
0.044251252
0.083953865
0.012218808
0.032880932
0.023960605
0.05671752
0.10121089
0.015273035
0.029294701
0.04947436
0.034745477
0.0419036
0.08902938
0.0249538
0.12519202
0.023647375
0.2679667
0.12285702
0.2507209
0.16329888
0.3252827
0.9184871
0.15347369
0.10209783
0.043889504
0.050959047
0.020866336
0.040526234
0.07894915
0.09282254
0.030586455
0.1960988
0.055606052
0.16003771
0.0753075
0.0884999
0.088937305
0.07758178
0.031930253
0.06740704
0.029683623
0.02732596
0.13966303
0.07420476
0.04303605
0.136767
0.09930707
0.108105764
0.07514613
0.04309443
0.030765647
0.18556742
0.12760028
0.06568223
0.055409838
0.15944956
0.0852606
0.3138975
0.16686705
0.044015247
0.04318133
0.011394842
0.004249225
0.02996632
0.07371266
0.048913855
0.07448013
0.034450084
0.06295402
0.030629747
0.039772794
0.07352048
0.037577935
0.03379759
0.032339185
0.03283432
0.07378218
0.051086146
0.012779791
0.032641634
0.026258413
0.035525724
0.10489553
0.051637836
0.25535262
0.16729449
0.033435285
0.0649049
0.10964634
0.0515721
0.034220625
0.06449059
0.03760544
0.042605903
0.019980462
0.12580079
0.101261914
0.019950155
0.061448134
0.035615
0.075701624
0.020887315
0.15489933
0.060831357
0.15131831
0.068231486
0.07924807
0.050426424
0.0267712
0.047039695
0.020175904
0.05901565
0.103269644
0.034904804
0.047306515
0.028830184
0.10774533
0.017097838
0.049067676
0.01714361
0.098964736
0.04949942
0.059507016
0.06508287
0.039756406
0.04025141
0.027235929
0.06410577
0.047865354
0.054153472
0.018734915
0.053360485
0.04805316
0.045878425
0.09985818
0.043535277
0.2312837
0.18609636
0.036060918
0.027353562
0.062397473
0.0212834
0.04114168
0.025488239
0.039578333
0.028276771
0.014928161
0.011876642
0.041536972
0.02200219
0.052448016
0.08669331
0.0549152
0.03034665
0.01800709
0.058340825
0.05444252
0.037067942
0.040036485
0.063471414
0.01655344
0.0956465
0.048933126
0.09024635
0.10964371
0.09920061
0.115385264
0.079195715
0.07780651
0.18691696
0.014417218
0.013968924
0.068461135
0.1895153
0.3812248
0.23300694
0.16230172
0.11529368
0.076314144
0.013225801
0.024201913
0.0889857
0.15607545
0.19828086
0.008458604
0.027528826
0.019092778
0.02562085
0.008992218
0.037698347
0.15994473
0.07061716
0.18455625
0.08146974
0.2505015
0.17679974
0.039380886
0.03507796
0.0318212
0.096497424
0.04721252
0.18563211
0.054921206
0.015288877
0.017931487
0.00662022
0.027924635
0.04664868
0.0307539
0.04570084
0.0074663563
0.052038714
0.011384056
0.027569842
0.026593104
0.029695772
0.047113854
0.022636855
0.027471075
0.11992876
0.0867059
0.09331495
0.015936345
0.13161474
0.08894759
0.08172335
0.053355902
0.03941095
0.0065010497
0.019659966
0.033473037
0.06694881
0.07206898
0.073427066
0.06637698
0.015802566
0.074123174
0.093724094
0.08879111
0.015707564
0.052698314
0.03307478
0.041047677
0.024385426
0.026217362
0.034995724
0.033025905
0.026681866
0.09263247
0.030680789
0.030726615
0.038196385
0.011276276
0.076398954
0.045289513
0.021635279
