0.467642
1.4626284
1.5761962
0.41387022
1.7552162
0.42905042
1.6879597
0.708147
0.4372079
1.7722485
0.78259504
0.63034505
1.3311075
1.2712348
0.42970854
2.9137354
0.47064635
1.2222352
1.1163955
0.9622182
0.9760169
0.726791
1.2772796
0.5233849
1.790416
0.51936436
2.8023057
0.50605834
0.8222197
2.005908
0.3675674
1.237122
1.2053425
0.47250372
0.97925645
1.0667385
0.7888694
1.157581
0.6161287
1.9184209
0.4914316
1.4911168
1.0742939
0.500472
1.1018143
1.4525511
0.48517784
1.3978591
0.83572066
1.0969431
0.59283113
1.0715069
1.128134
0.63834727
1.6461191
0.4953733
2.0535207
0.40528303
1.7782022
0.82973325
0.6186837
1.5590596
0.40529698
1.5824809
0.6794033
1.4774776
0.5028249
1.3265917
0.7588991
0.5933263
2.176735
0.47419354
1.6105493
0.50459135
1.2532797
0.651772
0.87905145
0.47312444
2.011733
0.35046992
1.5060749
0.9041343
1.1601455
0.6330159
1.5815051
0.66341585
1.0482707
0.71847755
1.0975163
0.62449193
1.2315351
1.0046908
0.61954355
1.1762202
0.81984186
1.0183171
0.91998607
1.1791687
0.4533189
2.8383176
0.29589772
2.2364028
0.7072246
1.2088616
0.72279423
0.928362
1.2372868
0.47240734
1.1745498
1.2073853
0.28503495
2.235219
0.31987906
1.7667319
0.76831836
1.2838073
0.636626
1.317666
0.89383465
1.2541525
0.79332495
0.5765835
3.2609792
0.41374606
1.5359718
1.1500039
0.5104059
1.1440129
0.6300589
1.148865
0.58618987
1.3397291
0.47045755
1.0921866
1.2828625
0.33600825
2.488739
0.4061925
1.835115
0.8097775
0.80124134
1.2922792
0.6345987
1.7119478
0.5115598
0.9194957
2.452445
0.30820835
1.9943407
0.9835975
0.34217283
1.8101156
1.0959646
0.2997911
1.7497637
0.90581435
0.32880536
2.3209703
0.59634805
1.0776728
1.0510173
0.8417808
1.134331
0.7203771
1.4211007
0.87233174
0.5976977
0.87775743
2.0744734
0.48758647
2.2697203
0.36189145
1.2889069
0.9698659
0.6073286
1.5378203
0.6642126
1.2176523
0.6019475
0.47579816
1.8199501
0.7010197
0.9919865
0.42558455
1.7430316
0.51132655
0.778515
1.86821
