0.4512897
3.0925872
0.5576438
0.55376405
1.9132806
1.4381082
0.17670998
0.65060204
2.815844
1.9269716
1.3626338
0.16049325
2.0415602
1.8976789
1.3660197
0.39796135
1.4837441
1.3299321
0.75943625
0.51392967
1.1846695
1.4418831
1.1972265
0.38542107
0.72973204
2.6383932
1.8506768
0.6108694
0.71472454
1.9321793
0.9319024
0.5853089
1.2622246
0.8738872
0.33230215
7.036291
4.1233945
0.52744555
1.9349182
1.9562701
0.7619735
1.6641964
0.8120788
0.54850054
1.4541593
1.5104501
0.27734143
1.2747005
2.6194744
0.38175648
0.7117052
1.1469114
1.298754
0.2756551
0.5648131
2.5620584
2.2251716
1.4943161
0.4738264
0.59660214
1.194
1.1211548
0.8671737
0.70699525
0.7511442
1.6483216
0.83414084
0.8202397
0.5837337
0.30361533
1.4743977
0.73185694
0.7073947
0.5433471
0.80615807
1.1171646
1.4581599
0.72272384
0.7327553
1.9763454
1.3830402
0.4917639
1.0693022
1.4857038
1.0458043
0.48832303
0.69566864
1.3168817
0.26099664
0.70599866
1.2028277
1.377276
1.0394714
0.32742998
0.7068549
3.7804694
1.7567647
0.5451982
0.47371286
1.1178508
2.600153
0.6198337
0.45279098
0.62787294
0.55535495
1.1762426
0.68892646
0.72537565
0.81479573
0.67727476
0.97843194
0.9658928
1.3558702
0.14718156
0.773316
1.1061157
1.2690796
0.8727717
1.233276
1.3055513
0.984245
1.9263399
0.60654616
0.394379
1.5058314
1.5742474
1.349585
0.2648838
0.6280854
2.858061
0.6793691
0.7207616
0.67192745
1.1553026
1.0024302
1.3016299
0.59191436
0.7845236
0.799347
0.66685253
0.65425444
0.8246788
0.6780845
0.5687409
0.9601856
1.1388999
0.443892
0.60808253
0.689713
0.84287924
0.43035513
1.0940545
0.76494074
1.2923913
1.1305573
0.5149783
1.2011487
1.1508278
0.45978552
2.046074
0.9405209
0.6759825
1.1723173
1.5848951
1.1331867
0.8561056
1.063517
0.78732574
0.79825413
1.177835
0.708814
0.430359
0.94734687
0.25705975
0.9482099
1.176501
1.2964255
1.2380779
0.22083047
3.670343
2.190626
1.1752598
0.22240914
0.31653064
3.4640255
2.4739685
1.3847712
0.6111584
0.2821666
0.76942575
1.7323034
1.0842927
1.5544914
0.71243
1.5403032
1.2195226
0.36493555
0.15748116
9.036166
0.09469634
5.705699
0.66725093
1.2819872
0.43532872
1.1240346
0.74315727
0.4601149
0.22699344
2.247931
1.8559673
1.9593246
0.115251526
7.744623
0.9498176
0.57318246
0.5470561
0.43220106
0.7826882
0.8560413
1.0670632
0.6685833
0.661537
0.7674082
0.8589778
0.645978
0.8799676
0.39785314
0.7203842
0.14153959
0.74963975
2.3787417
2.2871726
0.48038098
0.5100384
0.8096203
0.63671786
1.3467833
0.7553873
0.9518116
1.1588814
0.7473297
0.70230454
0.8469497
0.59797454
0.9123716
0.92181695
0.9383426
0.52569044
3.6233988
0.12915361
5.12434
3.7893572
0.289654
11.177196
0.2504028
1.377367
1.8116033
3.8634408
0.24600753
3.8359177
0.3963961
1.3899896
0.5524688
0.49093324
1.8240156
1.2717829
0.3219236
0.9324607
1.0047908
0.5716279
0.45780125
0.58162546
0.57208246
0.18450083
3.1810799
1.5104669
0.16914234
5.796457
1.3814709
1.0591269
0.8950472
0.92404765
0.9919621
1.5951399
0.48336592
1.9817538
0.42017794
0.26965886
2.1523638
1.3074696
1.2451771
1.2535148
0.6597513
0.5208228
0.83776104
0.49693614
0.87872356
0.17879072
4.0149193
2.6249597
0.20237888
6.4993534
0.5737485
0.4045314
0.9338753
0.62954336
1.3705183
1.5838758
0.60947716
0.2784249
0.89225954
0.8627246
0.75440097
0.3287333
0.3959946
0.42692792
1.7216923
0.8325637
1.0694133
1.0016615
0.7115414
0.7757751
0.46422583
8.831738
0.6101577
0.33247715
0.61129797
5.0257883
3.7642932
2.3297877
0.85587895
0.20646156
6.96228
0.26396793
0.43530235
5.7432466
2.0390184
0.25450414
1.0047303
1.5735166
1.7526877
2.0960038
2.815026
0.9318712
0.5289713
1.9577007
1.56405
1.4071906
1.3856548
0.6578806
0.7304863
4.360798
1.2572051
0.60090965
0.82378864
1.4463266
0.99040496
0.72196746
2.3952389
1.5148908
0.34560558
0.41786736
0.9679827
1.6384501
1.8570545
1.2005962
1.5628859
0.86922425
0.9842706
1.0953776
0.5787927
0.41170332
0.549667
1.9482882
0.4825921
