0.19571087
0.3215196
0.29126602
0.41354996
0.6398211
0.27783608
1.0159489
0.666591
0.28911227
0.28134108
0.49977124
0.3533454
0.45702487
0.2563829
0.38817185
0.6008774
0.29676688
0.1965553
0.32212692
0.30516756
0.20953193
0.27985072
0.3867807
0.26807016
0.13177624
0.48875454
0.3628409
0.16587543
0.10966703
0.23308283
0.28082275
0.2076116
0.20787846
0.48825842
0.65316176
0.25339693
0.17759961
0.16995868
0.47755834
0.85479647
1.1496018
1.3150892
0.35110444
0.34790897
0.32365075
0.26256475
0.33867985
0.415672
0.24860454
0.41299868
0.33643413
0.2657885
0.33975524
0.199227
0.38470605
0.36909777
0.32964188
0.24950023
0.23390079
0.1612458
0.2161199
0.47242197
0.4907277
0.14777344
1.1310415
2.2659297
1.1100194
0.3166257
0.402924
0.2940423
0.6556697
0.85425115
0.37989706
0.17611288
0.3630367
0.5597521
0.34984896
0.5215601
0.74101514
0.3937713
0.16065994
0.28642458
0.21448798
0.09726067
0.42474005
0.14601183
0.2820281
0.094561696
0.19943482
0.17311697
0.27122295
0.13374303
0.1267271
0.5239901
0.5191856
0.54208404
1.124389
0.177523
0.51896524
0.46032572
0.123374596
0.40992647
0.35686058
0.72021085
1.9523809
0.4372049
0.4591765
0.47189236
0.26663405
0.2594952
0.14457543
0.061679542
0.25378895
0.37471968
0.19206053
0.090019725
0.62057394
0.7457989
0.2557373
0.67909265
0.8617995
0.4163991
0.49505234
1.3322212
0.2828912
0.1575159
0.62883884
0.8726604
0.23450454
0.72138953
1.3668953
0.3743288
0.620749
0.20046997
0.65851414
0.9324831
0.21610019
0.38244545
0.21242249
0.25418222
0.19592443
0.35842657
0.35863516
0.19749427
0.48954886
0.5714528
0.3313684
0.13336629
0.31731007
0.30060083
0.18342587
0.19283722
0.19017325
0.18427894
0.34456444
0.20685717
0.16824168
0.1993579
0.35469958
0.13166042
0.18285564
0.12178816
0.24812545
0.15411228
0.10930687
0.235281
0.19869038
0.16381444
0.17519638
0.10181186
0.12145201
0.11845309
0.18691476
0.18013456
0.21393484
0.2868686
0.18079205
0.27277815
0.33397323
0.09168603
0.09459405
0.08825725
0.044372533
0.42266518
0.67692894
0.22385553
0.6843653
1.1991589
