1.4064537
0.9517087
0.9773632
0.95212626
1.162235
1.1756954
1.1652862
0.8456937
1.1956499
1.3259639
0.9159505
1.0006629
1.3267235
0.9281134
1.3762386
1.2470522
1.0646352
1.1523675
0.9621773
0.94578224
0.8083329
1.0010091
1.0484743
0.9653624
1.0392106
1.1678305
1.2244673
1.2782736
1.0049548
1.0330888
1.1566975
1.5410004
1.2270081
0.96651125
0.9978998
0.9475248
1.0224329
1.0814749
0.98794353
1.0620027
0.92291284
1.2431502
0.88942504
1.1704247
1.1664842
1.6377516
1.4969854
1.3526251
1.3803976
0.88074315
1.0319607
1.0465994
0.7788484
1.327724
1.1929489
1.035219
1.1203151
1.2104934
1.0115676
1.0466664
1.0923461
0.92388123
1.094642
0.9373524
1.2338645
1.1241252
0.935057
1.2628921
1.4339111
0.9760157
1.145769
1.4658908
1.4428278
1.213711
0.984137
1.0015018
0.9786993
1.1204579
0.94573164
1.1237814
1.1685078
1.1157193
1.1590832
1.3581
0.99929017
1.2303231
0.89353186
1.2191366
1.0293783
0.95992357
1.0284472
1.0177336
0.97440803
0.9244724
1.0185663
0.91273534
1.1945155
1.8372653
1.0932888
1.0618262
1.2559311
0.95697093
0.9968891
1.0988941
0.92112356
0.94292355
0.9663555
0.8754006
1.2852458
1.1505263
1.2700938
1.1732557
1.1271615
1.262594
0.8780978
1.1497492
1.4684407
1.1946443
0.8734856
0.96885186
0.8015766
0.93526965
1.0775023
1.169487
1.0865359
1.0312464
1.104787
1.1377926
1.1663163
1.0068139
1.0075353
1.0817031
1.2291738
0.8270836
1.4063942
1.4240563
1.5855279
1.3237442
0.7963197
1.0992416
1.1703187
1.099659
1.070717
1.10025
0.99695194
1.4511957
1.2935634
0.9787849
1.0890424
1.0489514
1.0038716
1.1705344
1.0493724
1.0078502
1.1909648
1.0619749
0.9048589
1.0486717
0.9963346
1.1940467
1.0464712
1.0570395
1.0324667
1.0794864
0.8542377
1.2079502
1.2261318
1.3695678
1.2059357
0.99629104
1.0413407
1.0660677
0.93612117
1.2129858
1.3816812
1.301367
1.1167574
0.9492152
0.8056655
0.94913757
0.9473212
1.0114778
1.2408842
1.2100418
0.9895204
0.99610484
0.83873975
1.015726
