1.3674512
0.51593345
3.0897965
2.2153933
1.9926324
0.95462334
0.7973472
2.1071606
2.3014235
0.7611638
0.6858784
3.1895368
1.8986448
1.434661
1.3347466
1.8748181
1.7057817
1.12726
0.7771504
3.2067947
1.6167262
0.71526754
2.092464
1.5359223
0.78284067
1.2325832
1.2356741
2.0397558
1.7488346
1.1969738
1.1875265
2.018539
1.1945155
1.4043648
0.94791996
1.6554374
1.6811407
1.4488256
0.58674586
1.0052577
2.3814495
2.0186107
0.3985811
1.3299624
2.3996463
1.448535
1.2982348
1.3265578
3.228602
1.4454973
0.79677564
1.1398344
2.8400915
0.35541892
2.2134452
2.8253217
0.5774083
1.8018675
2.0012069
1.6660457
1.2381918
1.0029552
1.4036804
1.6256186
1.2807949
1.0065434
0.9391125
4.6264706
1.8725597
1.2564595
0.9453863
1.6826174
1.9673651
1.0716392
0.89517665
2.9347968
2.0202587
0.9056624
1.2739629
3.6723497
1.5386633
0.56074643
0.9547938
4.056404
2.2109199
1.9242692
0.4712145
2.2207599
2.618107
1.4831568
0.38083035
4.82443
2.232463
1.19405
0.6322235
3.6571422
2.287616
1.2684469
1.4669609
0.3960782
5.1432543
2.710202
0.9648673
1.4584265
1.3043712
2.0837111
1.752515
1.0991484
0.8760545
0.8684079
3.2459779
1.991959
1.4303789
0.35958892
5.7682605
0.47581872
1.4215822
2.126632
1.5593448
0.5922022
0.5026596
6.310503
0.82348585
0.57620394
3.7116582
1.7637959
1.1723543
0.92415214
3.6308427
2.2943006
0.5186939
1.222379
1.3084371
2.8137805
2.3628812
0.6486028
0.7137264
4.583078
1.5942882
1.4866194
1.1652405
2.1861477
0.86459833
0.9446991
3.797947
2.6999226
1.6566567
0.9440968
1.4927831
1.3233123
1.9515245
1.4204435
0.8698518
1.0432385
2.8026357
1.2456286
1.3600311
1.5181918
1.1837895
1.6518877
1.338732
1.5109203
1.0257561
1.892108
1.6460321
1.2973666
1.1047945
1.2072062
2.4670804
1.6094842
2.4320765
0.3635803
3.5187798
2.380241
0.8457545
1.5235866
1.6593018
1.5868626
1.0053294
1.0246804
1.2996018
1.0461067
1.4737822
1.0722433
3.391646
1.6081371
0.9654028
2.9521604
