1.887123
0.6367748
0.6208291
0.95073617
0.7159116
0.8918247
0.7985383
0.9055127
0.94125354
0.91835654
0.93741065
0.841923
0.8652372
1.0862539
0.7398252
1.0399251
0.777001
0.8757188
0.98823225
0.89965993
0.63218975
1.1996253
0.6918228
0.96393394
0.7923511
1.055401
0.57468
1.4451872
0.6296623
0.94287306
0.6188678
1.7759832
0.6287116
0.90384036
0.68916327
1.136758
0.9159832
0.6998552
0.88973725
0.81870216
0.69560504
1.1754274
0.7033107
1.0972885
0.63256663
1.2068939
0.7057879
0.9140239
0.9479353
0.902084
0.74602205
1.0729247
0.60399365
1.4207275
0.7525176
0.5946507
1.538411
0.58373755
0.97740203
0.8944055
1.0147669
0.5262542
1.4437776
0.68331647
0.6629364
1.2144127
0.9168953
0.6311319
1.1192636
0.7840799
0.53269243
1.0745038
0.8507054
0.62913454
0.8242879
1.2566128
0.5571512
1.2442315
0.6423211
0.956771
0.9334513
0.78033304
1.0214121
0.7826974
0.92953634
0.88679737
0.51726663
1.6661487
0.7184073
0.59319675
1.1235068
0.92101276
0.79968333
0.6826825
1.2339933
0.8228315
0.5086319
1.5702447
0.7834649
0.7704069
1.2748121
0.6119341
1.2700582
0.59990865
0.96854293
0.6243966
0.9956597
0.8355055
0.6859795
1.0463889
0.78762674
0.9516158
0.92714155
0.8496006
0.68976367
1.3149269
0.80187786
0.93128973
0.84328604
0.6353229
1.3133566
0.77751756
1.2111264
0.6750096
0.92699707
1.0580343
0.63004565
1.1033427
0.7339027
0.87635505
1.0709122
0.64061874
1.5637275
0.719343
0.73477805
1.0930539
0.6355164
1.3094513
0.7003749
0.8429394
1.040153
0.7268455
1.0886148
0.68083817
1.1640126
0.5921893
0.9708857
0.99690115
0.6866845
1.118478
0.81552386
0.65007937
1.1795856
0.66396576
1.2112246
0.7041928
1.0424116
0.7488251
0.83750147
0.8597156
1.364041
0.5990753
0.94010276
0.7582313
1.1755176
0.76227653
1.0270945
0.5064573
1.127231
0.8506988
0.9496776
1.1067572
0.3573854
1.2650473
0.79343474
0.9925919
0.7911834
0.82352054
1.1192783
0.74491096
0.8905529
0.8277056
0.9572228
0.87093663
0.8316474
1.2560797
0.74814045
0.6764467
