1.7302648
1.8104826
1.9573503
1.9081942
1.8339632
1.7988975
1.7139
1.7154886
1.732238
1.5791377
1.712737
1.77319
1.7912376
1.7353251
1.8233182
1.7582393
1.7205772
1.7715939
1.7069645
1.6871203
1.699917
1.6391599
1.6000124
1.601823
1.7158675
1.7186407
1.7642682
1.8030763
1.7230763
1.6126418
1.7512939
1.7264669
1.7249204
1.6874834
1.7070885
1.6935312
1.6392381
1.6972706
1.6999193
1.7788353
1.7397221
1.6462897
1.6599948
1.6426872
1.7743926
1.6854284
1.7345257
1.6280968
1.7002349
1.6261075
1.5664301
1.6595511
1.7405393
1.8730626
1.8249367
1.7262526
1.7544665
1.7914138
1.6598866
1.6840718
1.606988
1.598587
1.6146834
1.7600355
1.9383559
1.8756337
1.6658602
1.7214289
1.7297276
1.6899629
1.6633761
1.7228731
1.7014735
1.6397233
1.7054073
1.784486
1.7178411
1.6453311
1.6188265
1.7866215
1.6572868
1.8683676
1.8919991
1.6893241
1.7376679
1.6956539
1.711195
1.7174113
1.7735016
1.8038778
1.7393429
1.6418642
1.6848977
1.737349
1.7412846
1.7098355
1.7472706
1.811744
1.7380592
1.8602792
1.6017565
1.7215031
1.7524381
1.6726413
1.7197666
1.7495902
1.7916323
1.6603979
1.6595377
1.6054169
1.6360201
1.7581124
1.7585462
1.686866
1.5529456
1.5756607
1.6935079
1.5949341
1.630185
1.5740199
1.6907943
1.8279389
1.872746
1.8204937
1.7311282
1.7131085
1.9535605
1.6456637
1.685297
1.5490346
1.6280742
1.7168045
1.6329556
1.7707839
1.723966
1.7043082
1.6384103
1.706912
1.6118634
1.5998728
1.6125118
1.6800294
1.6906414
1.6131849
1.7528212
1.6809657
1.7516133
1.6405318
1.6089653
1.6515532
1.6997674
1.771168
1.7395473
1.6540277
1.5836494
1.6531489
1.6665499
1.6748751
1.7451774
1.7133647
1.673343
1.7959075
1.6906209
1.5823632
1.715986
1.8875682
1.998317
2.273907
2.3602479
1.7290998
1.8314455
1.7827654
1.6193832
1.7472897
1.7602913
1.8183243
1.506329
1.6230814
1.7514043
1.8086607
1.6571229
1.6079181
1.5452875
1.6250324
1.6667864
1.6708479
1.6605612
1.7256591
