0.913036
0.8428379
0.9837597
1.811161
1.7402546
0.94853413
1.0643342
0.84206355
0.83054143
0.8121821
0.8415568
0.8426552
0.7213564
0.74479043
1.1076695
1.8794125
1.5317419
0.982798
1.2273443
0.7346181
1.0207808
1.2493343
1.2093136
1.0029709
0.94685614
0.86309177
0.72689605
0.7844679
1.0960658
0.9089606
1.1919765
1.89499
1.8697735
1.1904747
0.74580234
1.2354827
1.4179333
1.5502665
0.99826026
0.90872777
0.92509794
1.2063227
0.8523418
0.7404605
1.0460875
1.2181828
0.97929335
1.0228676
1.2376227
1.6773773
0.8719739
0.74978304
1.0593854
0.77680063
0.92573094
0.8708812
0.9523234
0.98968285
0.89476335
0.92242795
0.9051789
0.9763596
0.8367785
0.9026483
0.8337217
1.2763277
1.5981262
0.8949195
0.8316606
1.0078478
0.8181011
1.2677567
0.96827036
0.93704903
1.019139
1.113665
0.99035734
1.4010756
0.73704696
0.897364
0.79410994
0.7450788
0.973482
0.7816992
0.98922306
0.8253094
0.84541416
0.94698143
0.9441298
1.5547613
1.1827121
1.183155
1.1353643
0.8168162
0.72331375
0.80595136
0.86305165
0.7967545
0.893366
1.0478768
1.1634874
1.2238126
1.2691034
1.4121324
1.1544969
0.8806021
1.1232085
0.83536434
0.93880713
1.1176155
1.161901
0.9828696
1.0378573
1.2657993
1.1702017
0.8778835
0.6961363
1.2900771
0.85290223
1.0481546
1.1272784
1.7202326
1.0887539
0.92279613
1.0126765
1.0438673
0.83983433
0.73046863
0.78747624
1.1989169
1.4678837
1.0732259
0.92468286
1.0686972
0.92886555
1.0246444
1.1116045
0.85412484
0.7350725
0.88040435
0.83838487
0.83139956
1.1249393
1.2823316
1.6875527
1.668612
1.0312283
0.82921886
0.95191646
1.2396395
1.057188
0.82908905
0.7739438
1.0001225
1.0075616
0.7963276
0.8539369
0.9035417
1.0441253
0.8139581
0.9925732
0.72942877
0.7641983
0.91414666
1.2677605
0.9938277
0.9512455
0.98231816
0.841079
0.663535
1.1443454
1.5173988
2.4053824
1.1843592
0.8757889
1.0565299
1.0418746
0.8067855
0.7533338
0.82629555
0.75237006
0.8973471
0.9474604
0.9432881
1.7368941
1.7819353
0.96146476
1.496466
