1.0393333
0.2762147
6.1598334
1.3470323
0.42095453
0.7285864
1.9139106
1.6112984
0.6159501
0.6026817
0.48783812
2.3505259
1.6550418
0.65696836
3.2205324
1.333749
0.6969491
1.8236634
0.8372053
0.9327905
1.5234973
1.3844695
0.33415234
1.499983
1.0838695
0.3858986
2.567516
0.8871837
1.092251
0.83890325
0.9079019
1.4918902
0.36067957
3.6418061
1.8676062
0.21994917
1.7936033
1.9578087
1.5091193
1.5067614
1.1202866
1.2201271
1.4801646
1.5334505
0.6199052
0.553247
1.8103166
1.5082505
0.6534356
1.1011614
2.0176728
0.8874596
0.75541806
1.1971903
1.3466855
1.0495929
0.7649087
0.6874265
1.2211738
1.0628357
0.86062455
0.68097353
2.1839094
1.0606165
0.9034599
0.40256846
2.0523157
0.7143383
0.66215146
1.6302878
1.7948692
0.57096046
1.4136164
1.4210163
0.39154303
5.466107
0.24172115
1.4049952
1.8765272
0.29204717
1.5561359
1.7454443
1.0835525
1.1767404
0.6189692
1.4041593
1.4286885
0.42215383
7.8243895
0.44868737
2.774866
0.72073424
1.418863
4.370818
0.07706574
9.707208
0.18612653
7.0455337
0.5573833
4.5088773
1.3817065
2.2083788
0.89834875
0.92769516
2.870133
0.6466899
2.6864157
1.558583
0.34390068
3.2493343
0.93009454
1.5527806
1.4953898
0.4602548
3.992209
1.6299968
0.3152631
4.8050785
0.94823927
0.47719967
3.6195512
1.9923185
1.2603066
1.0428299
1.0223825
1.9286392
1.5798277
0.5258029
1.9010742
1.3038851
0.5173838
2.026014
1.7901618
0.43410626
1.4103873
1.6558863
1.1394742
0.29304367
2.8817866
1.4240305
1.3171144
0.35911685
1.1162417
1.4041326
1.4257811
1.0763469
0.9521242
0.54584634
1.0745549
2.0383444
1.19347
0.6030542
2.0968337
1.7524421
0.26189354
2.509613
2.1791596
0.43012616
0.48341864
1.5039567
2.0740783
0.6394639
0.8983044
0.86325365
1.2167028
1.1915984
1.0287533
1.1542408
1.1703689
0.9718424
1.1148088
2.2270877
1.3683336
0.47093558
0.76943994
3.2450683
0.7685417
0.97266126
1.7714224
1.2529701
1.1337428
1.2246351
0.91699284
1.7976941
1.2064569
0.40134975
1.0660679
1.6750861
