1.1433183
0.41099393
3.68783
1.0721924
0.8399872
1.5418646
0.99774325
0.7424675
0.7189128
3.2485852
0.39680552
0.66973984
1.120907
0.80297995
1.2072638
0.81561524
1.9891332
1.3902497
0.20998956
5.3787313
1.1495965
0.8828336
1.580313
1.9756534
1.0903399
0.7258598
1.0017555
2.4159317
0.5524237
0.8701303
0.847891
0.7798137
0.9953035
2.3281949
0.7188033
1.0605637
1.310113
1.1404132
0.54688656
2.7927246
1.6043057
0.5182069
1.8452532
1.5781652
0.82790804
1.7459576
0.64278156
1.1222694
1.3297088
1.1168344
1.1084224
1.2973607
0.43618262
3.1684895
1.0205945
1.3591917
1.1539361
0.8882495
1.3133063
1.4569492
0.8116288
0.57037723
2.4563901
0.49850273
1.7986994
1.0366089
0.37432766
1.7108979
1.9172832
0.5967665
1.7511785
0.9691601
1.3121264
0.33987498
7.5813923
2.495231
0.8949081
0.75063246
1.9514549
1.2753408
0.5572953
1.5319318
1.8062823
1.6918715
0.27101964
3.2554498
2.1059494
0.31096035
4.8848763
2.7680962
0.75610334
0.946807
1.2192967
2.2546859
0.30559516
2.128267
1.0070812
0.9356515
1.242199
0.71177727
1.3701811
0.8126387
1.9231366
0.4863896
2.1307755
1.7429574
0.4698628
0.99270225
2.4043255
1.0704142
0.78588027
1.3652525
1.017313
1.7617255
1.6325835
0.81501615
0.67240095
1.5338259
2.4833055
0.40601468
1.8660103
1.367432
0.3531317
3.2101305
0.7527473
1.4960916
1.5363363
1.2129822
2.0112302
0.2595713
2.9497766
1.8150985
0.15756007
4.5004315
2.1925828
0.9007767
0.3276646
8.441095
0.77273124
0.8514102
3.4348392
0.58250654
0.59496003
2.2067084
0.91630477
0.83921355
1.098514
0.999261
0.43190515
4.4562645
1.3841989
0.46855748
3.9289594
2.2395241
0.5347392
0.7801156
2.5795023
1.9902235
0.5482775
2.4475658
0.40589535
1.9353844
2.0620337
0.5264456
1.219604
1.5331275
1.4119878
0.6689055
0.7264868
1.6021073
1.9552635
1.8280861
0.43252155
2.1839812
1.3381647
0.8769506
0.76166695
0.38945836
6.494268
0.4082505
0.6178991
7.4066763
1.609288
0.43231514
3.7504556
2.0133085
0.47103152
4.6432176
