0.086490676
0.06062423
0.1796672
0.64570045
1.4620979
1.9944121
2.1426668
2.0950036
4.0110373
1.3947711
0.3326828
0.3675792
0.7926272
0.36062598
0.21985176
0.55542916
1.3279476
1.2683768
0.72684836
0.6182784
0.14122717
0.26064375
1.3004925
2.9637165
1.1268429
0.54138225
0.73891383
1.7466292
1.8272077
0.6830423
0.24888761
0.8182149
0.93867874
0.3949083
0.78454244
1.9082308
0.90964437
0.1752644
0.73787534
0.91318226
0.29582325
0.52856135
0.39172024
0.7552361
1.0829989
0.4058709
0.26502967
0.35147405
0.38312715
0.7283328
0.23606229
0.46557713
0.37322313
0.19185692
0.27836242
0.19558252
0.54552484
0.31428915
0.10666824
0.18324229
0.4626615
0.44750446
0.23186184
0.31861207
0.387832
0.12410121
0.31901184
0.38766688
0.40129778
0.2463088
0.17041948
0.21251789
0.22772397
0.22857444
0.18830998
0.2547371
0.43228725
0.3422823
0.15412705
0.10760203
0.18501958
0.3438738
0.28393456
0.35099158
0.40739274
0.084241726
0.48557976
0.3642983
0.13361064
0.4317919
0.6736756
0.13062531
0.8519636
0.45238596
0.4149734
0.38053754
0.1019969
0.51736873
0.616042
0.6932983
0.63753945
0.27843717
0.26416424
0.17955169
0.16546927
0.33885476
0.64211035
0.91764987
0.10826642
0.7418694
0.3654229
0.16705722
0.17980616
0.24625662
0.16786534
0.2472598
0.0830218
0.1839734
0.4279465
0.47798175
0.28259683
0.03738196
0.3438665
0.16042496
0.13498083
0.17467737
0.17171091
0.19353315
0.30886087
0.22885658
0.42754382
0.35255933
0.18118507
0.065938234
0.22694895
0.15263063
0.090995744
0.2308429
0.09334753
0.46338508
0.13214397
0.2361705
0.14468458
0.41111356
0.3405574
0.13867319
0.03253095
0.3176647
0.32157695
0.24974775
0.22973955
0.39562938
0.4111438
0.20962115
0.18488853
0.23046002
0.50332195
0.26056156
0.05678196
0.10093267
0.06649074
0.074213535
0.14574306
0.14673379
0.28488123
0.5988288
0.27098596
0.20412944
0.15083733
0.18035185
0.17016192
0.79721427
2.2877316
0.9071621
0.8718568
3.2584505
0.20605995
1.0000911
0.31441647
0.40642166
0.06387654
0.69075507
0.8129083
0.78408283
0.78664535
0.110425785
0.7382061
0.33109164
