1.2208902
1.5070657
1.6396605
1.8919916
1.497837
1.5503612
1.7995282
1.4491514
1.4392076
1.3244556
1.3962653
0.9645209
1.3404783
1.3556979
0.8460429
1.2545128
1.2170327
1.5393957
1.5282177
1.2846978
1.2598542
1.1798406
1.230458
1.3916984
1.4028568
1.4919255
1.7831681
1.0951993
1.0444094
1.3627478
1.4185619
1.207519
1.7505951
0.9497268
2.0938177
1.2689049
0.7614299
2.0113862
1.1108737
1.244603
1.8704187
1.3225248
1.2665868
1.5955088
1.1871035
1.2564199
1.4333476
1.366456
1.2236509
1.3780468
1.1480175
1.433215
1.3633947
1.603157
1.4422278
1.4092965
1.7511927
1.3571951
1.3289645
1.5158806
1.3201519
1.4656715
1.4857123
0.98395324
2.0026672
1.1686213
1.1538622
1.7342668
1.2073221
1.0867888
1.4635835
1.0846039
1.1576774
1.2353716
1.2362275
1.2300454
0.98019266
1.4551078
0.9336784
1.3068073
1.313072
1.3794492
1.3748467
1.2614014
1.409235
1.6342082
1.3000494
1.366561
1.4408463
1.2528074
1.3230809
1.1237509
1.3452406
1.2182314
1.1252027
1.7818366
0.9663033
1.1076386
1.5565355
1.0833458
1.5457507
1.1155608
1.1318083
1.4005388
1.0556431
1.3840702
1.2859683
1.0684862
1.1173241
1.387105
0.99537104
1.2962089
0.9584386
1.2823071
1.3978524
1.1799041
1.1867731
1.3186016
1.0765281
1.1321146
1.5822432
0.94720024
1.3912402
1.2260356
0.9831051
1.826342
0.93258286
1.1102719
1.4741576
1.1787565
1.2405462
1.0544386
1.5013256
1.1694185
0.948699
1.2834749
0.9823971
1.6165667
1.2431662
1.3375252
1.5594972
1.38628
1.3013676
1.5068924
1.2239708
1.0851657
1.52211
1.2209884
1.3574369
1.3732361
1.3756616
1.1167269
1.7360673
1.1849117
1.5758287
1.058724
1.3637565
1.2049267
1.2079638
1.5846486
0.95670617
1.5169729
0.9893965
1.2310104
1.1109049
1.1300503
1.3960059
1.1402888
1.2453426
0.9878411
1.17167
1.2082624
1.0976537
1.460499
1.1455435
1.1513393
1.0960104
1.3124275
1.1621184
1.1126032
1.3499011
1.0189649
1.1343286
1.1353438
1.2326192
1.0844889
1.3685133
1.0459763
