0.28946882
2.5908947
1.7749007
0.23901454
1.4739444
2.0215192
0.58858275
0.1812759
4.136547
1.1478049
0.14844662
3.3335297
1.8145981
0.54597414
0.41816872
4.371928
0.35933667
0.83780646
1.5023282
0.5130527
1.0833703
1.5518144
0.93947506
0.6696044
0.7183352
0.9785656
0.7930156
1.0268867
1.2968507
0.5011549
1.282452
0.80854917
0.33433235
2.20657
0.6481835
0.47683623
1.2054498
1.1624333
1.1075637
0.6534052
0.38744742
2.5540786
0.8794806
0.49474
1.3968931
1.5546844
0.75212383
0.20277378
4.338529
0.25643218
0.6217311
2.419314
0.9433509
0.32195097
2.700379
0.8500188
0.7605709
0.5715285
2.0406902
0.92651474
0.4253419
0.8513526
1.4126362
0.36873686
0.7905904
0.91151595
0.39567947
1.2332832
1.0647048
0.59231794
0.74883485
1.1754608
0.5316541
2.301005
0.5456401
0.5322975
0.8275371
0.9111101
0.5054325
0.17678913
4.1909447
0.8897584
0.3332455
2.9727595
1.9234116
0.23322567
2.0901723
1.535361
0.88261557
0.99615604
0.83209646
1.3264675
0.69912374
1.0398749
1.9986346
0.27128416
1.0709431
2.584459
0.50915074
0.58275855
2.2911363
0.98595333
0.2976972
1.4197586
0.88056946
1.0145733
1.1988026
0.72199804
0.6401744
1.0235319
0.8980062
1.1130307
0.9121735
0.47215325
0.4099266
2.5172307
1.3438594
0.33587202
2.0170407
0.9671803
0.2248229
2.5235295
0.79838073
0.6712266
0.48591003
1.2486788
0.78138024
0.58469313
1.1183901
0.3462836
5.4210243
0.26199204
3.1758828
0.24933293
3.2874231
0.6169299
0.80584145
1.1875138
2.3062363
0.3245048
0.6250167
3.4486709
0.8833915
0.3380709
2.1415427
1.2478943
0.16270816
1.7109727
0.47253472
1.0529826
0.80973315
0.53883725
1.2940826
0.7206763
0.41078883
2.5181522
1.5555756
0.5363023
1.2062283
1.2734008
0.6868871
0.4394619
3.10772
0.47657558
0.6596847
2.0864193
0.76365036
0.5942873
0.8460059
0.78962517
1.2794814
0.3374843
1.8398905
1.6682092
0.27010292
1.7240543
1.91759
0.33057046
1.8823564
1.545556
0.20798177
3.9999213
1.2328856
0.1509955
4.325837
1.4080744
0.23864602
0.67658436
1.7536368
1.305399
0.43555927
0.9447569
1.4581723
0.3207894
1.2852297
1.6460598
0.51598454
0.6513499
0.8371105
1.1340446
0.6105129
2.8874497
0.44176444
1.170115
1.6681736
1.0758202
0.8225831
0.6453217
1.5299015
1.139321
0.2977708
4.2047906
0.5862005
0.14478746
3.7818658
1.2851725
0.1999624
4.1149373
1.017212
0.34181425
1.1348583
1.7046751
0.52017945
0.3748446
3.0188382
0.725474
0.5277482
0.7769978
1.5748519
0.593632
0.8990489
2.071404
0.5596265
0.9594158
2.1064453
0.37754092
0.36030978
1.2631135
2.0074897
1.1291071
0.43519163
0.87353945
1.5745066
0.72480726
0.59039986
0.8278812
1.3391871
0.69577366
0.7584869
1.7844436
0.38009727
0.83635324
2.8689687
0.9585252
0.31935
1.0681477
1.3893192
0.78566116
0.37446445
1.6384976
0.54273075
0.3948876
0.81923175
1.8455923
0.39265472
0.31890684
1.9363289
0.862882
0.6890296
1.0505443
0.7149326
0.70613104
0.99873036
0.5064174
0.84995836
1.4622934
0.9228779
0.45196673
1.6762096
1.462015
0.3142678
0.6899877
1.5945059
0.8080543
0.6315736
0.5968898
0.975175
1.0157247
0.30311656
0.8126894
1.6355679
0.15789758
3.3219423
0.32136253
1.721879
0.4902608
1.2337146
1.1591289
0.5548096
0.39475736
2.0488257
1.8747063
0.19479391
1.4920676
1.0086088
0.6811696
0.8037235
0.5742662
0.73163724
1.3457665
0.89746475
0.2450484
1.5583253
1.2714925
0.33198482
2.4993012
0.8216867
0.58719385
1.7170081
0.5659995
0.6117698
1.3544959
0.33637625
2.386116
0.75155747
0.60598224
1.1498652
1.0941364
0.46723992
1.3477845
0.9101362
0.6617575
2.2501934
0.73391265
0.60459125
0.46596652
2.92725
0.9350519
0.19422188
2.746779
0.8229816
0.49706626
1.3817055
1.1906018
0.70444363
1.8829668
0.50116307
1.0882456
1.2581136
0.52922547
1.6002431
1.781347
0.25894105
1.4597446
2.1627412
0.2276994
2.1792502
1.2365134
0.09822861
3.9683495
0.5088244
0.61328685
1.1177924
0.8925984
0.6847454
0.57347876
1.4071087
0.62639755
0.29165488
1.198441
1.6584709
1.0355744
0.20302857
3.5153193
1.9205925
