1.6308231
0.40540084
1.4679329
2.3429904
0.39762968
1.7092006
1.1628113
0.6751616
2.2182698
0.564669
1.1241568
0.70293415
1.81436
0.52311516
1.9371814
0.51766133
1.1327975
1.5340083
0.3603055
2.5873215
1.0757339
0.6278297
2.2986336
1.1332651
0.44579422
1.775419
1.1756873
0.3347
2.753477
1.2892344
0.29913795
2.7719529
0.8379283
0.88437885
0.83867306
2.3356538
0.36683154
1.2937144
1.1666608
0.75716996
1.58077
0.95048
0.43956125
2.2837968
0.7993109
0.97204584
1.4961259
0.6727627
0.72199976
2.66715
0.5794848
1.4089494
0.63394356
3.0347092
0.5457175
1.2255232
1.5273843
0.7169776
0.9922226
1.5416281
0.37433112
3.3886166
0.26440793
3.3451614
0.8885573
0.31451905
3.2678986
0.9732771
0.39577615
1.7832829
0.84009826
1.2963427
0.36987582
2.000572
1.0251563
0.8934469
1.5558898
1.1281211
0.64820623
1.0004895
0.92334133
1.0171449
0.9345564
0.89254713
0.831242
2.4459267
0.2107982
3.398121
0.88132644
0.7282574
1.4875468
1.1676394
0.6626179
2.0574749
0.29208755
2.8104398
0.656585
1.1448493
1.1379178
0.7556478
1.965047
0.8284644
1.4644257
0.52027375
2.996955
0.50428116
1.3963743
1.0351794
0.9286981
1.1710615
1.1138885
0.36280018
2.963626
0.6648606
0.70080364
1.8660221
0.94226855
0.4757465
1.3473527
2.3959622
0.35871962
1.8244727
1.4120547
0.54516006
1.6170111
1.1544104
1.1693637
0.7242199
1.7881715
0.6814952
2.4738827
0.4251245
1.2269895
1.7454344
0.54678917
1.3999658
0.5784849
2.0708523
1.2998254
0.6037443
1.7021985
0.63648415
2.3385215
0.3128367
2.6083827
0.66774035
1.4047728
1.3060648
0.39044714
2.4359474
0.53556514
1.2627347
0.9935399
1.0006938
0.43440583
2.5798721
0.99301946
0.49172533
2.3064551
0.32645777
2.7666028
0.481352
1.5119832
1.0738999
1.2076792
0.7386112
1.125509
1.1888199
0.938966
0.93152916
1.5693343
0.61730295
1.5094881
0.65978754
1.5821879
0.6597576
0.42464828
4.035606
0.4301861
1.8150247
1.2595371
0.9927292
1.3753935
1.4759692
0.4315377
1.6793256
0.8114792
0.8014603
