1.0422827
1.0330056
0.7771425
0.7147486
0.97097445
0.6361569
1.0835867
0.6547485
1.0034802
0.95533216
0.88598865
0.78700227
0.67535925
1.334579
0.73022234
0.74586236
1.0214872
0.54191935
1.3938063
0.8084434
0.5356974
1.3573723
0.56493247
0.9478189
0.7421195
0.96777403
0.7406352
0.9281643
1.2224488
0.66692793
0.81394595
1.2212198
0.61478007
1.1152807
0.4206549
1.2974477
0.9458894
0.6032966
1.0904481
0.8209688
0.66996366
1.171036
0.9647712
0.72172946
1.0987442
0.60321504
0.9694737
0.5520311
2.1219416
0.445239
1.0218031
0.89295554
0.52329576
1.2428706
0.9251925
0.61948353
1.0677128
0.85464907
0.767326
0.81726
0.99724925
0.5390155
1.180419
0.8957794
0.5175232
1.0968838
1.1601928
0.55528367
1.1348673
0.6468177
0.85207546
1.0364912
0.7943213
0.70285463
0.8437378
1.0541483
0.7670658
1.0063844
0.61771196
0.97011036
0.7081809
0.76533043
1.3867302
0.6388932
0.84904176
0.784726
0.56922203
1.4341476
0.67538345
0.6673882
1.2789896
0.6534182
0.80446965
0.924703
0.83681387
1.001095
0.5387226
1.2155004
0.91629773
0.69923985
1.076359
0.8699313
0.74735624
0.80740917
0.9086112
0.6676065
1.7704208
0.40235245
1.0583558
0.88055104
0.9108931
0.6505661
0.934608
0.8557261
0.7225671
0.9535098
0.90936434
0.69938874
0.9427405
0.55445576
1.5592543
0.54369587
1.0306273
0.670076
0.7628694
0.81590843
0.96395195
0.86382395
0.75806516
1.0087333
0.6447569
1.2540357
0.57484746
1.6589065
0.5695604
0.93318486
0.7662751
0.8931153
1.0929842
0.55096936
1.0214851
0.86964846
0.8217701
0.89188087
0.9968992
0.6809222
1.0643911
0.7186057
0.73391974
0.88433194
1.093433
0.6950422
1.0656303
0.7891755
0.7512684
1.0187454
0.8080941
0.9334944
0.5276962
0.9511374
1.3157563
0.7139276
0.8186431
0.8403149
1.1843286
0.82550967
1.0882784
0.32092276
1.6458726
0.7677624
0.7880024
0.9326291
0.5852022
0.8709431
0.9357776
0.9779735
0.67504114
0.9977068
0.9557345
0.66830313
0.9551501
0.62638706
1.4813259
0.7142098
0.6574279
1.254688
0.7088032
0.5406747
