1.8671143
1.7255318
1.7969284
1.86349
1.8899962
1.8354884
1.7317345
1.7848394
1.8161596
1.7753866
1.7686424
1.6939228
1.6914517
1.5930017
1.5831382
1.6759694
1.7068915
1.7274817
1.7132381
1.6382993
1.6222308
1.6781368
1.7324158
1.923649
1.9720055
1.8588729
1.7982249
1.8328938
1.7215345
1.6561768
1.6859186
1.7160157
1.7678586
1.7636038
1.8202937
1.5990719
1.6995714
1.8816756
1.8557409
1.7959056
1.7390261
1.6423334
1.7800791
1.715217
1.743369
1.7565573
1.6771615
1.7400159
1.8164622
1.8275634
1.6957902
1.6671159
1.7524198
1.8235854
1.7767928
1.7666516
1.5890937
1.6993489
1.6836882
1.7257843
1.5984213
1.6552958
1.7020068
1.8115205
1.7758999
1.7256088
1.7726841
1.8124337
1.7645277
1.7365432
1.8486581
1.6848203
1.7392887
1.7582798
1.6651987
1.6610296
1.7379822
1.7832512
1.9011453
1.6311213
1.517626
1.6263912
1.825403
1.7729703
1.8717902
1.7787557
1.6191013
1.7353778
1.745954
1.5954113
1.6110673
1.6599953
1.6617572
1.6685083
1.6515019
1.6501396
1.6797197
1.6379156
1.7373037
1.8901567
1.7878485
1.7193192
1.6118536
1.6288759
1.7221513
1.8754632
1.6946447
1.6476252
1.5752196
1.6000273
1.7953864
1.7619183
1.8065734
1.8401183
1.8011056
1.7091119
1.6063812
1.6857489
1.595237
1.8138683
1.6895686
1.79303
1.6953263
1.7310618
1.6996036
1.6027334
1.6978973
1.7161422
1.8117924
1.8733003
1.9282076
1.6493119
1.7525134
1.7447686
1.5652349
1.6225467
1.6637602
1.6722056
1.6659824
1.6742563
1.765969
1.6993536
1.676014
1.7395664
1.712507
1.6197408
1.594646
1.5507048
1.6492047
1.8270683
1.9667947
1.850295
1.612265
1.6462998
1.6972303
1.6762453
1.8963262
1.7995305
1.6562103
1.615898
1.6007226
1.6786473
1.700501
1.6431012
1.7949749
1.7952907
1.7902406
1.5788422
1.7115602
1.7018509
1.7287427
1.5708582
1.6550288
1.6516533
1.8391455
1.8899455
1.6348649
1.7406259
1.5935152
1.7331474
1.6179793
1.6092618
1.7939537
1.8804524
1.7572838
1.6260289
1.7617844
1.8634199
