1.0017992
1.155021
0.8825243
1.1082165
0.9349514
1.1227728
1.0382321
0.9610185
1.1731198
1.0465527
1.10219
1.0798984
1.0888674
1.0448059
1.0403965
1.0672104
1.095912
1.0556674
1.1134491
1.1962869
0.9239015
1.2255418
0.995033
0.9324373
1.1583866
0.851107
1.1838272
1.0767345
0.98424494
1.1694444
0.86951095
1.2356299
0.9906189
0.9080889
1.1327579
1.0392933
1.2977779
1.0205277
0.8982537
1.0739714
0.94571984
1.060797
1.0391428
0.97226095
1.1169049
1.0781789
0.98037326
1.0320232
1.0437831
0.9073957
1.0936496
0.94622076
1.1188022
0.99364007
0.98932076
1.1298724
0.9931074
1.0964928
1.0193536
1.0297831
0.988649
1.071753
0.9931507
1.0782616
1.054147
1.0207081
0.97035044
1.1422907
1.0412226
0.9400101
1.1178721
1.0316975
1.0804279
1.0841162
1.0668452
0.9625
1.0801233
1.046645
1.0158361
0.974013
1.0952218
0.9773799
1.1849245
1.0020497
1.1061349
1.0892904
0.91757476
1.2076964
0.96794033
1.0754108
1.090375
1.0609548
1.0422113
1.1224597
0.919891
1.051254
0.98062146
1.0945868
1.0347831
1.1969349
0.9040916
1.1462433
1.0682737
0.9698327
1.0769079
1.017792
1.0296614
1.118093
1.0194125
0.86260515
1.0267818
1.071804
0.91728824
1.0310049
1.173731
0.96489835
1.1673467
0.9818279
1.0037277
1.1274625
0.99352604
1.0659037
1.082871
0.9812153
1.0302464
1.1931269
0.9444293
1.1754688
1.0702083
1.0766685
0.9790791
1.049453
1.0368851
0.9943186
1.1489052
1.0481756
1.1234789
0.93507755
1.2698078
0.8194487
1.1777809
0.9367169
1.2511699
0.8940052
1.132452
0.9632193
1.0816643
1.1226542
0.9438831
1.1909413
0.8826362
1.1723727
1.0151032
0.8961324
1.1977204
1.0496116
1.1998844
1.0464864
0.9311173
0.97447544
1.1328772
0.9368979
1.145752
0.9611689
1.1633742
0.94778454
1.1650293
0.9381323
1.1986609
1.0209635
1.027148
0.9399463
1.0761881
1.0486362
1.0740336
1.0408868
1.062926
1.2156465
0.8976303
1.0474201
1.0992715
0.9911556
0.9867834
1.1161703
1.0884161
0.9350943
1.0660754
1.0191383
