1.6508472
1.9904559
1.6533697
1.1818669
2.1842701
2.2746785
0.25003302
3.864184
2.3745914
0.8941998
0.60634935
1.5285712
2.8084292
1.9117243
0.7657038
0.7508317
1.5288354
1.4009129
1.1852511
0.9555582
2.7953978
2.3840191
1.4222252
1.2653769
0.8570622
1.5040767
1.7568388
1.946661
1.5137446
1.2950705
1.4973701
1.1639242
2.2365127
1.253615
1.4358828
1.8495985
1.6658726
1.3007959
1.7933357
1.6831014
1.1075609
2.27121
1.111795
0.93092865
1.0336857
1.8514316
3.0317225
0.41310614
0.7822343
6.751406
1.5193529
0.43023026
2.5367324
2.2058384
1.5165604
1.6021237
1.3863646
2.6356044
0.13898823
11.814625
0.023563618
20.992725
3.172584
0.008987939
6.908923
3.6449037
1.1095723
1.6650667
2.8209968
2.4995885
1.3890562
1.3644816
1.4723469
1.6744517
1.637258
1.3026059
1.2272159
0.9796452
0.9500287
1.4691865
1.1077919
1.2027705
1.3541522
1.0666642
1.2970309
0.9827211
1.1644429
1.1144924
1.8753493
1.654644
1.0144436
1.0807512
1.1218045
1.6793021
1.1073112
0.8664674
1.846672
1.3349104
0.77813345
1.5572422
1.0758314
1.1392536
1.1732659
1.0831327
1.0146654
1.3183432
1.0112792
1.1180339
1.075194
1.470387
1.1426437
1.2217314
1.0824637
1.0491498
1.3036573
1.0864995
1.4872391
0.8419781
1.2634096
1.220935
0.8698579
1.4899366
1.1016355
1.2034512
1.0142707
1.5328784
1.213446
0.9072747
1.5609092
1.6871266
0.83634377
1.3493023
1.0192876
1.3542423
1.2870817
0.9332237
1.2350155
1.2203627
1.6481874
0.6999892
1.2589915
1.2092676
1.1958647
1.4181399
1.0959661
1.5046235
1.0626459
1.0775025
1.3254834
0.9003717
1.637037
1.1982449
1.0176328
1.1358109
2.0294492
0.51484805
3.1898794
0.52791274
1.7100629
0.9082
1.3502457
0.7173676
2.5387251
0.7046374
1.2361441
1.4206059
1.9667969
0.4548652
2.1999798
0.7724072
1.2866538
1.6462668
0.6030462
2.0902724
1.4507095
0.6391657
2.3378286
0.8298755
3.9485335
0.11043559
4.2085123
1.5768081
0.4654308
1.51404
1.9379997
0.7824881
1.2129793
1.527281
