0.8000809
1.157942
0.6431842
1.163986
1.5106798
1.0980629
0.6974668
0.84452224
1.6903765
0.6183306
1.5173624
1.3770431
2.6784997
0.4533908
4.061575
0.16566326
7.932604
1.6811512
0.7300376
1.3622102
2.0901763
0.8290305
0.87770885
0.75565296
0.4576453
3.8237867
2.2327807
0.54852134
2.0474586
1.5908606
0.4050947
3.961937
1.9975486
1.0304966
1.4479375
1.9146941
0.7405231
0.4386299
2.780309
2.0821943
0.35366285
3.713929
1.645487
1.0775607
1.0209833
0.8607491
1.0123665
1.2804171
1.420455
0.24920192
1.7335293
1.3912568
1.8704238
0.8628244
1.5926616
1.0254388
1.0389507
1.5608475
1.6810973
1.5053856
0.63590145
1.6130898
1.7547331
1.7934272
0.9109957
0.92210126
1.7797188
0.8222327
1.1706889
1.0346211
1.4734899
2.0949059
0.8015653
2.0386333
0.9100763
1.11152
1.6482666
1.1089369
0.7659095
1.8294725
1.7057359
0.31318617
0.9384304
4.7671995
0.79229724
1.093012
1.7565815
1.5333762
1.300673
0.6790654
1.3163135
2.7472458
1.9575682
1.3822789
0.6564766
0.8519792
1.4859412
1.5285131
1.3364335
0.8708019
2.6409874
2.129395
1.2196388
0.81974006
1.2995588
2.243061
2.1302347
1.9517922
1.095217
0.9599249
2.5410464
1.8125285
1.1519037
1.5632529
1.1600846
1.7023016
1.8107815
2.1383636
1.6559641
0.6202055
2.3262825
2.8406255
1.772108
0.80503213
1.714217
1.8354639
1.8809407
1.1682286
1.0289297
0.8975501
1.1738958
0.21512368
3.8071573
2.3865876
1.7619424
0.95327616
2.112412
2.2828574
2.0431209
1.4756694
0.7280288
1.2869396
1.6164458
1.2118773
1.0070829
1.3088655
1.2609903
1.2783198
1.8634901
0.9688482
1.5187315
1.9243176
0.7680506
1.2424738
1.536618
2.8735344
2.530655
1.4328926
0.9869027
2.750299
2.448607
0.9752105
0.92748755
1.4072813
1.9116374
1.3903546
0.8792393
0.7370265
1.6164967
1.5794497
0.36888245
3.6820767
2.0704808
0.9962295
0.90764475
3.1471796
1.3009264
1.048223
1.2572893
1.5866361
2.0652661
1.2081999
1.8758285
1.5322778
0.45005512
5.6960864
1.9971857
0.7440582
