0.8682322
0.46158117
1.8342484
0.9152243
0.65287334
0.8764954
0.74631965
1.2581441
0.9664409
1.1039217
0.794726
1.1743776
0.80515325
0.76127505
0.89561933
1.3589985
0.51620567
2.835022
0.31678665
2.92439
0.55419946
1.315369
0.64991724
1.4584813
0.26280415
3.7293134
0.7436899
0.604719
1.9756608
0.3187776
1.0181463
1.0995121
1.1619318
1.0037185
0.57772255
1.0710063
0.98992574
1.0872219
0.35329384
3.1299868
0.53828776
0.75359
2.5246725
0.46136665
1.3221893
1.5195018
0.76026917
0.5312495
1.7926722
1.1670253
0.32909092
2.5526493
0.7712182
0.34103578
3.8243992
0.6916795
0.48738292
2.9957986
0.5536045
0.6313841
0.82528615
0.9911557
0.8471825
0.65471333
1.6170585
0.4917866
2.1559224
0.3285267
1.5507343
0.64309204
0.7632812
3.2802572
0.5470377
0.83991706
1.9606571
0.6957756
0.78204346
0.63009787
1.2613721
1.0993733
0.43116897
2.2837934
0.46302068
1.1844666
1.6331311
0.2821404
1.7923657
0.9966158
0.3902442
3.8441153
0.34799063
2.532001
1.1067002
0.9974296
0.72265697
1.2768419
0.8398385
0.71543735
2.1300974
0.5204326
1.5191694
0.6309115
1.4868075
0.90696454
0.6457578
1.1178715
1.2542094
0.82539445
0.6380938
1.3677404
0.78886646
1.1988895
0.48710087
3.185458
0.2042901
6.3560214
0.717991
0.359444
2.8101487
1.3648784
0.3256135
1.4428965
1.2489898
0.77918255
1.4917545
0.5403141
2.0217164
0.65776134
0.86975926
1.2316291
0.47426927
1.2955594
1.1803904
0.4945544
1.8542752
0.9938479
1.3282601
0.761135
1.8892156
0.4821159
1.3600967
0.5883337
1.3210256
0.69631934
0.7976576
1.9553485
0.3106922
2.99726
0.5772364
0.45859563
2.3478386
0.67130804
1.0863961
1.5401452
0.6391828
0.61388636
1.750339
0.57571554
1.1824019
0.33268592
1.8231153
0.5570787
1.3195161
0.84403896
0.3754151
1.666281
1.1093973
0.18499292
5.108744
1.3464987
0.4011289
1.0850582
1.5856836
0.27720252
5.0814447
0.4933662
0.99281055
1.8539596
0.8650092
0.4529769
2.610148
0.7659213
1.2909808
0.55285954
2.419001
0.82538426
0.5252509
2.5950282
