1.4433402
0.17587778
0.8211176
1.016565
1.5934199
1.1612101
1.0713211
1.3728681
2.714901
0.68859476
0.5744593
1.4062638
1.8360457
1.6246521
1.5841796
1.9065067
1.1725292
1.5938134
0.924853
1.2992976
1.1148341
1.0486579
1.0551463
1.6205502
1.2757728
1.0855963
0.9277265
0.5221553
0.38015133
2.880969
1.9275424
1.443449
1.8622265
0.0488604
8.845686
7.0157375
0.10622571
9.780111
1.5987358
0.3314214
7.094278
0.106070444
0.20850113
4.107994
0.9870256
0.588326
0.63078666
0.38372117
3.6671486
1.9116971
0.1946479
10.377669
0.38513616
0.23837128
8.410845
0.3141843
0.33516243
8.784725
1.3714533
0.39224866
0.62957233
3.9777217
0.7935573
0.75910103
9.8822975
1.1135368
1.0180522
6.934031
3.993352
1.155884
0.24220297
1.4522862
0.79083234
0.68866414
1.295172
0.4852385
0.29763737
2.097915
1.9302356
0.28526878
0.57702595
1.4501443
1.0428835
0.6182455
0.68516254
3.7215505
0.8660077
0.3685266
0.62203413
2.7935715
1.5272233
1.0741231
0.5102638
0.53895396
1.2399466
1.1737146
1.3594682
0.9328359
0.79601175
0.73218924
1.2362311
0.67170227
0.95479465
1.0313566
0.58437574
0.33472773
2.9181478
0.30284807
0.28542298
2.7652578
2.2543557
1.2431324
1.0163248
0.6713302
1.0506959
1.1687667
1.2989196
1.0924244
1.189929
0.46914494
0.720616
1.2739086
1.207785
0.5047019
5.141539
2.5948267
0.44026574
2.0359106
1.6007068
1.3960563
1.4237463
1.0309978
1.4291809
0.37014174
1.0195436
1.4740337
0.7183801
0.76462036
0.72273713
1.1185275
0.603716
0.80451405
0.9776275
1.1428093
0.9745419
1.3893559
1.185047
0.6654724
0.48215356
0.5317187
0.5435056
0.99958163
2.458621
0.7070682
0.58143294
0.6884164
1.9389974
1.6212751
0.73380315
0.29026455
0.73329484
1.4405285
1.7168027
1.3197396
0.7805064
0.7810792
0.6205681
1.7832249
1.6591681
0.8501062
0.8114546
0.57251155
0.9426638
0.99163306
1.1777425
0.95229906
0.5817728
0.24043417
4.0122633
0.3549179
0.36714804
2.7575126
1.4772909
0.5029962
0.81247103
0.7758995
0.7942154
0.8584626
0.533136
1.8081325
1.514628
0.29932117
0.36075014
7.59338
0.7947067
0.25711545
2.2543747
1.7238424
0.55460036
0.69622767
1.1654977
1.4769899
0.9894109
0.92483974
0.6844264
1.2986048
1.0935841
0.98923063
0.87541854
0.5701491
1.5357041
0.74538195
0.40422052
0.7364444
1.0369391
0.8954464
1.0951363
0.8366076
0.5154689
0.79677916
1.2546389
0.44224322
0.5852104
1.094455
1.5131205
1.2440324
1.6692517
0.3166219
0.41910228
10.229929
0.2034397
4.4676094
2.7567375
0.1319739
2.4173791
2.4818602
0.8405088
0.47161692
1.042206
1.5045614
1.1565392
0.26288456
1.9682033
0.87696314
0.5640881
0.60016996
1.3761077
2.4271197
0.7629444
0.60025465
0.38254514
0.88214964
1.1888717
0.65025926
0.7664
1.190656
0.7070309
0.30794865
0.39301506
0.79563856
1.0258982
1.3467989
1.2276301
0.70570284
0.82688266
0.6606194
0.7107254
1.0850041
0.8893012
1.0371058
0.51391864
0.6458905
0.52202713
0.9854271
1.0470846
0.82551396
0.6155743
1.0932957
1.1634136
0.9319462
0.8422221
0.47090846
0.93848026
0.3899414
0.61484677
1.0095596
0.773383
1.1680517
1.0240717
0.84495354
0.9177004
1.2076757
0.39869815
0.6564975
0.78434753
0.8364394
0.61556536
0.8652648
2.1640368
1.4227822
0.5609816
1.0576488
0.64896214
2.9602623
0.13189422
12.134814
0.6713716
0.6360317
1.5889271
2.5337586
1.143177
0.82883906
1.2010242
1.090755
0.20182636
0.5476858
2.0059812
1.345906
0.8565155
0.80820346
0.13525787
1.2600446
1.3615556
0.89924204
0.91070634
0.5518171
0.86990535
0.42598432
1.2551923
1.71174
2.052772
1.0959425
0.9132993
1.5036137
1.2764405
0.63705075
0.5909283
1.2810373
3.000562
1.3052857
0.9512254
1.0462803
0.70496535
0.95738304
0.5378649
1.43611
1.2687186
1.1681598
0.8951804
0.54512775
0.45089716
1.2306962
1.1676495
1.139117
0.32258093
0.4274637
1.1975672
0.9824193
0.9664922
0.85524595
1.275937
0.84251547
0.78343636
0.6740256
0.6083938
0.5859418
2.157024
1.5947721
1.2401404
1.2125181
0.8440676
1.2958581
1.194124
0.60989475
0.929618
