0.52968013
0.13993488
0.2735437
0.13642317
0.15424274
0.10798914
0.08507419
0.09442641
0.26297987
0.17681566
0.11213133
0.4074964
0.16686574
0.23675063
0.0767387
0.08607872
0.12700593
0.19902444
0.073320806
0.15631667
0.16791517
0.18801089
0.1456359
0.16901955
0.27004915
0.18106717
0.073470846
0.1798384
0.12741351
0.41528726
0.30191895
0.113758765
0.36681047
0.3513935
0.13687146
0.1328373
0.07545732
0.14337969
0.14254975
0.055593893
0.039163396
0.23491591
0.1401464
0.14950663
0.16863413
0.28234756
0.16173261
0.15333578
0.23763862
0.06609291
0.27683592
0.08858058
0.054741893
0.32021287
0.27103838
0.16708747
0.25523984
0.06333443
0.11148807
0.111753576
0.14221495
0.19581492
0.1257151
0.07338336
0.23645869
0.4292659
0.24637038
0.058056213
0.18620816
0.16202465
0.07521219
0.14561908
0.2516622
0.0855868
0.102538854
0.10377501
0.075177744
0.07364915
0.11960275
0.1893119
0.107008755
0.22340281
0.27845776
0.076518096
0.11085934
0.097881965
0.0771575
0.233619
0.034262672
0.20412384
0.074515276
0.18329479
0.20905338
0.082673535
0.11181189
0.069381505
0.107838735
0.06917135
0.19164361
0.1835726
0.09220396
0.11356324
0.13308525
0.09754889
0.3505722
0.77054787
0.65537393
0.17702788
0.119534254
0.11315374
0.1470044
0.109119825
0.13001059
0.16968147
0.35031003
0.25960028
0.05482608
0.06868012
0.16920681
0.2596788
0.4856752
0.1884266
0.18011415
0.036499526
0.17843434
0.11869559
0.06387829
0.19880484
0.27433446
0.104786366
0.1321955
0.26301596
0.058814317
0.06595981
0.109138705
0.32150292
0.064657465
0.12720993
0.061872706
0.10689893
0.13199475
0.13885179
0.105293274
0.0831331
0.0842067
0.118453555
0.11195426
0.14650589
0.06949087
0.13882543
0.31281558
0.27398658
0.098192304
0.055237684
0.15221906
0.06434369
0.13043875
0.031845972
0.20038319
0.21938786
0.058679104
0.13899732
0.05541704
0.10697312
0.21995561
0.57143897
0.29268512
0.08903828
0.039040387
0.21622866
0.08582204
0.040367916
0.10882959
0.12305744
0.115116656
0.11054211
0.07342612
0.16884594
0.17515458
0.108573735
0.05449946
0.063535094
0.12799701
0.15728928
0.064145446
0.16883159
0.06529015
0.08669545
0.15108107
0.050302632
0.08913488
0.09459847
0.0404955
0.06352434
0.13004178
0.1021644
0.068398476
0.12448541
0.07246262
0.105734706
0.19020721
0.12463157
0.06367922
0.118214734
0.096093684
0.040302146
0.13903928
0.17462158
0.060765497
0.07768333
0.116377294
0.03551295
0.06335118
0.06929113
0.11369969
0.18763606
0.33276692
0.35156354
0.14843479
0.2531721
0.16327278
0.33423644
0.49380818
0.07889846
0.21081175
0.07332769
0.11573049
0.14846346
0.39871305
0.14177042
0.2152542
0.15345998
0.136816
0.15777732
0.13282907
0.06857519
0.23605785
0.11189132
0.31349564
0.11204836
0.14294143
0.14707914
0.18104266
0.1062848
0.3841508
0.29590183
0.07392345
0.13699916
0.18491791
0.124235265
0.07777996
0.13202047
0.088504925
0.065614104
0.09320144
0.06765018
0.08623796
0.17259692
0.11337757
0.08551198
0.053467333
0.25427163
0.22306855
0.07468982
0.087316535
0.14081863
0.067665294
0.08186509
0.11906671
0.03468307
0.2643394
0.29973277
0.12390565
0.24478456
0.1337074
0.1729616
0.14022473
0.070491016
0.06383583
0.11460693
0.07436855
0.16182914
0.1431478
0.058752492
0.07967928
0.09085775
0.0695141
0.11499797
0.079915926
0.023688668
0.11445648
0.05473839
0.086264156
0.17948864
0.18285863
0.06436789
0.025671732
0.083030015
0.042174295
0.13207501
0.13780548
0.25755647
0.13477251
0.06964546
0.13112131
0.05137004
0.20029047
0.10378704
0.13036418
0.08917994
0.23468786
0.14570583
0.050432786
0.11670111
0.11627294
0.10311401
0.029719377
0.07502015
0.04788143
0.14931777
0.15224017
0.09825664
0.10113948
0.08662276
0.06812532
0.15661632
0.11627473
0.38454092
0.59935653
0.11528874
0.08953564
0.12359078
0.16101709
0.23891124
0.16990547
0.063594796
0.117957994
0.16029494
0.08208127
0.08015931
0.06821649
0.10982798
0.075380765
0.043215267
0.08754368
0.07307371
0.07697557
0.06387633
0.06382207
0.074976526
0.098941095
0.102678195
0.04003762
0.12442015
0.092498586
0.063127205
0.17653939
0.079007454
0.106931426
0.07984577
0.08113498
0.060186468
0.19428575
0.056460217
0.3959397
0.51487887
0.12951308
0.18370645
0.067372665
0.07560927
0.1149605
0.06119312
0.11862166
0.14730117
0.07744217
