0.10909396
0.034691915
0.033028062
0.112046964
0.062230043
0.048895262
0.045983836
0.011394469
0.04452591
0.057992987
0.028337382
0.06102854
0.10146856
0.12989877
0.06254266
0.062445074
0.025239272
0.01963574
0.022373702
0.037893347
0.061414026
0.025601652
0.13556166
0.072857834
0.025149979
0.049690437
0.034096662
0.0802643
0.033858873
0.020488968
0.06076363
0.08975767
0.044322565
0.10143781
0.022726811
0.08531428
0.12665296
0.009271291
0.15649445
0.044566233
0.06284053
0.04649342
0.04068958
0.038775846
0.07660232
0.025980707
0.046804298
0.057988197
0.044395126
0.018958563
0.037130706
0.061841007
0.10886286
0.049864735
0.045243353
0.09977971
0.048003033
0.08120363
0.017675884
0.058110777
0.067465045
0.060208816
0.030811679
0.03395168
0.10944693
0.04863088
0.051353976
0.021706833
0.026187383
0.06117385
0.053482022
0.052674018
0.026198048
0.05039504
0.019145392
0.02218399
0.013989863
0.10570012
0.019264802
0.6122705
1.5673845
0.46304712
0.07215362
0.11691238
0.19840817
0.21377462
0.09921098
0.05761961
0.16202188
0.76318985
1.4629325
2.3136487
0.1640476
0.26715901
0.32168496
0.40749514
0.18658526
0.14287905
0.12039057
0.25873953
0.10725683
0.1897681
0.10618082
0.121772304
0.2251611
0.14029467
0.50670886
1.9041173
3.1902215
6.747052
0.26885346
2.2466793
4.9601736
0.24925384
0.51728606
0.41980234
0.106442355
0.4687021
0.41574723
0.16440597
0.14665446
0.24523747
0.37493283
0.38655955
0.6519603
0.08735609
0.23357661
0.16576953
0.1628091
0.31073436
0.17464174
0.19301188
0.21826722
0.35039574
0.21843326
0.2516803
0.2556687
0.19299307
0.5193187
0.21945426
0.13724034
0.1221067
0.087105595
0.13129015
0.19718638
0.13795933
0.22389421
0.105551355
0.11270392
0.12118201
0.28586334
0.081568874
0.20460929
0.20138879
0.15759316
0.083858564
0.13170809
0.046126544
0.05295983
0.1133929
0.05914088
0.14570102
0.686127
1.1583203
0.3932381
0.25376767
0.2641947
0.056220077
0.051948886
0.11357362
0.10608216
0.17800832
0.13279682
0.05912146
0.33825007
0.50067866
0.052715212
0.30720055
0.06935644
0.21468315
0.078823715
0.030109746
0.2766712
0.15574527
0.032378286
0.095968716
0.038892552
0.06075816
0.2305995
0.6207666
0.4949867
0.04853664
0.44309235
0.16566166
0.12803075
0.044477962
0.049514614
0.057128374
0.113975346
0.122404225
0.14775482
0.0841659
0.12218056
0.2217598
0.054326855
0.10205971
0.10195039
0.11337635
0.16972904
0.084902965
0.10587645
0.06345595
0.17386878
0.027520187
0.03371369
0.02983916
0.085352495
0.031160073
0.20198347
0.16053165
0.08581268
0.08818351
0.10788401
0.10883614
0.10563004
0.06691855
0.06429002
0.1517785
0.11296048
0.04913402
0.1444133
0.12132142
0.05183085
0.101076126
0.10037903
0.048436113
0.17354737
0.101365626
0.10163588
0.061318804
0.09982601
0.07769941
0.122698046
0.080799304
0.27113655
0.35060737
0.20247662
0.078435406
0.02491036
0.035542455
0.03458696
0.049686797
0.053844683
0.0200179
0.071914345
0.077659324
0.06384623
0.07120351
0.04448069
0.16803107
0.33486205
0.14475958
0.32883996
0.60256946
1.1055207
0.44789606
0.027205385
0.08230884
0.04533674
0.036063634
0.096471354
0.044524424
0.06654863
0.12817287
0.23910609
0.051853802
0.030377429
0.085118696
0.12233578
0.2514238
0.043976285
0.05712663
0.017153064
0.18810631
0.098176345
0.21212776
0.068105035
0.19402638
0.048954144
0.16023791
0.05144526
0.1479878
0.08903875
0.066455364
0.051381957
0.12785417
0.29102603
0.32097575
0.13756615
0.07029568
0.103406794
0.06453863
0.043866225
0.04879789
0.026850816
0.053730533
0.019984473
0.06294524
0.07585655
0.12084335
0.08116089
0.081403926
0.039271377
0.06699345
0.08540766
0.06252399
0.06741973
0.06408596
0.07343832
0.097269386
0.09392357
0.07725032
0.039894935
0.028894946
0.05517088
0.027845835
0.07447693
0.06500772
0.11661114
0.033297647
0.061310817
0.027954739
0.010109175
0.076629765
0.13284065
0.037993953
0.08204567
0.037825886
0.07321197
0.047028504
0.20104037
0.033755966
0.11030043
0.13761243
0.09898535
0.114634216
0.0693205
0.07380922
0.071360946
0.03563786
0.033563774
0.029307762
0.032125194
0.040464435
0.04051842
0.045144245
0.040712707
0.094879895
0.042409103
0.03239646
0.03462688
0.10812775
0.06842631
0.079401955
0.07677449
0.06012764
0.04670988
0.11542305
0.06457838
0.109339006
0.033844903
0.09178555
0.0568013
0.11499606
0.0758753
