0.5607193
0.58422077
0.7231948
0.63496435
0.74541366
0.72215027
0.72284883
0.5155864
0.44125375
0.43542892
0.62906814
0.59286475
0.5463325
0.61097646
0.91290987
0.8402635
0.5422472
0.9143176
0.888028
0.36148402
0.67773354
0.7187928
0.56663406
0.8226596
0.8295666
1.062926
0.9603084
0.44551098
0.66959465
0.6463779
0.5606299
1.2705692
1.5101389
1.4823557
0.76076186
0.6873504
0.6485057
0.67906916
0.66115344
0.7362758
0.55809206
0.7819927
0.78780574
0.5304872
0.6081031
0.67071474
0.61945343
0.74520594
1.1768177
1.0495667
0.775412
0.43954936
0.5592248
0.63569415
0.6582519
0.94259244
1.0280768
0.7915486
0.69011366
0.5326807
0.6322245
0.73434883
0.59964055
0.58028334
0.60652924
0.54482293
0.534217
0.61679935
0.85466415
0.61364603
0.50537074
0.69640726
0.6443629
0.5861818
0.54094905
0.38976628
0.5539964
1.042953
0.86805856
0.93461037
0.8184589
0.57964796
0.38973057
0.6500506
0.6509968
0.5842232
0.6697173
0.8976429
0.915102
0.5993337
0.9024626
1.248519
0.92896545
0.5656779
0.5537873
0.6999617
0.6882618
0.71529293
0.55483735
0.68603885
0.7097402
0.6006534
0.5120628
0.3772127
0.62019247
0.6025511
0.7667388
0.6193795
0.4747064
0.7858006
0.78783053
1.6784837
1.287756
0.6184202
0.8916783
0.60948044
0.5453237
0.5750148
0.86183
0.7220559
0.7265046
0.8402287
0.83875954
0.9316126
0.73198867
0.6646941
0.6559971
0.6406871
0.6502373
0.428415
0.6861619
0.65430444
0.6185913
0.6448923
0.41277796
0.4287929
0.7222901
0.5635099
0.6511382
0.93938255
1.2661706
0.7031543
0.48355532
0.6199838
0.45902818
0.68629277
0.7185983
0.72834903
0.88491666
0.90723556
0.78605396
0.7513343
0.7358026
1.0322781
0.76117194
0.6857057
0.6855617
0.800958
0.64824003
0.5481136
1.0234864
1.3605771
0.92363536
0.6064836
0.7398976
0.51460606
0.78575814
0.59640205
0.6036452
0.41597077
0.771677
0.594851
0.60257196
0.62833285
0.48562828
0.80520844
0.688463
0.7373853
0.64270127
0.5659687
0.57893634
0.4254853
0.443892
1.1789134
1.9849753
1.5463196
0.55886155
0.7526241
