0.063574634
0.070484884
0.09376625
0.06522998
0.30634457
0.411385
0.15537782
0.25279197
0.17336102
0.25683442
0.19121656
0.08600637
0.047802154
0.082454555
0.1482748
0.09727631
0.08678006
0.121830486
0.095922865
0.15626378
0.18956739
0.08779576
0.06868464
0.10990965
0.096879326
0.21816516
0.119615436
0.11685923
0.11955258
0.11117564
0.12550892
0.13470753
0.07703584
0.05512277
0.15600727
0.23361982
0.1756719
0.05035132
0.08741954
0.09732237
0.06675406
0.13967629
0.08145711
0.12537839
0.29890546
0.11250055
0.17607227
0.09464924
0.10581243
0.15995581
0.12331899
0.10847184
0.127941
0.12027633
0.05817728
0.062843904
0.032708414
0.10358121
0.15452221
0.13008276
0.0849828
0.30322194
0.66041297
0.22711757
0.056916464
0.047576226
0.15095085
0.07107778
0.0847873
0.13069838
0.08235791
0.0534617
0.14015543
0.11129871
0.06260528
0.0808926
0.11343126
0.08791144
0.10904858
0.06613905
0.077231936
0.18504101
0.1297705
0.27005252
0.35499212
0.075271346
0.08064299
0.11727773
0.2092955
0.19406
0.1211456
0.092707284
0.21691121
0.13654925
0.035691284
0.1536873
0.20568283
0.02755835
0.16344771
0.074068286
0.10393801
0.038111497
0.14070328
0.04239302
0.06538543
0.1983405
0.048678443
0.13135168
0.17457597
0.20978138
0.054114286
0.15979943
0.09330219
0.08225855
0.07371315
0.1911193
0.07221326
0.09168905
0.1523569
0.052639045
0.070223436
0.04095946
0.0800189
0.099493176
0.10574404
0.05237201
0.28542846
0.4839718
0.2034585
0.18246718
0.05820889
0.7287761
3.4190156
0.40063214
0.5333756
2.152052
2.935041
6.2504344
2.3009014
9.033865
1.4927943
2.8025258
3.7731066
4.448358
1.7171996
3.1660757
1.5949727
1.0993744
1.3747644
2.1756415
1.328093
0.4472562
0.45302218
0.9459275
1.123055
0.57099926
0.433286
0.8805877
0.27293056
0.40066326
0.18472227
0.38519454
0.7263602
0.49311298
0.65726435
0.86681825
0.4124112
0.6991436
1.1539508
0.47962505
0.11284205
0.09603205
0.27112645
0.47270525
0.1907975
0.6568297
0.97437614
0.76326627
0.09637379
0.15638109
0.16878909
0.090608045
0.23212852
0.25349292
0.33231327
0.17369264
0.37427425
0.16985124
