1.6033994
0.31774658
1.1160603
4.024413
0.61745036
1.1128688
2.4169643
0.36798868
5.4680314
0.39726186
2.5808082
0.34969363
1.6545582
1.0723326
0.8734671
2.6249416
0.32546705
2.9545314
0.63130945
1.7751031
0.9616738
0.9954202
0.77906746
2.2239223
0.90335417
0.68744946
2.1970434
1.4629619
0.7954804
0.6945459
1.8432419
0.48745656
1.4928948
1.952149
0.4695541
2.0056393
1.9968741
0.61413586
0.6471973
2.0947802
0.39921606
2.361701
0.8621849
0.82054937
2.39648
0.46776772
1.9673458
1.2727079
0.5048278
2.5897055
1.08749
0.4721924
1.8930464
1.1519566
0.47509712
2.7167723
1.0186067
1.1138966
1.8939813
0.7271358
1.0330545
2.0144565
0.24031302
2.1226146
2.6012318
0.9356448
0.4944899
2.3467703
1.357346
0.3384326
4.2858124
1.1135387
0.61845684
0.82063365
1.5681472
0.7733079
0.9039919
1.2137938
1.439959
0.774333
1.0259126
0.8018188
2.5464022
0.40436447
2.304985
2.0622516
0.44070545
3.5481744
0.99012864
1.2825801
1.2293717
1.0044153
1.1915481
1.1658127
0.48495644
3.8150344
0.39216837
1.1700246
2.5103204
1.0911901
0.8794267
2.280319
1.0418537
0.49491718
2.2356067
1.7922007
0.5891117
2.133235
0.700461
1.191792
2.1411753
0.35011068
2.0683472
1.3607401
1.3699946
0.33524626
3.8733692
0.32299274
3.279274
1.7197152
1.125808
0.47144648
2.7990906
0.9724516
0.67489684
2.1832461
1.0506353
0.6568109
0.98873526
1.6601301
1.3506571
0.8708911
0.7151902
2.264867
0.85762155
0.6554919
1.0637684
1.612653
1.9727867
1.1014968
0.30877423
5.1699038
1.6453474
0.21451497
2.864595
1.0993292
0.89165413
1.6124662
0.6623659
1.1946615
1.7977926
0.2758439
2.7780986
2.4801753
0.35117185
0.81104445
3.1654332
0.490995
0.9615167
1.5094149
0.9935479
0.6154463
2.0281315
0.721472
1.2645183
1.2316611
1.9201381
0.3226477
2.957728
1.6702528
0.3479722
1.680714
2.427969
0.47973272
3.37138
1.287601
0.34966043
2.5171437
1.4096794
0.67900425
1.2837563
0.4918482
1.576867
1.4898791
0.65689695
1.1962442
1.0284891
1.6285503
