0.9814339
0.44551045
0.29228902
0.7361405
0.33955988
0.18119352
0.13778393
0.2310087
0.109602265
0.25041032
0.23669937
0.14183903
0.074303254
0.2140335
0.26671264
0.28492597
0.25795773
0.25405613
0.25691387
0.09497538
0.44590855
0.5752166
0.14518896
0.41134027
0.13670425
0.5077525
0.3202077
0.24111924
0.45570782
0.2402255
0.2254481
0.90519315
0.77627957
0.24594839
0.21187453
0.39072305
0.30403
0.19571283
0.20861307
0.2782844
0.43952197
0.51216334
0.4470085
0.3179801
0.15885359
0.5162742
1.0856612
1.9117209
0.6534711
0.25053257
0.37848014
0.2694236
0.20858872
0.3706987
0.25931534
0.2512078
0.58034396
0.30329558
0.3240388
0.23300105
0.3817157
0.17414674
0.22695743
0.300687
0.15238443
0.1050734
0.1259438
0.23986122
0.16898972
0.12239865
0.12544547
0.21714982
0.14085227
0.07319717
0.21209122
0.21258494
0.12723072
0.15849674
0.26114106
0.19327968
0.07362886
0.19755203
0.15498161
0.16275635
0.21021274
0.19457828
0.20573756
0.12267524
0.22177428
0.19964969
0.120937824
0.3216748
0.25768825
0.11634607
0.3285495
0.2455298
0.107219346
0.10387396
0.14591935
0.24260445
0.3630845
0.62638247
0.7826376
0.32337558
0.07976497
0.14976978
0.2722912
0.20759788
0.16947995
0.24946655
0.14064804
0.16257437
0.090159364
0.32560867
0.40736845
0.31050214
0.17985138
0.1306276
0.324745
0.29654744
0.10314503
0.1904183
0.12179811
0.30461824
0.22650672
0.19084679
0.16038951
0.45276535
0.21656515
0.1607519
0.39245036
0.26637945
0.12079095
0.13547467
0.5923208
0.44337696
0.14759468
0.3641612
0.1544367
0.13761416
0.23489325
0.20446621
0.17411526
0.09918088
0.09029958
0.16643283
0.10069233
0.20705125
0.10032297
0.19170694
0.14448415
0.17352614
0.30223873
0.18319362
0.19454348
0.22699372
0.11368226
0.19930622
0.10777294
0.16172445
0.19437477
0.16760832
0.14287564
0.25385913
0.35804304
0.113787726
0.20838688
0.20883808
0.26758242
0.06830765
0.22985329
0.17593205
0.14463353
0.15318863
0.19830075
0.20363232
0.28828958
0.18190709
0.19410735
0.24163754
0.39512065
0.23598932
0.14766684
0.17208461
0.15749286
0.21126086
0.21824375
0.0486792
0.5623593
0.6444409
0.082592934
0.5727931
0.5370218
0.18905565
0.26075175
0.2356857
0.10448964
0.13938859
0.10543203
0.16547205
0.18073282
0.17884162
0.16808212
0.111468256
0.13135183
0.12832813
0.29296243
0.23004664
0.15748298
0.10129124
0.1297152
0.105788395
0.3542644
1.1154119
1.4443426
0.59789157
0.2140975
0.15394855
0.1603853
0.36891884
0.22894679
0.14413969
0.5354798
0.9124965
0.70575327
0.14489305
0.567769
0.7995766
0.3810176
0.22136304
0.26246616
0.29557243
0.11672078
0.10853541
0.19313344
0.20156553
0.24318805
0.185915
0.21192704
0.15508011
0.17929348
0.19336076
0.28778005
0.26463443
0.11319033
0.2560517
0.2089739
0.095476605
0.0747793
0.1198621
0.7890287
1.4854623
0.30075294
0.5440968
0.4366994
0.13689272
0.3367763
0.116487935
0.21049212
0.14283933
0.35438856
1.1894132
1.275049
0.37767467
0.24875511
0.16484064
0.13062492
0.3006478
0.5079465
0.23908883
0.16093975
0.13121188
0.36188498
0.2381878
0.16803904
0.23006584
0.2584533
0.1538051
0.075730324
0.6738297
1.7484224
1.1509323
0.51457715
0.4061378
0.34405208
0.18155402
0.2185786
0.40606484
0.52867365
0.12635182
0.42965454
0.19552186
0.25991997
0.23356116
0.371816
0.29508603
0.22605596
0.32782295
0.29452974
0.17113891
0.32131866
0.44062987
0.13273118
0.21438096
0.10305823
0.2629295
0.33802152
0.14782439
0.19909777
0.20704569
0.49307087
0.6211944
0.21780407
0.31078854
0.22239861
0.18459246
0.14145857
0.14439727
0.15726751
0.19206068
0.3196933
0.30287164
0.44054425
0.33316156
0.049974278
0.31963003
0.111413226
0.14132857
0.20454055
0.109094694
0.151995
0.20573434
0.16221645
0.6980358
1.2157613
0.58439976
0.56629777
2.3923593
3.3240514
3.4430716
5.83162
1.5207419
4.7197895
3.8024633
4.5569377
4.799507
8.192821
3.6934905
11.497952
2.0449593
7.2847424
4.4723024
1.7948319
3.1995347
1.3544042
1.079084
1.0077362
0.99128014
1.3991389
1.0225433
1.243963
1.037655
0.47948152
1.2519977
1.0413634
1.4079075
1.0117459
1.0101794
0.48712045
0.734759
0.78444225
0.9774867
0.9060245
0.639364
0.538168
