3.8150249
0.15873
6.207817
2.7805963
0.1668961
3.7936683
0.582451
0.66185045
1.1437254
0.9980582
0.5633418
2.0382333
0.56213653
1.3329127
1.0619304
1.9901996
0.43961015
0.7184174
2.1411023
0.9911233
0.8260743
0.9522488
0.25827667
2.050971
1.2139785
0.41811532
1.0003872
2.4698012
0.88514745
1.0106318
0.82947034
0.7343428
3.8761034
0.9044311
0.4359083
1.2297931
0.7660785
1.0836031
0.9040129
0.47873402
1.2287303
0.35819724
2.797759
1.1358787
0.3474128
0.98887146
1.668427
0.2920338
2.7621346
2.3402696
0.58818847
0.6315539
1.8633089
0.7162185
0.6275276
2.4451737
0.6130754
0.4544006
2.6601105
1.5886507
0.32723102
0.8135236
1.6066118
1.0833464
0.3984865
1.7475703
0.9491287
0.46472394
1.526369
0.6061947
1.0121104
0.851028
1.4143298
1.469777
0.31360096
2.3814216
0.96777153
0.65728176
0.43006647
1.9926388
4.2337356
0.46303082
0.61116576
1.2542858
0.957412
0.34057578
2.869385
0.2065112
4.8668547
0.49077687
1.2514465
1.2899456
0.963793
1.1845744
0.585395
0.8559389
1.0287069
1.1250486
0.22383341
5.2533245
2.0083659
0.33288425
1.6110327
1.5734737
1.0402863
0.4276644
2.1152554
1.3617947
0.16059501
6.0328956
0.43297136
3.885798
0.29962796
2.4985678
1.4585686
0.6179832
1.2198982
0.84141284
1.9082679
0.5507691
0.91519684
3.4321578
1.2745011
0.60580176
1.0124992
1.4022589
1.3540055
0.45173785
2.7467184
0.44975078
1.1914427
1.4883796
0.69002473
0.70929724
2.1844323
0.5918308
0.52158624
2.110231
0.77799964
0.85893834
3.222392
0.1574941
3.568725
2.090373
0.54806066
0.98095727
1.1327353
1.4369086
1.0047029
0.9279902
2.4895754
0.29415935
1.5954722
2.3443732
0.41927505
1.8405502
1.7070849
1.0039858
0.5380292
1.9534229
0.87204146
0.9825907
0.9948243
0.28189978
0.86582553
2.050407
0.3106293
0.90466565
0.5152147
1.571178
0.5546521
1.2672637
1.1456293
0.78771025
0.24797149
3.8526683
0.6178757
0.7457722
1.8785663
0.5639523
0.2834901
4.609082
0.47778958
1.4492133
1.6253841
1.4530653
0.69148827
0.9328044
