0.77640855
0.93957496
0.70669127
1.1292598
0.9958592
1.4426227
0.7591883
1.1399837
1.234196
0.5267923
1.6648383
1.0636005
0.71171916
0.538033
1.6912584
0.8315657
0.65732193
2.4877152
0.9193258
1.141084
0.36667967
2.70478
0.24040315
1.2526436
2.837739
0.36920726
1.2919837
2.1226165
0.30339593
1.6801372
1.3328744
0.4857984
0.7500905
1.3854579
1.3416688
1.0209513
0.4153878
2.7454083
0.31411725
1.8322734
1.5745609
0.53813386
0.4503096
2.4682305
1.6576699
0.6212421
0.5508847
1.2560823
0.7150197
0.6742162
1.049878
0.8180326
0.8454626
1.2931924
0.71393806
1.1366532
0.87996006
1.0538979
0.88496596
1.3333719
0.30539173
4.7073216
0.1407562
5.1057825
0.80335456
0.55858207
2.4372206
0.73351586
0.52159387
0.5838145
1.2275102
0.8944627
2.865361
0.6587523
0.75652105
1.3797259
1.5591569
1.167395
0.33140087
2.3124652
1.7387171
1.064412
0.9911126
0.88938594
0.5099166
2.5038064
1.174651
0.51651907
2.0362427
1.3794698
0.9700867
0.6445346
1.1812818
1.446598
1.002826
0.8451127
1.557765
1.3387188
0.6186479
0.36818257
4.269464
1.1126864
0.59948987
2.0931249
1.1058806
0.328776
2.3287296
1.5103987
0.4646905
1.0368581
2.1268091
0.36565876
1.3503273
1.5979595
0.51903063
1.0711915
1.4949507
1.6234523
0.4550925
1.317991
1.2236209
0.77145845
1.2229884
0.49256712
1.4718006
1.1182276
0.763392
0.60170007
0.99612397
1.2933657
0.85001457
0.79477316
1.1097418
0.528374
1.6608862
0.9506009
0.61341405
1.9742357
0.8433473
0.9813226
0.5519257
3.8715386
0.14770077
2.3694916
0.25541556
1.270634
1.8020079
0.66691554
0.69577646
2.2632756
0.67044175
0.47269827
1.7509716
1.195399
0.5939082
1.3466063
1.2628559
0.9880462
0.81432855
0.7176693
0.96158344
1.2889473
1.319452
0.5464899
0.83166134
1.0198693
0.705474
0.82427204
0.72195387
1.4739022
1.5353225
0.35572648
1.1252949
1.5841221
0.5190328
0.9753941
1.5359458
1.4097532
0.44658083
1.0058264
1.6093247
0.66422963
2.1470203
1.8957403
0.60727787
0.58478963
1.2137238
1.6236329
