1.102437
0.948985
1.0506991
1.172265
0.45669687
1.1831803
1.993443
0.28698575
2.2370758
1.4686388
0.3296554
1.7414088
2.220768
1.5082234
0.2627319
1.1939859
2.0449247
0.6278516
0.8227761
1.310694
1.5471634
0.97579867
0.6721575
2.8261914
0.2804914
2.335276
1.6378691
1.0402896
0.59475565
1.6000955
0.72658646
4.107716
0.55392927
0.790601
1.4348774
1.278278
1.4070749
1.2386776
0.8807937
1.0281867
1.4370344
1.7370889
0.73931485
0.8354326
1.420268
2.0766492
2.2117796
0.16986752
7.808034
1.6053183
0.73200524
1.9010258
0.87975186
0.63598216
2.1904132
0.8348398
0.610513
0.5926432
0.6819358
1.0211275
0.63900083
0.67585886
0.4768387
4.4053125
0.7062173
0.5751871
4.6241827
1.6631488
0.9753413
1.0421109
0.7680511
2.2709484
0.9389543
1.2388204
0.97125393
1.3278251
1.0412084
1.6326672
0.8539384
1.049609
1.0921588
1.34308
0.91438794
1.5403643
0.7218924
3.1680117
1.4732115
0.20077422
3.0697346
1.7207204
0.7027402
0.7110603
3.4380977
1.0487926
0.6722988
0.8973311
1.6919942
1.5478816
1.1750417
1.3420904
0.5312804
1.7391374
1.1671144
0.9761121
2.6249967
0.8442645
0.35030127
2.4689474
2.0913663
0.2593907
4.4978485
1.8343462
0.89674205
1.4576671
1.0507464
1.9996126
1.6003026
1.0175886
0.9311665
1.1424658
0.98949885
1.2289125
0.968682
1.3574425
1.0495336
0.6606265
0.97410715
1.2761152
0.93833107
1.0600748
0.6763302
0.9860956
1.0476297
0.77495146
1.7186282
0.81885004
1.2233878
1.1488148
1.419523
1.4148833
1.0049355
0.43750626
1.7287456
1.3601305
1.0891304
0.7698713
0.96612775
0.79983133
1.8259554
1.1599516
0.6494379
1.0536003
2.692637
1.8587785
0.14856744
6.5042086
2.0092072
0.35283327
0.80882615
2.5157561
1.6021204
1.2036625
1.1292362
0.80717325
1.1816413
1.3151636
0.7327125
0.82928455
2.015001
1.934366
1.37708
0.47435397
1.1541994
2.1692815
0.49555886
1.3832788
1.7250245
0.779841
1.1875987
1.3042877
1.0702684
1.5863183
1.0017328
1.3613319
1.5905873
0.7208741
1.4955015
1.6114049
