0.27354205
0.26482803
0.11765427
0.18356842
0.14711873
0.14317441
0.19070575
0.15366995
0.25520876
0.25317356
0.11603512
0.12158564
0.08360275
0.13983949
0.48126107
0.11245304
0.19108018
0.11280351
0.08815096
0.16644163
0.2628328
0.39071187
0.22243989
0.12614217
0.4989273
0.45397747
0.11477622
0.22454135
0.16056928
0.0994804
0.15844673
0.18177043
0.23308846
0.18196288
0.08366007
0.13169336
0.06908753
0.1827977
0.2656711
0.070007175
0.39274225
0.1469433
0.27490914
0.7483283
0.85694927
0.16486743
0.22226787
0.1776313
0.07494174
0.17076248
0.25023547
0.17293268
0.08807689
0.15233052
0.24333498
0.20856306
0.06954683
0.051704727
0.12757608
0.20450819
0.20408599
0.14812064
0.10585806
0.10350513
0.09590612
0.10632229
0.15498123
0.14194337
0.18452063
0.05964253
0.18100932
0.24232353
0.13827285
0.18537696
0.115117244
0.21123058
0.061379265
0.14451
0.09358684
0.2509693
0.09862178
0.092064664
0.11330013
0.14796285
0.16664039
0.20428933
0.12793835
0.16162792
0.4066225
0.14046827
0.42167982
0.0710145
0.78601205
0.49766928
0.2487393
0.20029746
0.26187277
0.35699636
0.109404616
0.1456348
0.09212092
0.073588125
0.082338065
0.25649452
0.071398586
0.2839546
0.22226961
0.13335691
0.07090407
0.11563487
0.16213337
0.08160891
0.19825959
0.19503771
0.09524146
0.14587168
0.20790103
0.082461715
0.11089879
0.12958129
0.13087992
0.20145233
0.121738754
0.0542404
0.105069846
0.25816202
0.24295336
0.1956495
0.1111765
0.11129959
0.07081183
0.13397026
0.13237771
0.094144106
0.24124138
0.27111995
0.18558829
0.07527176
0.12939128
0.08125334
0.11745861
0.16120568
0.13669991
0.17062637
0.08100319
0.07369844
0.1468322
0.13872558
0.1185185
0.081207156
0.2210387
0.09373051
0.12501755
0.08411084
0.11296773
0.0884417
0.09598108
0.043281794
0.07557471
0.11449094
0.11999002
0.1144671
0.13964511
0.120812744
0.21903098
0.05013139
0.13647683
0.08517701
0.039948955
0.2322323
0.13316268
0.055531718
0.095162325
0.36736828
0.8206421
0.29334557
0.3508708
0.27440068
0.09263695
0.13422409
0.09276224
0.19642465
0.09434806
0.47551885
0.4200716
0.061094467
0.08800499
0.2848654
0.12774524
0.13366194
0.15433386
0.0717439
0.1169721
0.083651036
0.15524837
0.13875057
0.09559752
0.31180286
0.3317663
0.13857093
0.15925299
0.12765582
0.06605667
0.080350935
0.06291401
0.07658854
0.1483795
0.2000425
0.13012332
0.10657194
0.12006921
0.040025376
0.10299061
0.031339217
0.15295476
0.09034704
0.08040586
0.033858206
0.084962875
0.070861906
0.12242069
0.0958124
0.16089359
0.08153072
0.069638506
0.09211104
0.28071392
0.13117683
0.1392127
0.14012471
0.10332404
0.03848732
0.08598937
0.10806824
0.05939209
0.06691615
0.13417797
0.08651051
0.049570337
0.0838501
0.19534245
0.11798926
0.063532785
0.052926086
0.13237637
0.060833924
0.08157835
0.050121862
0.11007369
0.066048905
0.06043172
0.054241356
0.18141134
0.22623536
0.11418818
0.025537625
0.083533525
0.093905404
0.12864272
0.08549475
0.05572667
0.03304396
0.053228036
0.07203496
0.061411526
0.050278023
0.056314405
0.09714506
0.10182913
0.07663177
0.06961117
0.03618612
0.05583859
0.030999552
0.1350003
0.2144353
0.28222665
0.42700097
0.2404941
0.07221535
0.052683987
0.08143565
0.11821875
0.10043268
0.0616581
0.12728067
0.118304804
0.06978945
0.089798555
0.05549761
0.0850489
0.082788825
0.09945026
0.06567265
0.051949374
0.09297545
0.037611917
0.09893949
0.10814474
0.060635034
0.064332366
0.09307295
0.10807759
0.059777316
0.05934429
0.04511354
0.11085686
0.13119367
0.119176306
0.06794734
0.06770069
0.12630191
0.027461529
0.10079801
0.084559485
0.12265666
0.0754657
0.07335154
0.05644256
0.09197804
0.06411518
0.06344292
0.060433432
0.13984877
0.023324661
0.12916625
0.069736116
0.046958208
0.42219844
0.39702648
0.24587686
0.5657173
0.30670765
0.07909388
0.052992575
0.068241715
0.050916966
0.032511443
0.051181167
0.16802478
0.082268625
0.10316007
0.07350876
0.07352039
0.07817658
0.11872485
0.18625093
0.0752025
0.08850458
0.19136406
0.04915283
0.15147457
0.08115586
0.03952272
0.06857467
0.067461774
0.038960055
0.13393201
0.5447406
0.7861427
0.47885647
0.18532483
0.3126525
0.07505539
0.10740791
0.11457193
0.32421207
0.29714006
0.022114001
0.065988325
0.37363783
0.5447086
0.041494012
0.25315356
0.0955563
