0.5551504
0.81484234
2.3860946
0.26984575
1.6986511
0.9961252
0.9056374
1.085442
0.7664978
1.1947773
0.90926635
0.8775454
0.9035203
1.5681689
0.22841886
3.2676392
0.7081081
0.38492262
1.8545408
1.0573424
0.36510798
1.1887176
1.1229714
0.6498341
1.1255801
1.2570451
0.7785172
1.1153523
0.60916936
1.7391996
0.2346739
3.2440104
0.6628367
1.0383774
1.2023815
0.35303843
2.3410287
0.42129636
1.2477245
1.0453918
0.69808424
1.2385321
0.7932067
0.91547287
1.2745934
0.7626276
0.8478494
0.63371336
3.1158996
0.5145139
0.90385205
1.5146122
1.0375562
0.681536
1.3511947
0.78817755
1.0637101
0.9506961
0.52784395
0.91412276
1.0679095
0.66499805
0.9498343
0.71730536
2.0397768
0.2573611
2.4485698
0.99844444
0.48992014
1.5585923
0.8399345
1.0235112
1.0733972
0.8228902
0.91220486
1.4046042
0.28266513
1.975358
0.93555677
0.85506225
0.8263988
1.4572263
0.8168738
1.0731084
0.726027
1.0622475
0.990886
0.49611402
2.5580842
0.23744509
1.4419335
0.645824
0.9209671
1.3913109
0.7185037
0.94966257
1.5613954
0.6094568
1.3920925
0.46153468
2.1380076
0.47860083
3.0198724
0.41876692
1.1489258
0.76491874
1.3836112
0.7960366
0.5173017
2.174943
0.553931
0.912552
1.3139681
0.3492517
1.56371
1.125147
0.54467195
1.863605
0.900308
0.41220155
2.6881237
0.3863179
0.8705347
1.6717945
0.49737626
1.2736323
0.89453006
0.9382469
0.4864807
2.539689
0.454597
0.9771053
0.87441623
0.52406484
1.6937389
0.61929
0.63479346
1.4061891
0.7281623
0.5738535
0.96332055
0.82291454
1.7743666
0.24118559
2.237309
0.4742382
1.0845842
1.0644646
0.5265922
1.6870193
0.74811685
0.73643976
1.8270133
0.50697696
1.4049249
0.8154196
1.2302948
0.7111398
1.2686539
0.8331854
0.6780544
0.8571136
1.1571164
0.355891
2.2274191
0.6280278
0.7109196
1.024079
1.0561018
1.4502233
0.2999828
3.1901405
0.58806276
1.0562977
0.9400393
0.71404195
1.3444017
0.78939164
1.1684961
0.73265266
0.99079853
1.1833639
0.9763171
0.34841448
3.7767758
0.6374226
0.34749183
2.418686
