1.0784559
0.8674432
0.7349258
0.85513306
0.8644681
0.9769291
0.8738019
1.4497602
0.89132077
0.6084208
0.6211928
1.0292526
0.805123
0.7296562
0.86563075
0.8329629
1.1095985
0.9427375
1.1481261
0.96676356
0.82269835
0.90767825
0.9139409
0.9347239
0.84247994
0.88808703
1.2352229
1.6611607
1.2339346
0.76233506
1.0125291
1.0529716
0.7034735
0.84820575
1.165942
1.3602935
1.137821
0.8288386
0.6905514
1.2584532
1.0215511
1.153887
0.63586956
0.6819669
0.7316001
0.7560001
1.088434
1.1969718
0.7067566
0.6470331
0.7845282
0.54458344
0.79200315
0.8773554
0.9338933
1.1561235
1.0613446
0.76333207
0.8141223
0.6513027
0.6513157
0.9172585
0.853734
1.0710022
0.7659804
0.9435888
0.9910081
0.89699745
0.72993314
0.7585645
0.7119974
0.9245174
0.8465433
0.75809884
0.5734694
0.5873753
0.8530314
1.0489371
1.0397899
0.9648112
0.8920938
0.796952
0.81440747
0.8033061
0.8265023
0.7596286
0.82990456
0.8366626
0.9013859
0.9217057
1.3609374
1.0361371
0.6322297
0.78996825
1.1274475
1.0518637
0.56779444
0.8302088
0.8103378
0.8874861
0.72881055
0.6710514
0.7086171
0.8458233
0.9987675
1.03288
0.91314054
0.5931827
0.5640954
0.7860457
0.975711
1.1843129
0.9703516
0.76907176
1.189326
1.2118919
0.73972595
0.9216552
0.6086627
0.7481993
0.76060075
0.7376782
0.8124969
0.64295805
0.8160777
0.62408817
0.5417405
0.6992768
0.8708879
0.5136608
0.71174264
0.7233121
0.57946754
0.7147921
0.6255695
0.6588564
0.6089655
0.61400986
0.5521322
0.56288207
0.6559876
0.81946445
0.6632116
0.6290185
0.40939835
0.9011216
1.2944674
2.5177448
1.3468264
1.0742922
0.9542254
0.9045845
0.7271694
0.7693324
0.7162265
0.6265958
0.6827136
0.7070676
0.69028544
0.8425582
0.87247396
0.73138714
0.6486975
0.7920552
0.5828551
0.70030296
1.140839
1.2198172
0.66346073
0.5786695
0.54079723
0.6945949
0.82892394
0.8017919
0.94109064
1.245631
1.0338018
0.8431377
0.97519827
1.0237539
0.86187106
0.8519615
0.8762957
1.0225353
0.8481528
0.6150733
1.3098946
0.96478635
