1.5260391
1.7744019
1.6959186
1.5604066
1.4402695
1.4570547
1.4633292
1.5256839
1.4238935
1.4681944
1.4585111
1.444237
1.5099846
1.4518481
1.5064766
1.4529339
1.3925922
1.3783196
1.477769
1.5309665
1.7358735
1.5984851
1.5213639
1.4469408
1.526983
1.5175874
1.3182937
1.396903
1.4198414
1.4773088
1.6582676
1.529615
1.4273024
1.4114289
1.3518722
1.3497207
1.5332143
1.6784225
1.7418368
1.4636586
1.5099039
1.4378245
1.476585
1.4776723
1.4898882
1.3569391
1.4253626
1.6144108
1.7796103
1.6738018
1.3809321
1.3977935
1.5954534
1.5767684
1.5423604
1.3387274
1.464691
1.455879
1.3786415
1.4874485
1.4640338
1.525461
1.5086471
1.4489319
1.3454441
1.3781644
1.3206687
1.5139711
1.5689011
1.6295915
1.4628055
1.413609
1.4520087
1.5423558
1.5166743
1.6441928
1.5412836
1.5475855
1.5821153
1.4353621
1.415976
1.5542098
1.4659153
1.3560596
1.4102477
1.3354311
1.3463979
1.3971796
1.3929404
1.4829823
1.5930662
1.4824777
1.554337
1.5769315
1.494782
1.3285728
1.3374165
1.4091134
1.6901712
1.6988823
1.4255216
1.3161054
1.4525025
1.33139
1.7148321
1.431365
1.484474
1.4151926
1.4558344
1.3876979
1.4570522
1.4150281
1.5437317
1.3141872
1.4204271
1.4585006
1.4781117
1.4458758
1.3397658
1.4190271
1.3898648
1.6034579
1.5292473
1.50039
1.2896256
1.3393297
1.5188007
1.4734131
1.512022
1.4947796
1.499557
1.4827871
1.4215353
1.6012248
1.693963
1.5600686
1.5341959
1.3443516
1.4503751
1.4338877
1.3716545
1.4691024
1.3332691
1.3389547
1.421603
1.5791686
1.4966078
1.488395
1.6686193
1.577652
1.5313759
1.4585481
1.4419448
1.3519945
1.4984013
1.4565117
1.5035594
1.5044289
1.4838991
1.3678085
1.5120659
1.4027352
1.6726828
1.6601738
1.6231866
1.4322875
1.4114759
1.3904061
1.40362
1.4422939
1.4829965
1.5212947
1.4921603
1.479552
1.417527
1.396893
1.3354477
1.3621266
1.4679549
1.5569625
1.3845011
1.4296603
1.4475576
1.6699309
1.8473605
1.6568296
1.4280068
1.6388052
