1.0800152
1.0279269
1.011662
0.9927738
0.95090926
1.0183202
0.9891955
0.9817042
1.0012918
1.0273181
1.0702685
0.99277264
1.0138457
1.1355875
0.965726
1.0688839
0.8431205
1.2642645
0.8382304
1.21169
0.97548383
1.0212895
0.9250506
1.0744953
0.91539145
1.3029138
0.7079636
1.4741457
0.8770758
0.91667324
1.0173643
1.0293574
0.9415949
1.0504622
0.7984493
1.4254075
0.89056003
0.80961645
1.2240865
0.757951
1.2872574
0.8497609
1.0401726
1.1461945
0.8838282
1.1365597
1.0630465
0.7072891
1.2682147
0.8776887
0.8432596
1.1118858
0.8532578
1.1054213
1.0790153
0.741198
1.3454125
0.864011
0.92531586
1.1570193
0.770225
1.1075406
1.000079
0.9869124
0.879532
1.1201618
0.9193987
0.9594627
1.0717331
0.8022789
1.1345812
1.0007778
0.8342267
1.0673167
0.9113709
1.1134633
0.7785197
1.5291185
0.6837888
1.2224891
0.9517952
0.9240801
1.2071296
0.8822579
0.8674147
1.1629407
0.8753304
1.0527897
0.7979499
1.123174
0.7918987
1.0271231
1.0237591
0.9516361
1.2075875
0.89182353
0.972569
1.0182607
0.9480986
0.9602517
1.0572548
0.80825967
1.0746725
0.93175167
0.8358205
1.1076312
0.9845706
1.0843492
0.85639507
1.0200765
0.9985264
1.0852907
0.810821
1.3376806
0.87770635
1.0084889
1.0235722
0.8305405
1.271153
0.63284916
1.4152949
0.83518696
0.96541774
1.1066697
0.89662516
1.0093524
1.0714849
0.9849312
0.93392247
0.9612828
0.890839
1.0545406
0.9984174
0.9518225
1.1225734
0.81136674
1.038025
1.0812049
0.8206903
1.3948457
0.7667331
1.0382974
0.91067106
0.99956334
0.87746036
1.003324
0.85829675
1.0979613
0.8074614
1.1145523
0.8675451
0.8664919
1.1382767
0.85555017
1.2688632
0.8852428
1.1761395
0.8518616
1.0272382
0.8581987
1.0360649
0.9373703
0.95478153
0.9295753
1.0389335
0.9493388
0.92869306
0.94970953
0.95892036
1.0429568
0.9729554
0.9505585
1.0093352
0.8961677
1.0972238
0.7700399
1.1762143
0.8400792
1.0109749
0.84621537
1.3805156
0.7006606
1.2329971
0.9561694
1.039511
1.0291382
0.8798001
1.0038035
