0.8784592
0.4634741
1.4223386
0.8621628
0.40685058
2.406494
0.6111729
0.8375298
1.2893178
0.751284
0.90864366
1.2291796
0.56292
1.6207535
0.5421383
1.4076489
0.986673
0.48976448
3.48393
0.410559
1.9045736
0.57999766
0.9745929
1.8942139
0.38454932
1.2560084
1.150547
0.5364496
0.88581836
1.2094219
0.9084853
0.5918659
1.7203693
0.4078887
2.3442307
0.4142024
1.675573
0.7778633
0.5558928
1.9658251
0.4978738
1.1500778
0.9878605
0.6185125
1.0296848
1.6683812
0.5291393
0.8409547
1.500566
0.7465896
0.74735713
1.2430602
0.5704484
1.938289
0.30358422
2.4677048
0.8543723
0.5378544
1.4893143
0.62223035
0.96728146
0.8491829
0.92019194
1.0759678
0.57548696
2.117019
0.36770904
2.1293187
0.65185547
0.7979903
2.0049744
0.37032384
1.5571184
0.86218476
1.2091765
0.53237665
0.7992984
0.8616968
1.059296
0.9162818
0.5500381
3.3474374
0.44041944
1.1357619
1.2434753
0.8520595
0.4829463
1.497551
0.62458104
0.79515934
1.1463016
0.8395087
0.6026168
2.1457806
0.38950324
2.2254937
0.55041444
1.3262005
0.80476964
0.63274944
1.7601461
0.6423097
1.8949838
0.5792024
1.4684327
0.68012583
1.4383781
0.886521
0.7690873
1.0187027
1.8811705
0.36425695
1.5618168
0.65282565
1.6657672
0.70987165
0.87516356
1.283387
1.2336969
0.5597557
2.1114855
0.32179707
2.6193469
0.5202974
0.9071434
1.3985903
0.7210841
1.095591
0.45598534
2.0391765
0.51065457
0.7831957
1.3014519
0.33446866
2.5172358
0.7607441
0.59616166
1.0037801
1.0571871
0.5674551
1.5247278
0.5035366
1.3592451
0.855746
0.7293851
0.7441236
2.2228231
0.40709332
2.0015342
0.62761956
1.4166708
0.66326106
2.8710332
0.25248325
2.4561515
0.7615088
0.6243893
2.0636115
0.43731344
2.0617182
0.2916264
1.764744
0.6822223
1.2506188
0.47900617
1.9579144
0.59612143
0.93813264
1.4052465
0.686937
0.97789204
0.73413247
0.92126524
1.1430011
0.4629919
1.8450625
0.3954518
1.466088
0.7146645
1.1473299
0.5336646
1.5704596
0.9359449
0.23449299
3.0399494
0.6709623
0.23141903
2.3439884
