0.98711306
1.0901835
0.4041843
1.8551074
0.8197361
0.6657666
0.58629334
1.4414366
0.49229544
1.7693558
0.7904198
0.5689201
2.5006795
0.44050798
1.0111989
1.3648
0.44899592
1.6025921
0.32508883
1.2184539
1.4461641
0.48265484
1.0498148
0.60280997
0.46064892
1.3780816
0.9393898
0.6394659
1.1595554
0.87886536
0.83892894
0.66842186
1.76718
0.31822807
2.14041
0.19293103
3.5434754
0.36067644
1.5070578
0.43801302
2.017725
0.4842041
0.5651157
3.279728
0.690495
0.22509202
1.5760658
0.7032212
0.36853188
2.2481282
1.1379186
0.5014109
1.6516784
0.30773413
1.2816422
2.4753847
0.43038672
0.66436696
2.3634214
0.9102607
0.26136458
2.1689281
1.0820634
0.5325479
1.4962993
0.847361
0.39438164
2.2605362
0.7090863
0.5829341
1.3635111
0.42085606
1.0401038
1.6295753
0.6315963
0.46525928
2.9229498
0.42790014
0.4549619
2.4998512
0.7315372
0.4650722
1.8253902
0.5446081
1.306723
0.5035769
1.262907
1.1520486
0.42479515
2.5344348
1.0884879
0.30217963
2.368336
0.8866019
0.3830434
1.5856388
0.9406155
0.43802
1.2789997
2.1892753
0.43946534
1.3858098
1.0600984
0.38941702
1.0002755
1.5840164
0.75992775
0.61735004
0.8864067
1.0366771
1.0456809
0.97533834
0.75024027
0.77545774
0.45208338
2.417483
0.4541034
1.3425636
1.1207702
0.6547305
0.9690921
2.032784
0.29982358
1.0275052
1.99753
0.3260537
1.503406
1.2351384
0.28247672
1.3436909
1.9913032
0.25841805
1.0455527
2.0721827
0.6512929
0.39474484
3.025376
1.0488253
0.3599202
1.1778517
1.0960946
0.74219364
0.73009753
0.38209927
1.4773557
1.155657
0.23083809
1.5572321
0.7811884
0.4166882
1.4087483
1.1938806
0.3718295
1.2441946
0.8602115
1.7869309
1.1306797
0.30846614
1.1564574
1.2890441
0.7482269
0.7294857
1.4624779
0.48202989
2.3724272
0.8455405
1.1087732
0.32370523
2.571353
0.6160352
0.8405887
1.0259271
1.247268
0.61935854
1.3451943
0.6395496
1.1149037
0.49685895
1.1302595
0.48880887
3.6684961
0.6394439
0.35473892
1.7294629
1.4925282
0.36320752
0.6430098
2.210369
0.6463089
0.6875508
1.2469046
1.2149565
0.45871463
1.1972699
2.1780398
0.24212891
1.3692651
1.3311124
0.51573193
0.8377726
1.3836858
0.5880507
0.516321
2.0521476
0.94971776
0.36794868
2.4142861
0.92793334
0.28019685
2.5202131
1.2791705
0.80355495
0.30984744
3.3082318
0.65388167
0.44805914
1.2696265
1.5129015
0.5260473
0.75942683
2.829991
0.44006085
0.5687184
2.9443717
0.6598698
0.4550057
1.4702189
0.6782302
0.6625215
1.5529703
1.6094275
0.41250136
1.0382507
1.4534452
0.98833996
0.223982
1.1190196
1.6837983
0.37748778
1.422158
0.5998894
1.2916495
1.1296982
0.44829726
0.90950453
2.362256
0.31373918
1.8175145
1.2430545
0.5630178
0.32532457
2.1990647
1.7064812
0.28273532
0.67862356
2.0890589
0.8489833
0.39930588
2.111329
1.0867755
0.5125343
1.4930999
1.0129561
0.48001564
1.1831789
1.4097123
0.58998775
0.7197495
1.3738799
0.41412786
2.4491167
0.5595158
0.66004586
1.2877669
1.3694301
0.37502646
1.3268033
0.85892683
0.5514704
1.6544688
0.37317604
1.6036257
0.7396632
0.7338975
0.3915729
1.7022023
0.5044501
0.9746958
1.0940688
1.0993696
0.50868267
0.6910285
2.013212
0.37624818
0.70434326
1.3949674
1.5144227
0.25677383
1.8273668
0.5482039
1.09367
0.92382205
0.562961
1.3845623
0.7934549
0.80424404
0.7532692
0.9257918
1.0487536
0.92412806
1.1921442
0.5118624
0.85039896
1.0949537
1.1442784
0.21093088
3.8852203
0.6136006
0.6735272
1.4955242
0.51132387
0.22461
2.5583334
0.56102985
0.41231632
2.4489944
1.0747561
0.1957618
2.096218
1.757266
0.38845626
1.0315312
1.6487998
0.4438009
0.71246153
1.4471843
0.5187305
1.010869
0.74424577
0.97154224
1.0135634
0.93325156
0.19900873
3.2356873
1.2928747
0.2574221
3.6567044
0.592132
0.19821903
2.4427106
1.126759
0.49374315
0.8799211
1.2727965
0.43482855
1.1706799
0.70385104
1.2537918
0.88285553
0.65124154
0.60764754
0.706454
1.8412266
0.569605
0.515725
1.6039472
1.1596608
0.3104965
0.7285785
2.2570946
0.60600543
0.36830792
2.510808
0.65109897
0.41050068
