0.7666482
1.1356232
0.76171285
0.9421195
0.9475329
0.8734351
1.1515224
0.788324
0.84009653
1.1046783
0.8478826
0.9811152
0.98905087
0.97340846
0.831916
0.8579969
1.0978789
0.90805024
0.7121797
1.3995446
0.5715505
1.2531003
0.9835987
0.7984408
1.3935571
0.6975939
1.7126737
0.6277015
0.82312274
1.3114653
0.5781873
1.116035
0.9627542
0.71276814
1.0155636
0.8537818
0.872712
0.89293563
0.8731502
0.9768561
0.80408937
1.478632
0.7040253
1.1354103
0.8868095
0.9709796
0.78262794
1.0393867
1.1391195
0.79359126
1.0678694
0.5255145
2.0573034
0.5835023
0.747648
1.211415
0.8343018
0.8130568
1.1606684
0.78039753
1.0978818
0.7663512
0.94790137
1.0110908
0.76652884
0.9468947
0.77548623
1.5358644
0.459812
1.206792
0.9260678
0.86154485
1.2550805
0.6609715
1.1116617
0.907787
0.687379
1.2485396
0.7661402
0.95626926
1.020065
0.7795842
1.3244443
0.61529636
1.2777231
0.78546286
0.65692127
1.7370366
0.6161677
0.85652375
1.0845889
0.7403481
0.83686984
1.2606444
0.6283115
1.614181
0.68327564
1.2504292
0.8834095
0.99674666
1.0888587
0.6279932
1.418155
0.5266105
0.97315335
0.92810965
1.1363273
0.6593127
1.0689551
0.6124296
1.3038025
0.72733593
1.01963
0.6927004
1.3753269
0.7240368
0.815349
1.1575809
0.79102707
0.9528427
1.0548382
0.835362
1.0266465
0.79158175
1.0538592
0.75548357
1.2036726
0.62873816
1.2368317
0.83286816
0.8010904
1.4791162
0.62435806
0.9509338
1.1439896
0.7437204
0.95453584
0.7436725
1.0873001
0.8640453
0.8544648
0.7569259
1.2173059
0.58973145
1.184181
0.7776158
1.1518791
0.82034564
1.1099634
1.0994526
0.5831952
1.4832424
0.7391026
1.1028578
1.0133479
0.77900404
1.1736531
0.8688401
1.0555761
0.7253536
1.2564867
0.74703395
1.1052644
0.98905015
0.8618709
0.95305896
0.9331991
0.678626
1.4485805
0.701594
1.6457334
0.54306257
1.2459486
1.2256193
0.6181896
1.2224779
0.8744309
0.7571101
1.1124212
0.89852464
0.9335234
1.1775582
0.60083455
1.279507
0.7388815
0.62022257
1.8730555
0.48212358
