1.5397766
1.3575103
0.9572436
1.2243801
1.0005748
1.3041863
1.2533511
0.997043
1.1924355
1.4144968
1.2255132
1.1377369
1.2157015
1.0633376
1.2546365
1.2594519
1.0594006
1.2874684
1.006784
1.1804109
1.2513397
1.5088464
1.465811
1.3312252
1.3803864
1.0710658
1.1086571
1.2765274
1.0916649
1.3251024
1.308133
1.4424064
1.4555136
1.0670727
1.1622313
1.4215821
1.1823097
1.6394948
1.7038505
1.5624142
1.1815226
1.181472
1.2061136
1.3039038
1.2352238
1.2546833
1.0576193
1.2228689
1.2124832
1.0516734
1.2671046
1.3688519
1.4631531
1.5195677
1.2732716
1.1610825
1.3288361
1.0457814
1.1221511
1.1162753
1.1289338
0.9912919
1.3097181
1.0319667
1.2064538
1.2556612
1.170311
1.2339966
1.3995519
1.0596588
1.0723965
1.3462503
1.4689279
1.5910249
1.3538346
1.6158515
1.3860655
1.1701374
1.1683997
1.2959878
1.2049084
1.2585578
1.3878858
1.2256892
1.19415
1.2583207
1.2412043
1.4397643
1.3603358
1.36764
1.1909775
1.1700605
1.4556365
1.1786202
1.197454
1.1894231
1.3114423
1.2310658
1.1407511
1.3240458
1.2152994
1.1366951
1.1513457
1.300674
1.0140972
0.965353
1.1174715
1.1172872
1.2777369
1.1364373
1.2440734
1.1253034
1.3188214
1.3606074
1.0595717
1.1725645
1.1714239
0.9870007
1.1120548
1.1588144
0.9740393
1.1816034
1.2990396
1.3388463
1.2560339
1.0549457
1.1571865
1.1640874
1.2195718
1.2569101
1.1832848
1.1942582
1.246239
1.0776106
1.258867
1.2138485
1.3724885
1.4277444
1.3884509
1.2241359
1.2428641
1.1689663
0.97477627
1.109402
1.2557724
1.3322257
1.1617308
1.1005931
1.1080704
1.2896821
1.4106617
1.4185674
1.2401825
1.2989696
1.4165077
1.3947405
1.0622101
1.1498939
1.1635724
1.0451181
1.2182837
1.2406281
1.2251539
1.0357877
1.1098827
1.2223876
1.2215905
1.1101927
1.1819967
1.2031875
1.246463
1.333976
0.97990465
1.2541609
1.2573732
1.0654538
1.127178
1.138582
1.0040135
1.3234255
1.3581299
1.1307068
1.0926427
1.1772242
1.3145893
1.7690512
1.5414815
1.147157
