1.3015729
1.3539271
0.6664443
0.721996
2.633593
1.0096202
0.8373662
1.0426307
1.6919513
1.0724112
1.0139656
0.8530654
0.8814225
1.5528353
1.8008685
1.5156066
1.0394653
0.8000318
2.5995445
0.25585014
4.467433
1.1170973
1.120004
4.0160923
1.0390843
0.97391784
1.9196736
1.994846
1.0138068
1.54568
1.3495983
1.0441533
1.1779299
1.4231339
1.564805
1.2513584
1.0730906
1.8140116
1.4007521
0.61509645
1.2433121
1.5728002
0.8363855
1.4307156
1.8029027
1.2092614
1.1625807
1.0392193
0.94165957
2.4161873
0.98409337
0.97929955
1.2529514
1.0738056
1.4694538
2.008658
0.99311566
0.48893452
1.0855381
2.5649357
2.0203657
0.5122379
0.9113096
2.570139
2.153984
1.4971964
0.26086518
2.8891077
1.6373014
0.31312346
3.870716
2.5587592
0.5270418
0.8112325
2.4690745
1.9914495
0.79059196
1.1339846
1.4327723
0.74629915
1.2020259
1.3592119
1.2736871
0.7038527
1.2868633
1.9467415
0.71779037
0.8403806
2.5205019
1.1946745
1.1146603
1.2790022
1.1558119
2.5194168
1.5610609
0.40810946
3.890821
3.120348
0.35512632
3.2848701
1.9969829
0.6859997
1.9280804
1.1815677
1.0933776
1.1059263
1.0395064
1.3510083
0.90533197
0.6409114
3.2226958
0.41625392
6.0769606
3.2038243
1.3572772
1.8239504
1.6876409
0.4472695
0.78575766
1.8536754
2.0297194
0.44160706
1.051348
2.0574331
1.4515684
0.44616288
1.6962748
0.7774497
2.046606
1.0529654
0.34735835
3.6908445
1.3110099
1.0443237
1.2826955
2.0118911
1.05797
0.5969327
6.535811
0.260181
5.4205065
1.1169566
1.0432122
4.2109795
1.1868343
1.3979447
1.7782576
1.5010715
0.695177
0.9376786
1.4144304
1.023338
0.6999197
0.7861664
1.3494529
1.1295465
1.1117418
1.4011804
0.46554142
1.0155827
5.0336776
0.47781157
1.168515
1.7335119
2.196893
1.1178782
1.4315869
0.350895
1.8700321
2.2943606
0.6433868
0.8485615
1.583605
0.8366449
2.2596927
1.3947079
0.44889104
3.3796647
1.6349552
1.9039463
0.386239
1.0503955
2.5989385
0.9336008
1.2274406
2.390255
1.3829966
1.5075464
