0.990046
0.6922292
0.90379137
0.8532728
1.080453
0.59010637
0.5381974
0.7546101
0.72151136
0.6957005
0.92152274
0.8566805
0.6601376
0.661957
1.0115348
0.8549207
0.9295377
0.9846832
0.5385259
0.5597036
0.6661165
0.5740596
0.9966976
1.244761
1.2499691
1.3732399
0.84082747
0.6235427
1.0938979
0.63497317
1.0339279
1.0138593
0.77624834
0.55913925
0.75499463
0.99600655
0.85802186
1.0224888
1.1747282
1.0202955
0.6432283
0.8901694
0.9324247
0.6184753
0.8676399
1.1517909
1.0736815
0.803636
0.7943532
0.47999674
0.7007878
0.5923562
0.84191597
0.6810229
0.717227
0.925831
0.901419
0.66706324
0.71704614
0.6698284
0.6923119
0.7563373
0.7562157
0.7187469
0.51623666
0.73051584
0.82938623
1.001204
0.78116393
0.6941853
0.73604834
0.6421887
0.6475959
0.70526826
0.7899186
0.5448347
0.47492695
0.79750633
0.43031356
0.69070697
0.7925551
1.1673484
1.2343608
0.851245
0.6408093
0.60136604
1.1365153
0.80072266
0.6820993
0.7026026
0.51895607
0.7012818
0.6083678
0.8552974
0.66376674
0.9761691
0.5714672
0.8344808
0.7162473
0.96074843
0.8036708
0.7126525
0.57500875
0.8774916
1.3497479
0.7446211
0.5038558
0.803851
0.85961103
1.0437475
0.9087832
1.0511444
0.91861594
0.64241767
0.87678885
0.9060563
0.7196108
0.7277877
0.5014653
0.56437635
0.68109477
1.0687984
1.2547114
0.85130554
0.9922116
0.69351906
0.6751005
0.6203952
0.50754017
0.6349283
0.81239873
0.79904205
0.5240198
1.1052127
0.87565416
0.8673142
0.83003473
0.8886189
0.817827
0.83241093
0.75633895
0.7760306
1.0325526
0.68069875
0.47349212
0.89749146
0.9106198
0.64212525
0.845837
0.73689365
0.63809645
0.9569206
0.676651
0.5249646
0.6220733
0.6481451
0.49884686
0.71690446
0.85296655
0.6774955
0.8501138
0.7798465
0.6306444
0.5320972
0.70101964
0.6577182
0.7630627
1.0718212
1.8495747
1.8378448
0.6913278
0.5066194
0.6843326
0.9030516
0.6309778
0.88439447
1.0500712
1.2663679
0.91811764
0.77799606
0.7797234
0.6635397
0.4237288
0.74079144
0.9290619
0.6752794
0.57595325
0.76503325
