0.075245515
0.19463894
0.08570174
0.14894803
0.04985484
0.06850392
0.1521455
0.08676336
0.095908225
0.08209267
0.09972683
0.09879722
0.058107257
0.0838311
0.13291347
0.10976222
0.050889574
0.13554266
0.38923442
0.25065798
0.08819018
0.110412404
0.20943542
0.1446073
0.14948642
0.20266885
0.10205909
0.16916674
0.12683703
0.1945353
0.048645023
0.16014415
0.049131103
0.11161115
0.07689454
0.024610972
0.14806563
0.09204686
0.08828044
0.1471324
0.18231632
0.12964962
0.07765995
0.12773666
0.17063506
0.09415883
0.031832792
0.041890945
0.043067053
0.08643001
0.04968153
0.075878456
0.07491714
0.17616001
0.08122307
0.20230001
0.9750907
1.5971956
0.7840562
0.19393064
0.12118141
0.19895089
0.4109295
0.19017234
0.34663326
0.10528861
0.21653569
0.11446494
0.26775557
0.08469846
0.12258412
0.21571702
0.23498175
0.27852303
0.10124697
0.20392077
0.250686
0.11739695
0.08256185
0.04106972
0.1194512
0.08593026
0.07924958
0.092628926
0.06044898
0.15798663
0.20104551
0.11479035
0.11908434
0.07851605
0.08899096
0.33423293
0.7189544
0.7332524
0.09110747
0.43897513
0.22355083
0.2559882
0.12841444
0.23588829
0.19925472
0.092461534
0.11960465
0.08194298
0.08297843
0.08025397
0.19814035
0.2384161
0.10140392
0.08390722
0.18259054
0.27659598
0.06177312
0.11693078
0.05991894
0.12142832
0.033566333
0.23414855
0.14600194
0.17958237
0.07814128
0.03867791
0.24028814
0.07544936
0.4944442
0.36160344
0.1329262
0.09712652
0.124984205
0.09018196
0.06497491
0.06768434
0.09847871
0.15478231
0.1234468
0.09452827
0.09866066
0.070451096
0.08577266
0.15421398
0.31010008
0.12201943
0.374562
0.42314833
0.06529869
0.1300146
0.13219038
0.18592317
0.0821781
0.15400936
0.17296442
0.06720951
0.06837581
0.08667706
0.08467388
0.07712627
0.20582409
0.19463666
0.07424772
0.045123108
0.23563993
0.23212305
0.05581693
0.070382014
0.11553852
0.13115339
0.05425728
0.06916545
0.11840799
0.21401991
0.228113
0.084711656
0.080984645
0.12410947
0.17197801
0.06510024
0.2907268
0.36888134
0.11240966
0.06987172
0.05659993
0.10516216
0.07947013
0.04930027
0.04093853
0.05746633
0.16362646
0.05861241
