0.470572
0.92741203
0.22650105
0.44926584
0.58358395
0.470101
0.26365194
0.36787742
0.53572536
0.28002557
0.48724473
0.4448804
0.28747293
0.37234837
0.18848696
0.25349325
1.065093
1.573664
0.5770724
0.2756418
0.25442982
0.38182628
0.43736848
0.24253766
0.30693558
0.5379747
0.2838202
0.31676117
0.51976734
0.27718538
0.38318917
0.7290352
0.6877836
0.43198052
0.13317095
0.30638355
0.21516089
0.39856955
0.64958256
0.41630587
0.1179554
0.35957867
0.31045917
0.47887737
0.43942934
0.26597968
0.35941875
0.44703734
0.10905038
0.25457993
0.1606771
0.3913147
0.55163455
0.33061394
0.20185746
0.33080474
0.27895516
0.23580256
0.19054537
0.2326785
0.31766543
0.21860719
0.23601443
0.28222615
0.24390015
0.5611255
1.0837725
1.108826
0.5785637
0.40209454
0.24685927
0.588356
0.39520174
0.4232755
0.16241194
0.12914622
0.17962453
0.17272437
0.19172242
0.2626863
0.3857125
0.29231355
0.2948435
0.36073714
0.28658494
0.12954077
0.20796353
0.25418335
0.22721252
0.18993658
0.10710149
0.30389702
0.31571424
0.24397247
0.32649568
0.15879016
0.09978746
0.27874303
0.3204015
0.57535636
1.421984
0.98465663
0.33571976
0.34965906
0.191947
0.1890956
0.22814815
0.15849715
0.23642132
0.39968282
0.33809426
0.13863958
0.3784202
0.21837327
0.24862364
0.60038316
0.49110785
0.19242501
0.20718084
0.13266236
0.14421776
0.17246085
0.21213089
0.448718
0.36628443
0.14611785
0.15466729
0.24760827
0.21244931
0.12960891
0.18372954
0.29190996
0.33887523
0.12155135
0.20238324
0.1431476
0.16727014
0.080460474
0.09621516
0.5711961
0.3646811
0.23014686
0.1736929
0.12535146
0.12777312
0.1460028
0.14679733
0.16045783
0.1139801
0.4153521
0.18192232
0.15595703
0.09922063
0.15887637
0.20592923
0.12902156
0.18164115
0.063758485
0.1771823
0.1334993
0.19518924
0.22586922
0.22267276
0.09595621
0.2366139
0.09668216
0.1843797
0.08512627
0.032096885
0.4372532
0.5702797
0.13118322
0.18656823
0.10854852
0.10297455
0.122155786
0.20070507
0.11209789
0.14054094
0.18058246
0.13978237
0.13489155
0.18474731
0.22256821
0.36700666
0.416963
0.10115826
0.27838165
0.14330539
0.18639451
0.17971832
0.15896372
0.1137991
0.14414054
0.12606576
0.15292564
0.09373298
0.16390482
0.15892164
0.13300553
0.3251141
0.4093016
0.19471633
0.13100752
0.08653737
0.12233253
0.06099461
0.13946939
0.3243458
0.23196787
0.07715526
0.17059031
0.118652456
0.16960031
0.17164774
0.1910428
0.2218921
0.1829812
0.16648656
0.07880199
0.094903596
0.16348746
0.092234775
0.12114133
0.1209912
0.16575162
0.10760114
0.10509528
0.089370444
0.078471005
0.19099095
0.26365933
0.17567295
0.14200361
0.17828098
0.28356147
0.22185312
0.1008438
0.15758742
0.1306585
0.13507022
0.14508227
0.12294798
0.087520115
0.51005167
1.2299595
2.4719677
0.88105357
0.17376074
0.10588037
0.3090751
0.26252627
0.28791592
0.19849378
0.19039765
0.07008334
0.19385162
0.23189096
0.2080102
0.1304327
0.23528072
0.18162993
0.3013109
0.1906867
0.23967737
0.31855622
0.33123374
0.2320689
0.1984602
0.09900226
0.028890505
0.14373651
0.21591738
0.3478003
0.17941807
0.39096504
0.56525433
0.22218764
0.28171912
0.21460176
0.17925876
0.1346928
0.11134377
0.18612242
0.14549644
0.13070074
0.13934387
0.267874
0.19047956
0.10157475
0.13074955
0.11921638
0.24534217
0.15255395
0.116019905
0.26153266
0.10586951
0.27624798
0.35293058
0.12540084
0.18709636
0.15321004
0.15372527
0.27208105
0.118018925
0.06229193
0.09530895
0.167577
0.07259098
0.17402975
0.08572924
0.28151736
0.3393081
0.16609456
0.16386335
0.20678806
0.0701103
0.11328651
0.15985319
0.12914872
0.08540884
0.13630342
0.07805197
0.10026575
0.2330905
0.1547667
0.11983326
0.09284225
0.08465579
0.051292833
0.2056211
0.18475866
0.07133038
0.10416149
0.3469497
0.13004619
0.17093495
0.08156497
0.060935754
0.108762234
0.18935122
0.10367264
0.27957326
0.13341461
0.10976878
0.12800537
0.3589356
0.2022807
0.092929065
0.13585536
0.144178
0.13155133
0.35287803
1.072492
1.0998932
0.4940741
0.56702805
0.57894105
0.055237673
0.55236655
0.4580269
0.08039154
0.12225267
0.12317005
0.25216144
1.1168364
1.2349657
0.17440456
0.11480386
0.17667596
0.1757316
0.22328006
0.11066906
0.3562648
0.40050092
