0.13005286
0.20228073
0.2644285
0.50085753
0.20456474
0.20388016
0.20272353
0.15850842
0.16743052
0.16938794
0.18617474
0.18952829
0.24229872
0.23794663
0.38616765
0.52275354
0.57885516
0.64351577
0.22757417
0.22407113
0.19495565
0.24455103
0.115693584
0.14225605
0.095334925
0.26914722
0.46903676
0.12745412
0.15766567
0.19664654
0.12056089
0.24650504
0.44872814
0.22339126
0.22467431
0.24128276
0.16510525
0.14907621
0.21081962
0.4989935
0.5514786
0.31719604
0.12812224
0.22489813
0.84276366
1.9303762
0.27805176
0.49358743
0.3885459
0.21290626
0.42815053
0.50778276
0.47322726
0.22746567
0.18378228
0.21768932
0.22528453
0.24647169
0.29690555
0.14267187
0.22860083
0.3254574
0.17945608
0.21043225
0.058947783
0.19393209
0.20169206
0.21549572
0.10820142
0.18946336
0.1875172
0.14568774
0.14794442
0.32729477
0.14600629
0.20267066
0.16612504
0.1606642
0.17408407
0.2377145
0.18937391
0.2818644
0.099055156
0.14730535
0.24576336
0.33819553
0.39411876
0.22347978
0.15957941
0.13577059
0.21001887
0.15491103
0.14879376
0.15939926
0.35833722
0.4492684
0.4719863
0.197988
0.12828071
0.16251993
0.097138315
0.49367854
1.3196429
1.5461544
1.6521392
0.61309534
0.11595707
0.36514157
0.55057335
0.505996
0.44082087
0.4131196
0.55620843
0.4773055
0.4576947
0.13755667
0.1663385
0.18182506
0.3224793
0.15241943
0.13169985
0.23349965
0.18632165
0.22359344
0.31084636
0.2010457
0.26717302
0.26257277
0.09924312
0.22396086
0.2768423
0.226805
0.17621677
0.35643253
0.4002179
0.16784924
0.27220786
0.19027323
0.14293396
0.08566958
0.31330705
0.32825452
0.13795787
0.20757699
0.13885228
0.32233825
0.46432638
0.15123466
0.26311296
0.20150943
0.123996586
0.17344458
0.2995293
0.31437764
0.21247797
0.2662485
0.76619107
0.5623186
0.17464451
0.29201344
0.24108166
0.2867604
0.13934186
0.20668977
0.1456349
0.18273278
0.10048372
0.30084166
0.2633222
0.2722292
0.5512162
0.35907865
0.18422925
0.47134614
1.0113418
1.487939
0.13315782
0.61367047
0.8204528
0.27714783
0.29824105
0.2601495
0.3058864
0.68152326
0.9960232
1.3026242
2.2946093
0.3231119
