0.071935594
0.060186144
0.17375785
0.14988907
0.07439922
0.20555142
0.09389001
0.12105674
0.096174136
0.107551694
0.34564754
0.24699515
0.1355847
0.1745526
0.088483766
0.06979521
0.06300122
0.16423696
0.076801054
0.09214944
0.13095322
0.118587956
0.16765973
0.087568596
0.14897701
0.25294966
0.21134672
0.11365628
0.16375065
0.24252856
0.12790108
0.09888872
0.10362122
0.074208885
0.15028918
0.088754565
0.18670669
0.079205304
0.12376118
0.1797139
0.069667414
0.056358047
0.077967554
0.24715449
0.14223607
0.14208755
0.34113684
0.18465286
0.116370454
0.13963568
0.107750945
0.11292348
0.13120401
0.17285423
0.092558295
0.15226974
0.09073594
0.08317581
0.054567754
0.06790004
0.09286977
0.09580633
0.12439278
0.12561995
0.15145604
0.09238409
0.0761075
0.17837328
0.1726059
0.12782276
0.069510326
0.08375861
0.070822164
0.08832139
0.08881225
0.11246519
0.088200614
0.19043356
0.24639611
0.08580576
0.13036361
0.08608847
0.21181619
0.13899039
0.093327746
0.16228297
0.07106296
0.09741621
0.058923226
0.10211095
0.06472694
0.08071892
0.10327087
0.1535637
0.097745135
0.0737503
0.18769504
0.0786459
0.0629302
0.12647584
0.120380856
0.06993437
0.15095137
0.117798604
0.045862425
0.06867826
0.13764808
0.059534155
0.07800844
0.08226876
0.13800207
0.25141662
0.6188659
1.1784736
1.2109265
0.15075052
0.6591701
1.8592286
4.313946
0.7799555
0.6185373
1.8773605
4.4446425
0.94290614
1.9290018
1.9787776
0.68953204
0.4811001
0.27785724
0.4099089
0.20872957
0.32462388
0.6268617
0.3168225
0.46291447
0.48561963
0.76903063
0.41994047
0.1949392
0.40357322
0.46588343
0.22110704
0.62736803
0.714605
0.6382571
0.2590648
0.6000793
0.4983976
0.33283496
0.3116547
0.29607463
0.21492872
0.14620252
0.29846585
0.26452473
0.28295594
0.3147165
0.28876325
0.10664951
0.16104066
0.14072594
0.14988057
0.20823967
0.29972997
0.45603347
0.21676372
0.1943973
0.1759879
0.2664438
0.2906314
0.109108105
0.43171048
0.6542692
0.8471414
0.68599087
0.21004969
0.1329615
0.1837928
0.33603436
0.16308337
0.3371473
0.28874183
0.32179588
0.4536792
0.32027045
0.40168142
0.13264562
0.19260304
