0.5574446
1.2059178
0.98230565
1.0851603
0.5561366
0.95580566
1.3363485
0.65384465
1.628238
1.0174403
0.882221
0.5809464
2.4049914
0.4002235
2.0027423
0.795908
0.8229779
1.921677
0.41563493
1.9147946
0.8026209
0.8669262
0.827255
1.35622
0.8816104
1.1259472
0.7832012
1.2087542
1.0953391
1.0223007
1.0208584
0.7545626
1.470231
0.4074347
2.4543214
0.65984493
0.69011784
1.393088
0.4313836
1.5565758
0.5717858
1.0476471
1.0456256
1.0023044
1.0248848
0.66497386
1.782798
0.39201415
2.275231
0.42719895
1.7063438
0.91156065
0.7039095
1.1380599
0.76394254
0.7950457
1.3275331
0.6067767
1.9035562
0.564988
0.5835115
2.0703418
0.35810292
1.2958239
1.1088418
0.6336267
0.93579787
0.90726876
1.3352243
0.77224797
1.0293965
0.8893759
1.1056097
0.6695173
1.6945004
0.31524387
2.502087
0.5226525
1.3394678
0.9930651
0.6430408
1.3864782
1.0465057
0.3654706
3.1812117
0.7022451
0.32097805
2.662573
0.7927574
0.6767317
1.5517616
0.5800861
1.5796065
0.6938542
0.97328484
1.2568669
0.59184945
1.3532112
0.8208667
0.9102555
0.6732793
1.2861608
0.80840516
0.82485116
1.001403
0.44125766
1.8314626
0.47425914
1.8519816
0.71350414
1.1433104
0.8485608
0.9981344
0.84659123
0.9735341
1.0403132
1.0406148
0.45747823
2.2868218
0.6515389
0.9214256
1.321692
0.84126025
0.913042
1.0429616
0.78794223
1.5038646
0.6599998
1.2222599
1.0894028
0.83544195
0.62450725
1.4965376
0.6732305
1.3257005
0.8140297
0.7231573
1.6790588
0.6143093
1.1958641
1.0290954
0.7613108
1.4881079
0.6252207
1.3747579
0.9963163
0.9103252
1.021212
0.5711268
2.4001243
0.3797974
0.94614446
1.410393
0.5745424
0.85813594
1.1621125
0.76854336
1.1787992
0.8890864
0.6415217
2.0447867
0.42637438
2.0639606
0.55391896
1.1621408
1.5843495
0.3016119
2.7058458
0.58281803
0.80690163
1.3876073
1.0010232
0.78408176
1.1664891
1.1985908
0.8829237
0.84321606
0.9487721
1.3229082
0.5414924
1.5374453
0.4841094
1.53849
0.98748076
0.50551665
2.025517
0.5360201
1.3777734
