1.1220992
1.414375
1.3294489
1.1030196
1.1674445
1.0648849
1.2843475
1.6655452
1.2391633
0.9892027
1.179794
1.1348898
1.1919322
0.98947537
1.1566722
1.213793
1.6862897
1.5508906
1.1332996
0.9824611
1.150708
1.228992
1.2447286
1.3058288
1.1902939
1.1274467
1.0304235
1.1844044
1.0953155
1.0119613
1.1866502
1.5831448
1.5355251
1.1070877
0.94705534
1.0794765
1.3047616
1.1727432
1.2041082
1.0605221
1.0828803
1.1379899
0.96501267
0.9023686
1.1026976
1.0426848
1.2229626
1.2053968
1.073458
1.0526577
1.194549
1.2639208
1.4677227
1.4809971
1.3409272
1.2031989
1.1000063
1.1501867
1.1465737
1.0738971
1.1039801
1.0117381
1.5099537
2.025007
1.246261
0.8522002
1.0209135
1.1586897
0.86330837
1.1252468
1.2457604
1.7529821
1.5022848
1.1992078
1.0303509
1.1692469
1.0632615
1.2221025
1.0030534
1.1457701
1.569839
1.4739294
1.323733
1.1841236
1.0344043
1.0591886
1.1943649
1.3112175
1.0801091
0.98556685
1.0857248
1.0565
1.1429653
1.246623
1.4010454
1.0765843
0.99187875
1.0630699
1.1369079
0.9555759
1.1008879
1.006963
1.1358203
1.0790029
1.1033976
1.1599683
1.2034023
1.1039814
1.0782356
1.1288393
0.8930458
1.0821849
1.0548241
1.2609409
1.5497404
1.4942298
1.307836
1.1785796
1.0761867
1.3153977
1.147573
1.0185252
1.3733045
1.240507
1.2360814
0.837353
0.9010164
1.0121086
1.2005161
1.0409273
1.4856677
1.4754398
1.3616881
1.2065191
0.94131446
1.0383081
0.97148216
1.0754876
0.84824526
1.0894718
1.1603823
1.0407782
1.3726792
1.6732737
1.377157
1.0381837
1.0856923
1.3230195
1.4172846
1.2062004
1.2076399
1.5645722
1.2491664
1.0664151
1.0944467
1.1253896
1.3168516
1.280179
1.157456
1.2511666
1.2391005
0.94145584
1.0540694
1.2079209
1.2373979
1.1811235
1.5652442
1.642048
1.3689845
1.1467695
1.0469377
1.0308799
1.2443769
1.2014289
1.2394471
1.0460567
1.1201804
0.91613865
1.0656054
1.1011999
0.9613404
1.1166563
1.0837464
1.2917929
1.00685
1.213083
1.2632661
0.91279656
