2.3759475
2.510313
0.48068136
3.0085325
2.5603645
0.47618857
2.5108073
3.0366802
0.9694516
0.8831558
4.0837903
0.9716314
1.0971189
3.350199
1.2568513
1.2651598
2.571087
1.3376467
1.0406718
2.0192199
1.2587109
1.2857138
2.2118402
2.8173292
0.28299516
6.247917
0.80580235
1.4481163
2.0034754
1.176973
1.5331343
2.359914
0.9960051
1.8085661
2.1140692
1.7480211
0.9830626
3.0967307
0.43377173
6.075432
0.26912454
3.5418344
1.82007
0.98384595
1.2579982
5.5105023
0.7558858
0.6048518
5.673437
1.1127005
0.57839525
4.2479696
2.0701275
0.51582336
3.191941
1.2820646
2.0753262
1.7070247
0.9354536
3.6872377
0.23492372
5.5134726
2.4539833
0.18355826
5.674139
0.6528135
1.7139554
4.1807146
0.73312813
1.0803007
4.0835295
0.953521
1.6224701
0.44564295
4.862046
0.51860905
0.48525918
6.5431004
0.6566881
0.941886
3.1378736
0.55565846
1.7750084
0.9917741
1.4211838
0.5177482
4.3276367
0.40910664
1.5193652
2.2132282
1.1089954
0.56685805
5.274432
1.8837564
0.2253683
6.6867466
0.6397841
0.48197395
3.9995024
1.6842813
0.4576112
0.7599375
8.241112
0.9398845
0.75996304
4.255638
0.67968476
2.969983
1.0189754
1.2578111
5.8956947
0.4122745
2.650557
0.91327363
3.6975658
0.19785872
7.9947844
0.42821735
0.6251606
4.7039204
0.7809916
0.5475185
3.870902
1.2670078
2.557836
0.15035017
4.8573813
1.230825
0.26724535
4.3393936
1.607004
0.54652214
2.0045328
0.8702222
0.77214545
1.2009861
1.4953094
0.90584934
2.1790557
2.1958408
0.32845706
5.1182795
0.7373886
1.0786798
2.003375
0.72564936
0.69108963
3.8388839
1.7159507
0.22039601
5.0579643
1.4563699
1.0675582
1.1840909
1.3303123
1.930395
0.4127165
1.4459598
3.0885992
0.456575
1.6905178
0.33722174
4.160204
1.1791544
1.2479973
0.9906405
1.7677554
0.71351635
0.66081667
4.9896283
2.0968814
0.40424243
1.573549
0.9534988
1.4578717
0.5530534
1.6743267
0.33483613
2.4068222
1.1543137
4.211114
0.42576176
1.4844168
2.540493
1.8044012
0.28086725
3.5572348
1.6808212
