1.4941981
1.3998586
1.5213873
1.4147885
1.370136
1.5160135
1.4544153
1.4074509
1.3373077
1.3238336
1.2600439
1.5088129
1.473205
1.4956195
1.5042946
1.4396982
1.3721384
1.466944
1.4543436
1.3129793
1.3988206
1.5805576
1.6767972
1.6528037
1.4467657
1.4413438
1.3602982
1.4608319
1.4136835
1.4613521
1.4786131
1.42658
1.4082459
1.5015972
1.7065258
1.7281011
1.3112913
1.428448
1.4274534
1.4158635
1.4308274
1.4291666
1.2480048
1.4008424
1.5523221
1.5922313
1.4481194
1.4855988
1.7475456
1.9181105
1.751596
1.4927669
1.5297265
1.6851454
1.4206736
1.4608274
1.5527292
1.3675265
1.3909197
1.3433149
1.3078094
1.4680094
1.5372972
1.4199743
1.4913201
1.5645413
1.4761636
1.415781
1.5629227
1.4090682
1.3427529
1.4510872
1.5306697
1.4119755
1.3777705
1.3990955
1.4451511
1.4200046
1.5013694
1.4310124
1.4979744
1.4704539
1.4772754
1.5872277
1.5151665
1.4167765
1.2995706
1.5460665
1.480582
1.3952916
1.5472536
1.4844465
1.4105488
1.3354198
1.4266665
1.4800502
1.5053693
1.4905444
1.3747619
1.3669041
1.4483751
1.3426006
1.5068774
1.5297053
1.567844
1.4921565
1.7121763
1.9736364
1.6470375
1.3425272
1.4629505
1.3615832
1.5212812
1.4776685
1.3849658
1.5168359
1.3424615
1.4946802
1.4554701
1.4408331
1.4831283
1.5535227
1.4696543
1.3994613
1.4496372
1.3915586
1.3869326
1.337081
1.4351659
1.4972368
1.5364524
1.3594935
1.4448462
1.4676203
1.6623198
1.41326
1.4607003
1.4590335
1.5472901
1.6637646
1.6364443
1.472525
1.3708426
1.3993858
1.360466
1.375366
1.4581436
1.4528712
1.4949162
1.5059621
1.5706897
1.3899755
1.3860548
1.5345389
1.5072241
1.4342265
1.3823617
1.4426348
1.5602393
1.4785739
1.399612
1.4298064
1.350665
1.3255842
1.4339762
1.3737452
1.4842384
1.4867548
1.8242321
1.4961447
1.5381227
1.4760427
1.5193177
1.5182579
1.5874228
1.3560233
1.2944236
1.4420395
1.3583043
1.3837826
1.4092491
1.4344534
1.5178967
1.5365311
1.510992
1.5699773
1.4318612
1.4893221
