1.1439562
0.68437946
0.97222364
0.56417525
1.2399356
1.4329188
0.73887867
0.7444103
1.6899436
1.9949245
0.91430485
0.87647635
0.7533087
1.6261533
1.3865492
0.21091677
0.76219773
1.2516524
0.9233059
3.3233001
0.64072776
0.4224605
2.3715878
1.1401366
0.23660813
0.7970806
2.1111941
1.488556
0.12814873
4.350362
2.70439
0.38961744
0.64875305
2.3459587
0.45127836
0.9528271
1.559751
0.55064666
1.7599568
2.0139108
0.5538188
0.8624722
1.6368234
1.401274
0.44833094
1.1939025
1.575536
0.4335763
1.2013862
1.3754961
1.5819814
0.7789002
0.5472983
1.2471756
0.5046918
3.8350558
0.5497353
0.5489229
2.528201
2.3932953
1.3344998
0.17739812
12.036693
1.9414256
0.536998
2.4522538
1.9107864
1.757853
3.285986
1.1155391
0.29693133
5.2330275
1.349014
0.51580936
1.5561609
1.3679209
0.14082487
4.022092
2.9637465
0.9014415
0.4664232
1.1944435
1.4815521
1.2362338
1.1027222
0.8326981
1.0237732
1.7498219
1.3136461
0.46652848
1.7477682
0.9350458
2.3855095
1.0604615
0.4398872
1.5957509
1.628977
0.57326543
0.8923813
1.0321993
0.61564887
4.0271673
0.15576541
7.026952
3.6954799
0.21160783
5.437458
0.23516905
6.3632956
2.2251549
0.6119459
2.8593404
1.0036638
1.357898
0.8799839
1.017042
1.4199675
2.5730093
0.29209954
1.886342
2.0767941
2.4465442
0.47891426
2.5723653
1.4009345
0.32784712
5.5535088
1.7343845
0.8027482
1.0235466
1.5563161
1.2239845
1.1866236
1.0678415
1.4901695
1.0105402
1.0320979
0.9879396
1.7141387
1.6489527
2.6286798
0.24759439
3.1181247
2.1765027
0.28675336
4.5342207
3.9105954
0.5063522
0.426418
3.4774964
2.5725327
1.325182
1.0687828
2.7156477
1.9177917
1.0522594
1.3190713
2.1916146
1.738858
1.4412007
0.9644619
0.6435531
0.79008377
4.743613
1.3027012
0.5920052
1.0161961
2.138755
1.6140823
0.8040697
1.1792858
1.308892
1.1623611
1.1763377
1.024148
0.49164203
1.2608482
1.2342591
0.46408543
1.0031447
1.3434176
1.2167393
0.72451156
0.51804906
1.4209386
1.624244
0.79466724
0.859137
