0.08206743
0.07133807
0.16813268
0.16163778
0.106434114
0.1486764
0.21480122
0.15733634
0.09508509
0.0803895
0.09264345
0.14291243
0.09346956
0.07884583
0.065441564
0.18441345
0.11813128
0.17511407
0.0822235
0.1168312
0.09241556
0.06429174
0.094485775
0.07491049
0.115102634
0.11621634
0.07028362
0.12302066
0.18473814
0.18349768
0.17339069
0.081497654
0.104907155
0.09678545
0.15098403
0.14171837
0.12717432
0.12586404
0.07287783
0.116655245
0.071917616
0.10019753
0.11781194
0.05595694
0.06795795
0.18286735
0.07330762
0.19544315
0.09688308
0.35276717
0.14512695
0.31086478
0.14665243
0.16085169
0.057301223
0.14574312
0.10194485
0.13874179
0.0746678
0.058881626
0.08953513
0.13844226
0.14923798
0.081269495
0.14113161
0.07907121
0.13336319
0.0939995
0.07512278
0.04670289
0.052007183
0.15570527
0.08953494
0.06805326
0.12185885
0.09371515
0.076987356
0.114276245
0.11869117
0.051019914
0.10650925
0.15627962
0.1417669
0.05092153
0.05583067
0.20520106
0.19192556
0.044363312
0.16661139
0.10960733
0.06698939
0.08736712
0.05484562
0.042791657
0.079403445
0.08130255
0.10039765
0.06897721
0.112681195
0.11649151
0.07930857
0.56148946
2.226987
2.3438506
2.4334705
1.4409653
0.9303199
0.45659852
0.37591678
0.20528834
0.65198565
0.7147754
0.77926517
0.8224012
0.32747364
0.50658935
0.92850494
0.3000852
0.12594013
0.28178152
0.21361384
0.4239701
0.46344578
0.27694625
0.20787653
0.19891219
0.33843553
0.30545938
0.3399382
0.48602232
0.42820117
0.23435311
0.1702297
0.2114189
0.20978981
0.15755823
0.17067508
0.08042329
0.11204167
0.570408
1.6102
0.78273904
0.12973236
0.61356354
0.2924913
0.21762615
0.15071985
0.7036325
1.109385
0.272898
0.38795424
0.3751003
0.106303886
0.14189626
0.0727413
0.13065004
0.22539222
0.22316311
0.3313866
0.3355477
0.25678426
0.15638587
0.09702424
0.16602382
0.14586139
0.16843036
0.13880554
0.09426999
0.16592303
0.11109629
0.19545956
0.17936766
0.14546935
0.26821283
0.29472744
0.17310737
0.15129836
0.14929447
0.18449488
0.11192979
0.11302508
0.20279732
0.46250954
0.40840518
0.15383211
0.1584549
0.0675617
0.12291425
