1.3733808
0.99138296
1.2540542
1.439651
1.4612901
3.1355882
1.4627683
0.70854056
2.286244
1.6687858
1.4551162
1.1580096
0.62518215
0.8853241
1.2943709
2.248902
0.59223366
0.9791839
1.344239
1.9402254
0.18674685
5.0491753
3.0920053
0.8324187
0.849158
0.9210215
3.6842384
1.2398376
1.3173652
1.4355457
1.4247396
1.815773
1.3389246
0.61023843
2.6424415
2.3553405
1.1630229
0.8726512
1.0657735
1.5007892
1.685832
0.8491061
3.425073
0.86895275
1.0520982
1.9072058
1.6104846
0.7244317
1.1602426
1.5582889
1.2600725
0.6335367
1.744878
4.2429147
1.4455144
0.15932545
8.655573
2.3871853
0.9078001
0.9318255
3.070961
2.1163006
1.2486588
0.6614203
0.982824
1.8280425
1.8191097
0.9183909
0.5188492
1.7511272
1.2357295
1.588743
1.3173052
1.0030055
0.85244656
2.785222
2.2275028
0.4592908
1.3574167
2.7570865
2.1074023
1.9369258
0.6651455
0.83207816
1.418146
2.275407
1.4926679
0.8484252
1.0024266
1.481063
1.0791522
1.6544293
1.9012294
1.5011767
0.6497884
1.2470078
1.984616
0.36275947
1.2910872
1.6047245
2.09059
0.32900342
1.291482
2.681323
2.1082084
0.776607
1.3540539
1.721089
2.1992707
1.5590405
1.3369075
1.4767948
2.0711193
1.5996541
1.0790346
1.1803901
1.5903239
1.1014497
1.162415
1.4865175
0.9944412
1.4643176
1.8098538
1.1596085
1.3339775
1.5588923
1.201571
0.7561524
2.1071308
1.8767157
0.82664865
0.9427841
1.5818167
1.7601228
0.46074826
0.83830976
2.6550395
1.8244276
1.5113809
1.7572055
1.2258025
0.9337744
2.2996838
2.0999486
1.6634042
1.3710656
1.4400656
1.4490144
1.0050845
0.65127957
1.3322326
1.631222
1.4834598
0.9500811
1.21545
1.4515891
2.1365075
2.2755394
1.3920379
1.0628942
0.88511586
1.3596132
3.5475368
1.57539
1.887085
0.708
1.5220903
2.3406277
1.7561907
0.88779837
1.2142506
1.5334978
1.2324944
1.558959
1.2200612
1.4716151
1.321876
1.7536609
1.6673673
1.5552715
1.0349776
1.7197564
0.83125865
1.650352
1.624418
1.3269131
1.394233
1.5772185
