1.3861053
1.0697858
0.6060494
0.9650138
1.9674574
0.37372255
1.4663502
2.2151341
1.7640562
0.39954585
1.1461437
1.4602116
0.6966741
1.6283126
0.632833
0.90686953
1.2899861
1.1605033
1.4827881
0.71164954
1.8388451
0.57153904
1.2446942
1.2375277
1.2011042
0.67627895
1.8385642
1.4848597
0.59791577
1.9287367
1.1039858
0.55695534
1.162775
2.376515
0.5693544
1.0918726
1.2095811
0.60603154
1.1939125
1.0218899
1.1237621
1.4233428
0.32687053
4.254937
0.9526695
0.39343947
1.5901257
1.43825
0.6144638
0.86984015
0.94268715
0.4981354
1.4462318
1.625132
0.5590842
1.0541351
1.6378636
0.59746367
0.7016256
1.6211045
0.9641119
0.22101161
2.9020667
1.4212022
0.34042275
0.99292284
2.1238666
1.6049135
0.9829844
0.6428998
0.91510224
1.7498934
1.971003
0.14652789
6.0031543
1.7782612
0.1864762
4.2029605
1.1740773
0.53804874
3.4418483
0.19511023
3.6377845
1.1502812
0.4654076
1.6922148
2.2818964
0.10484132
2.2689285
2.9638605
0.19241682
1.7660161
1.1085043
1.0869313
0.25269052
2.7509432
1.2977048
0.21519485
3.7704253
1.9545746
0.3099106
1.5910102
1.8794874
1.1062717
0.3603559
1.8067915
0.45061213
1.733917
0.49985877
1.1675484
1.1416235
1.3547676
0.6449728
0.72410893
2.257347
0.68987644
0.9355429
1.1681294
1.6958997
0.39154798
2.785874
1.2406214
0.64890707
1.8079021
0.92737055
1.3056679
0.655148
1.6772618
1.1978899
0.5114486
0.71398073
1.2930665
0.37773028
0.7179486
2.3449543
0.3726489
1.5396192
0.94748193
0.83092314
2.131535
0.32173055
2.3437214
1.4920673
0.5621563
0.3849523
2.9980285
0.5202595
1.2048252
1.5663884
0.8565111
0.54047364
5.0451326
0.44198436
0.45057982
1.4545939
2.6406446
0.31028897
3.7334998
1.820442
0.44167358
1.2277967
1.3980287
1.0802144
0.880661
0.54662824
1.281873
1.2634479
0.4617953
0.6836182
1.466368
1.7138612
0.7567487
0.58277035
1.8931836
0.8296225
0.44826108
1.7440566
1.0351377
1.1122202
1.0405948
0.80734235
1.0193545
2.3023968
0.28517956
2.0042236
2.325337
0.53171563
0.72412914
