0.8380244
1.2227068
0.70265555
1.2417693
0.91083956
0.7953495
1.0360106
0.8534076
1.0034397
0.7390116
1.00941
1.010923
0.7069198
1.0491992
0.9125289
0.810177
0.9575486
0.9104142
0.76365995
1.0047075
0.89574385
1.1424873
0.66550183
1.5386794
0.7086462
0.89457595
0.9492858
0.922138
0.9293666
0.9845253
1.0862554
0.6983034
1.1001222
0.97392094
0.58026046
1.096448
0.8759774
0.77933353
0.93208104
0.93718165
0.7154223
0.9732975
0.83985996
1.2768233
0.7189749
0.9375541
1.024788
0.77044594
0.974947
1.0252476
0.8788717
1.1516457
0.57290685
1.3895416
0.8091543
0.89024585
1.182817
0.8924255
0.87180775
0.84080195
0.9382086
0.9694174
0.851757
0.7521597
1.5157895
0.43783647
1.4681988
0.8419025
0.67462176
1.2841954
0.7461982
1.0182061
1.0322492
0.8459533
0.95565295
1.2548735
0.58251077
1.4634976
0.7939844
0.8157035
0.8392428
0.8943114
0.9137586
0.925442
0.739242
0.8317852
0.979686
0.86271286
0.7772107
1.1332891
0.9123999
1.0395459
0.83371985
0.855099
1.0853384
0.5512796
1.2904313
0.776919
0.9282657
1.1039057
0.8503665
0.901877
0.7315703
1.0180902
0.84597045
1.0747834
0.74118364
1.1177273
0.7844137
0.95841336
0.8953396
0.82288337
1.1399639
0.60061693
1.2788212
0.81739473
0.8447278
1.1464621
0.7740119
1.0567145
0.6376167
1.196022
0.7512389
0.9843588
0.8007483
1.054909
0.866146
0.7003459
1.3392483
0.88957787
0.688613
1.3492568
0.6645043
0.8252473
0.86843616
0.88545793
0.8464244
0.94847214
0.9079915
0.82259125
0.9586278
0.8929557
0.71797436
1.3006477
0.7197694
0.7303118
1.471852
0.65212125
1.0087277
0.90443265
1.041703
0.67302537
1.0222094
0.90095973
1.0075097
0.8469322
0.97539586
0.7427628
0.99140596
0.7960028
0.61116743
1.1207731
0.93174034
0.67802423
0.9820852
0.71765476
1.144678
0.9141289
0.78481466
0.8020911
0.8471528
0.9267673
0.9045931
0.8859371
0.8885056
0.7399951
1.2803884
0.6197253
0.9043107
0.81958055
1.1149588
0.6217269
1.2868633
0.76326704
0.6437458
1.4731675
0.66814345
0.9703374
0.88294244
1.1812268
0.71518266
0.7235821
1.3483706
0.5576769
1.3834714
0.7987927
0.67465687
0.818267
1.3947881
0.711255
0.80840844
1.061123
0.70229983
0.8602644
0.8434659
0.86994517
1.0029607
0.6975863
0.895771
1.3773818
0.59476686
1.1167319
0.7882301
0.8888352
0.8819704
1.1923442
0.6411599
1.3226254
0.7653177
1.110151
0.94675255
0.7618576
0.907512
1.0806539
0.6729682
1.5306382
0.54825085
0.94018096
1.0426724
0.7850425
1.1233892
0.71429193
0.9000505
0.7931942
1.1859895
0.6229565
1.2629216
1.0689441
0.69124985
0.85694957
1.1806732
0.76192415
0.77563006
1.3559772
0.53975785
1.2413428
0.57977974
1.5225233
0.61246854
0.73813844
1.5520484
0.6582775
1.0335705
1.144342
0.6917702
1.1098435
1.018486
0.71097964
0.91994154
1.1536337
0.71022874
0.79351234
1.084404
0.7943275
0.8228923
1.1922817
0.64474523
1.2133073
1.1420653
0.84155715
1.1496748
0.9002147
0.678529
1.5185401
0.589845
1.1584477
0.9259385
0.84162056
1.0341237
0.836195
0.922456
0.96594095
0.91867983
1.0381811
0.69124115
1.2107978
0.9735815
0.7847981
0.90612346
0.9128207
0.7177881
1.216612
0.79122937
1.0443928
1.1727682
0.87465405
1.0042778
0.6925624
1.4344316
0.41612196
2.037736
0.69572926
0.66613877
1.1789006
0.8475823
0.68628335
0.90396196
0.9239997
0.7646428
1.0658002
0.7545208
0.75736845
1.0255859
0.8497297
0.9723725
0.99682057
0.78678846
0.8014653
1.162079
0.6867824
0.9608921
1.0996476
0.69159764
1.8200612
0.6621612
0.87427175
0.86423767
0.7860632
0.90629363
1.1760739
0.4786207
1.5038991
0.7424054
0.8057461
0.95581055
0.9690453
0.76249987
0.9817813
0.8279878
0.9347086
1.1197022
0.8447384
0.8910812
0.8206862
0.9057016
1.2361156
0.72391105
1.1881473
0.5521424
1.6050919
0.65853965
0.8822446
0.7875917
0.86356246
0.77983046
1.0057355
0.8633313
0.8278969
0.9017453
0.914419
0.7561588
1.1056161
0.7761112
0.75436014
1.080262
0.8400755
0.7604137
0.9327481
1.1479795
0.59576315
1.2764572
1.022955
0.46561176
1.5496993
0.5826051
