0.1001495
0.15353185
0.9080131
2.261748
4.1775613
5.426449
5.3705564
11.643784
1.2017587
4.116321
5.8124967
1.0446212
1.8484117
1.8416828
1.3512444
1.3148702
2.3196113
2.398475
1.4269997
0.623943
1.6374352
1.7896546
0.9758314
0.75426435
0.85180783
1.2674801
1.1507528
1.0250508
0.67808366
0.8378191
0.5325166
0.6408417
0.7995719
1.345986
1.5422676
0.40390658
0.4699272
0.36674064
0.79762906
0.8237915
0.419927
0.7926352
0.5268836
1.0592
0.49504644
0.72853625
0.6873163
0.49847382
0.3283097
0.49780962
0.64613026
0.498948
0.29959956
0.5549989
0.2862763
0.77023035
1.2136852
0.5620866
0.2151055
0.42226562
0.5430591
0.40410125
0.9463033
0.7298173
0.40271854
0.37641117
0.28590104
0.31058136
0.3795861
0.5206574
0.6181871
0.49381605
0.5993256
0.4008119
0.36615282
0.5185595
0.37057728
0.28065547
0.4558466
0.3896465
0.38060984
0.33863783
0.41833448
0.39207342
0.33454078
0.26342946
0.34138379
0.17834482
0.43386742
0.42588806
0.24461529
0.36500436
0.6461204
0.4327399
0.27303767
0.16713887
0.17823881
0.23989025
0.239748
0.33366036
0.20550978
0.29251796
0.31444794
0.67021775
1.3220077
0.80520177
0.6087388
0.26631278
0.81444496
0.86078304
0.5446773
0.2996335
0.28998405
0.24574876
0.60908216
0.35979483
0.24507433
0.38420212
0.2185747
0.39103922
0.3628931
0.24549685
0.34657484
0.34510058
0.24545011
0.105606124
0.31218705
0.4752373
0.32912418
0.42530453
0.45694882
0.28784466
0.42199922
0.36062303
0.27495682
0.31329587
0.24797186
0.21753103
0.46144283
0.34569827
0.30189756
0.26549554
0.29905134
0.20317043
0.26299775
0.2821321
0.23255172
0.2264607
0.45803773
0.5862093
0.4748528
0.3393103
0.13408029
0.1710805
0.16114509
0.2727774
0.18753684
0.24748695
0.32795644
0.2045022
0.3589313
0.15949273
0.17811346
0.19957328
0.2373809
0.3699393
0.2528198
0.29833913
0.4982879
0.15775073
0.1315231
0.4311178
0.33185333
0.1697328
0.24775565
0.39285207
0.22071415
0.4360207
0.325493
0.13468093
0.14671072
0.21973658
0.2045191
0.15689625
0.2455577
0.11761009
0.1404626
0.19634612
