0.080682576
0.24429558
0.13545872
0.21804126
0.15643018
0.21885768
0.13363418
0.4684838
0.19603515
0.08381103
0.15753485
0.14579852
0.11148739
0.10013618
0.19648364
0.28918388
0.20959863
0.16770557
0.17509766
0.1573773
0.33016792
0.14494972
0.12949523
0.1603729
0.20630762
0.16798118
0.11573968
0.09040798
0.17114875
0.14196935
0.15771829
0.22471006
0.3599331
0.15983067
0.28575292
0.4761931
0.38449407
0.127121
0.11631762
0.17634152
0.06571244
0.089164585
0.07039514
0.08637527
0.18859169
0.14959298
0.14982301
0.14482976
0.13894284
0.14148489
0.13944137
0.14392121
0.38699833
0.6535305
0.2523686
0.3335528
0.45891118
0.17693749
0.28875482
0.32430333
0.10843995
0.41632968
0.48448485
0.39214468
0.056020096
0.2453315
0.1494863
0.08722183
0.14123906
0.173208
0.13999555
0.3318745
0.079254955
0.33251625
0.1181839
0.2913462
0.12128377
0.48728734
0.64377743
0.24434294
0.12678741
0.09516929
0.39530087
0.396355
0.16028799
0.36083892
0.05771581
0.13125084
0.37395445
0.7044973
0.35107622
0.09622603
0.15107776
0.1068782
0.057966046
0.1643169
0.27133596
0.10678542
0.20281255
0.17461655
0.11523841
0.13018325
0.1269524
0.14776294
0.18883385
0.1281219
0.18706578
0.13329697
0.11865341
0.10069038
0.17141323
0.12390505
0.22441319
0.22302802
0.17306845
0.33813906
0.07083508
0.119040176
0.14003626
0.06586507
0.24846101
0.13254607
0.2700661
0.07075278
0.21390873
0.058739424
0.19439524
0.13253066
0.15543348
0.15754181
0.15022995
0.058550984
0.1340468
0.111912906
0.14941211
0.08110423
0.10677063
0.15461504
0.08786298
0.28015003
0.20893113
0.17009301
0.16564626
0.10802999
0.071240634
0.07162818
0.13394657
0.09670231
0.113325804
0.15060952
0.2260312
0.25602624
0.09177138
0.07788618
0.06834993
0.14693284
0.13871652
0.10210462
0.11204521
0.12558073
0.12837765
0.12438665
0.1327166
0.102821335
0.15689617
0.10923883
0.08572643
0.17260838
0.34323734
0.3889801
0.1003645
0.22782448
0.18370298
0.34082872
0.058640067
0.24129675
0.17586383
0.21736652
0.06657237
0.105168864
0.0880467
0.14080238
0.20667575
0.11618981
0.11257202
0.12500888
0.08896029
0.14751501
