1.0239954
1.0868121
1.1136792
0.9412637
1.2334348
1.0905331
1.0076318
1.1299139
1.0825427
1.0300915
1.1319412
1.0212402
1.1424463
0.987867
0.99852633
1.0009801
1.2020051
1.0775282
1.1978161
1.14434
0.9746515
1.1769156
1.0311743
0.99261665
1.0271453
1.1076362
1.0082467
1.0715096
1.0871911
1.2122526
0.9002732
1.2930164
0.9856537
1.1241262
0.9755613
1.039407
1.1057699
0.9806343
0.93176204
1.0873058
1.0139415
1.1508771
1.0431714
1.1534055
1.1165242
1.150816
0.9396897
1.0386571
1.1927327
1.0848267
1.0592319
1.0306983
1.0258238
1.0663389
0.94347763
1.1646378
1.0001228
1.0196176
1.1231581
1.0014648
1.1060878
1.1110835
1.1733215
1.027442
1.0249643
1.059475
1.1078262
0.99008054
1.0540744
0.9389725
0.9828628
1.1125567
1.0729914
1.039042
1.05128
1.0028629
0.87243587
1.13727
1.0321863
1.0477518
1.0813551
0.96591467
1.1858499
0.86160666
1.1125499
1.061595
0.9626082
1.1008841
1.0404996
0.90288085
1.2472975
1.0112417
1.0447545
1.1703483
0.92905056
1.0315176
1.0668824
1.0315738
1.049212
1.1943895
0.98935413
1.1335015
0.9908761
0.98921263
1.1368845
0.9582658
1.0701563
1.0230671
1.0747991
1.0480144
1.0439136
1.1321565
1.0084813
0.97642875
1.1438346
1.0003662
1.0759954
1.2369369
0.97463727
1.1731285
0.9705879
1.0796432
1.1058252
1.0529909
0.9916228
1.1387756
1.0324652
1.0953221
0.9479136
1.110105
1.0225594
1.0817724
1.0184404
1.10046
1.1756945
1.0109473
1.256814
1.0425885
1.245306
1.0325209
1.1308756
1.0719137
1.0955768
0.91085917
1.0402695
0.9655537
1.1290104
0.9741653
1.0277755
1.0745628
0.8813902
1.3827947
0.90018535
0.973528
1.1653605
0.9796959
1.1220642
1.040144
1.0651529
1.0682096
1.0589197
1.0940137
1.0926052
1.0192504
1.2244277
0.9700004
1.1168358
1.0438716
0.95721114
1.1926336
1.074662
0.9904133
1.0894365
1.0539939
1.048487
0.9611169
1.0812588
1.1140914
0.9759797
1.164046
1.0971041
1.2415415
0.91343254
1.0634642
1.2631493
0.90035945
1.1790094
1.0377786
