0.13139147
0.39545017
0.3638919
0.17201433
0.11788511
0.207102
0.21883592
0.24807982
0.10023665
0.32226738
0.15234664
0.33726108
0.15957542
0.15314057
0.111095324
0.19086792
0.083851084
0.16029361
0.1533055
0.29233968
0.21278352
0.24232234
0.19854821
0.15517566
0.14966026
0.13984197
0.07595444
0.19324705
0.144523
0.14069393
0.12831128
0.12595029
0.11649284
0.15937024
0.14358361
0.14133456
0.09742823
0.14168748
0.22099543
0.143463
0.1841773
0.10968443
0.3444909
0.19122544
0.17124695
0.16535117
0.16089182
0.22126654
0.26256284
0.21594433
0.1557911
0.13699655
0.20237502
0.5111958
0.27927896
0.18537588
0.4573691
0.25287384
0.14903194
0.096867636
0.17714445
0.1474622
0.22541243
0.17534411
0.2060398
0.15051235
0.13944022
0.46637443
0.29491344
0.10559351
0.15015557
0.18206742
0.0969215
0.2538877
0.16069835
0.22938001
0.1352811
0.20326705
0.14235178
0.2954803
0.20003118
0.38762575
0.2093077
0.37793297
0.17506963
0.1423264
0.2723146
0.36827114
0.13554585
0.21550964
0.38038078
0.58773005
0.13745667
0.3520375
0.136333
0.41173998
0.12107478
0.16837761
0.093833625
0.39054608
0.70956427
0.17028576
0.26217481
0.1364551
0.1755751
0.23122111
0.12545007
0.13185601
0.1610888
0.1389629
0.32127702
0.12763053
0.10359894
0.3438385
0.72249365
0.6868415
0.18355176
0.11717924
0.121276975
0.36137274
0.2537618
0.7499343
1.1442634
0.14149438
0.36243075
0.2628694
0.11589667
0.27202526
0.4331873
0.16723898
0.32495865
0.18778571
0.1072312
0.24316771
0.104439944
0.26970735
0.13458315
0.5100538
0.30530173
0.11412398
0.19771224
0.2160436
0.3246485
0.0897015
0.37944138
0.14869025
0.13755792
0.15105781
0.32360536
0.13429105
0.11723997
0.08983609
0.16316055
0.21711543
0.3116185
0.2180488
0.11251958
0.09135616
0.18304417
0.1696757
0.14243528
0.14014974
0.15743065
0.100021034
0.113389716
0.11064486
0.15404272
0.13853472
0.23510432
0.11541392
0.059451476
0.37318838
0.43033245
0.085845456
0.27709702
0.2610354
0.10564948
0.22450936
0.19821149
0.10441278
0.09004591
0.110400595
0.11859027
0.13915823
0.30245662
0.21317422
0.14517489
0.2049354
