0.9779759
1.054233
1.0549408
0.9303286
0.9127885
1.0686917
1.0829946
0.90931916
0.9844543
1.0443791
1.0528085
1.1435115
1.3421906
1.1795534
1.2221681
1.0128872
0.88097894
1.0633552
1.1604184
1.1663961
1.2792327
0.8815408
1.0302826
1.6617222
1.8032565
1.1640892
1.494282
1.6847479
1.2348168
1.0413148
0.9545947
1.2090465
1.2004883
1.3623523
1.2568768
0.9564692
1.1079938
1.0154535
0.7641909
0.9951586
1.3949223
1.3206515
1.0618455
1.2796721
0.7841263
0.9354313
1.0218737
1.089066
0.872813
0.9300536
1.0315083
1.7182131
1.6918781
1.0192317
1.3539488
1.039337
1.1932082
1.0202816
1.0995343
0.8770422
1.2076921
1.3189266
0.8847612
0.9362873
1.0441059
1.1889167
0.9551096
0.99015313
0.9955724
0.85477144
0.9326551
1.1544118
0.8263302
0.93456614
0.9624272
0.8397443
0.8239291
0.8690771
1.140741
1.2607011
1.2293034
0.96820223
1.1007867
0.83629215
1.2571276
0.9920546
1.0554553
0.9853926
1.1465516
1.2220609
1.1625035
1.0634634
1.1248817
1.1817123
1.0560344
0.83129334
1.3851719
1.4356858
0.9574008
0.9212607
0.9599186
0.860469
1.0689511
1.4922682
0.9566987
0.80591863
1.2697067
1.3329842
0.9603529
0.88979256
1.0361031
0.9582361
0.9371415
0.8200101
1.1051136
0.9312451
1.0126146
1.1001182
0.84622717
1.0056751
1.3888507
1.9277333
1.3186558
1.2841736
1.1836988
1.0204802
1.159025
1.4536965
0.9563886
1.0727966
1.0955257
1.3904786
1.5608301
0.803357
0.85886675
1.0414233
1.131695
0.922779
1.0341437
0.83653563
0.8501581
1.059005
1.0178647
1.0605026
1.0884482
1.160537
1.1572686
1.0505862
0.93921506
1.0367801
1.1441985
0.94516784
0.83923763
0.985234
1.1567137
1.2447864
1.0626667
1.1165581
0.9832427
0.64562774
1.0342085
1.0040976
1.0009614
1.1138451
1.2326361
0.893713
1.000032
0.94204473
0.9855421
0.87387526
0.81806886
0.8717605
1.01272
1.2419713
1.1378505
1.3047589
1.2845999
1.0121222
0.89931816
0.8574135
1.2859843
1.097025
1.0729216
0.85559
1.0786422
1.5843482
1.2285552
0.7961284
