1.2405162
1.1244804
1.1398616
1.3071413
1.0505002
1.3009295
1.1447134
1.2508672
1.175559
1.1016552
1.1796772
1.1400177
1.3050025
1.1983632
1.189162
1.2232769
1.1217296
1.347589
1.2595706
1.2538481
1.2751036
1.249653
1.6584374
0.94148326
1.7589024
0.8838606
1.7593853
0.9835089
1.31497
1.194309
1.3362613
1.2033762
1.2453543
1.0694656
1.35397
1.1778396
1.1538541
1.3544636
1.1428313
1.0465335
1.2739457
1.2242373
1.5474508
0.93916106
1.2224683
1.3327203
0.9051535
1.1813257
1.1521173
1.3611941
1.192397
1.3640687
0.86260533
1.4634154
0.9375801
1.4657471
1.1804643
1.1169424
1.2995247
0.89113015
1.5755783
1.1068504
1.3423147
1.2640791
1.1742274
1.5343058
1.1555068
1.1198932
1.3711146
0.8362389
1.5055046
0.94636774
1.0813599
1.274466
1.1946242
1.3775094
0.9538697
1.4377702
1.2256088
1.1836872
1.3356056
1.4255031
0.9604859
1.3695792
1.0037457
1.156784
1.4051785
1.0323603
1.3021243
1.0807455
1.1777233
1.103909
0.9813601
1.1391685
1.1443936
1.2377471
1.1709292
1.2020698
1.1649737
1.1622963
1.1838709
1.2327871
1.1609929
1.2718581
1.1735083
1.2156421
1.0163693
1.109548
0.98429555
1.3158743
1.0979631
1.2975711
1.1666555
1.2207273
1.2276082
1.1517644
0.97825193
1.2765273
1.0148351
1.1300302
1.1384081
1.1624603
1.2368913
1.1239791
1.4741025
1.1809492
1.2244914
1.3961947
1.0433693
1.3965458
1.3478047
0.97409886
1.8147799
0.99038315
1.3218968
1.3259525
1.3666599
1.3176786
1.2468344
1.2576145
1.1932094
1.2129581
1.1596785
1.139784
1.209447
1.0027261
1.1470279
1.4387964
1.1293924
1.421544
1.3049643
1.1537625
1.6518345
1.0886732
1.4024869
0.95464414
1.4218051
1.1689019
1.3568249
1.5079648
1.0471565
1.5185559
1.1919543
1.1635042
1.4068174
0.96741587
1.4052273
1.0486727
1.251367
1.2579341
1.1914871
1.3913615
1.1711411
1.0973148
1.5682577
1.172635
1.2682064
1.3519143
1.2797425
1.1320983
1.1997149
1.0274248
1.2659004
1.0683619
1.1883792
1.0693983
1.1135035
1.1278551
