0.6043906
0.44818926
0.7481168
0.6132391
0.5165632
0.59505486
0.4128787
0.4556583
0.45879346
0.6852373
0.44659474
0.45286208
0.35974354
0.35198486
0.38120055
0.4000377
0.46744907
0.60841584
0.77522814
0.8641976
0.9029177
0.5110269
0.43917874
0.4865992
0.77731436
1.1004889
0.96034133
0.31268114
0.99234074
0.87339807
0.3812408
0.5008372
0.43263638
0.29283744
0.44839448
0.4517104
0.44754618
0.32982802
0.51708484
0.75306654
0.7136964
0.4156127
0.74363184
0.76163495
0.5582483
0.30502817
0.43830538
0.50840235
0.6087998
0.2537489
0.49153912
0.6472335
0.5423888
0.4738977
1.0059972
1.1131518
0.29505515
0.7793841
0.832302
0.42770284
0.40802467
0.43026653
0.550027
0.48717833
0.4251295
0.5655507
0.56340027
0.70035243
0.63442326
0.5239508
0.3954001
0.5757033
0.8158905
0.6429252
0.48468548
0.53193283
0.36251053
0.6422694
0.30848414
0.3016995
0.5328276
0.5117845
0.5794244
0.45743343
0.5159105
0.7253031
0.6260247
0.5682456
0.67050445
0.82988006
1.0174139
0.7815535
0.39128265
0.49062347
0.48080605
0.33437568
0.42263824
0.30490047
0.5847534
0.6171451
0.5935869
0.4636294
0.39247575
0.37754384
0.5106609
0.40935135
0.5168586
0.60588896
0.379475
0.62518907
0.39195037
0.32683033
0.62937003
0.49447125
1.1151844
1.796673
1.4702312
0.4436168
0.8945763
0.45692068
0.58719367
0.62917376
0.45707253
0.36018205
0.5029677
0.73382837
0.7001807
0.51962703
0.46284613
0.5088286
0.53691155
0.4752255
0.3592636
0.5052422
0.5149934
0.41856164
0.33930156
0.42104423
0.4237302
0.55517775
0.65525824
0.549758
0.4880882
0.3520194
0.37442735
0.3942942
0.58174634
0.81945914
0.7053623
0.34485978
0.5512022
0.549234
0.26585507
0.32685602
0.3634733
0.24211708
0.59609747
0.5491748
0.47588387
0.64098567
0.5184473
0.59394854
0.3273619
0.50993943
0.5602265
0.40011963
0.39483202
0.7762453
1.3404362
1.0242139
0.33560017
0.4849929
0.5513185
1.0848234
1.7830465
2.7348697
0.74662066
0.70732325
0.47812143
0.7172756
0.7874055
0.5843317
0.523651
0.78492075
0.8210934
0.4160991
0.4745624
0.63935465
