0.36169827
2.075014
0.7776071
0.58630145
1.0561349
0.9377886
0.9190291
0.8254438
1.2265346
0.74326575
1.2618811
0.6661753
1.0407498
0.82590556
0.7185982
1.4398811
0.5348565
1.4304427
0.6302599
1.1310596
0.80674744
0.9487945
1.1510147
0.7744101
1.0982165
0.86733246
1.6504741
0.22945368
1.6129804
0.9956012
0.44492418
1.8079138
0.83585507
0.6906897
1.2247043
0.6654344
1.1909297
0.9411787
0.83662736
1.1361166
0.5756519
2.047305
0.56534743
1.3662169
0.9420049
0.918336
0.70390385
1.0381273
1.2492809
0.692964
1.7279041
0.2887522
2.0232306
0.74386203
0.54308444
1.6304424
0.75718653
0.7668849
1.0100452
0.9876756
1.1016209
0.64131033
1.2609864
0.59774023
1.7890613
0.43427318
1.0576652
1.2270951
0.675803
0.9037906
1.2088963
0.5763019
1.3991337
0.7353347
0.9559985
0.6744408
0.6015488
1.5854173
0.53868985
1.2353523
0.8678889
0.54725134
1.5950148
0.7835239
0.7115047
1.6349714
0.70098627
1.002907
1.2107705
0.47104996
1.7442977
0.6448328
1.0179721
1.1069853
0.63126874
1.1375053
0.7985258
1.2536639
0.9567391
0.6927267
1.1806159
0.77383715
0.95281124
0.94807494
0.8260742
1.6249962
0.50295234
1.7052214
0.5211751
1.4222708
0.6319468
1.5438243
0.5231788
1.5613906
0.94218343
1.3390602
0.7692607
1.7877711
0.5646984
1.0294256
1.6300948
0.3583019
1.6943061
0.5878065
1.2887788
0.62040424
1.3861797
0.61282575
1.1069658
1.2411544
0.5900069
1.1098776
0.7937995
1.0387765
1.389399
0.5963538
1.1659944
0.88914144
1.0521493
0.6504932
0.9833784
0.45076105
1.7820289
0.49852514
1.2621349
0.8131288
1.1208882
0.8498292
0.64168864
1.4875482
0.46999946
1.4069508
0.90607387
0.9875463
0.8330597
1.4674664
0.43583977
1.4889367
0.7548693
1.1010675
0.80585223
0.9481714
1.4338121
0.53212005
1.8301058
0.50266224
1.0577052
0.6396182
0.99129426
0.8857089
0.8088865
0.6904692
1.2352278
0.4462967
1.8380408
0.63547266
1.1330884
0.84444153
1.0320158
0.79282546
1.0608763
0.83254975
1.153133
0.7387432
1.9333779
0.6086233
1.2042397
1.1726373
