0.21642098
0.16644233
0.119814016
0.20566289
0.115444265
0.030669218
0.1220597
0.044576675
0.039385077
0.036187273
0.057133768
0.14570823
0.04168281
0.12967919
0.074281245
0.07476577
0.20696798
0.2764509
0.015315032
0.07228554
0.064777836
0.08354085
0.0732303
0.0201875
0.20023061
0.17645298
0.098016195
0.06664267
0.09813634
0.03459712
0.11362368
0.050883442
0.03964653
0.06278579
0.04011838
0.031557158
0.16623923
0.34354615
0.025670316
0.19080515
0.02624544
0.025750276
0.04561066
0.12341298
0.024764962
0.035185017
0.023515662
0.021510234
0.10332294
0.102604784
0.0669247
0.102087654
0.060492277
0.0486708
0.0697875
0.08938548
0.03380581
0.070513815
0.0406629
0.081981406
0.11786053
0.017914131
0.10166609
0.093552515
0.07636812
0.056602675
0.03703125
0.091716915
0.040181536
0.066942975
0.022575406
0.04853719
0.39575976
0.3055111
0.07980198
0.054375265
0.061673626
0.13333005
0.055801924
0.1126609
0.03425753
0.19205177
0.086265154
0.062273566
0.022167344
0.033802375
0.03385428
0.042848513
0.02432633
0.102814145
0.092073046
0.042858012
0.019111864
0.044708807
0.017435767
0.26644936
0.13122404
0.3450077
0.3047729
0.04674644
0.00953261
0.02866365
0.02080623
0.05492498
0.061454885
0.042644598
0.08539216
0.045299444
0.05715192
0.1125789
0.0508202
0.053668857
0.03774608
0.02741501
0.049406793
0.042338423
0.034312125
0.04589627
0.032975964
0.0435722
0.16527757
0.17156988
0.06418743
0.067145474
0.03188228
0.022638913
0.08312273
0.119324
0.05781585
0.092953674
0.19665259
0.023968458
0.3160772
0.0259914
0.12327993
0.043435898
0.023226501
0.015643036
0.026935805
0.02487684
0.04071283
0.022481149
0.03264784
0.044961046
0.031576544
0.029840607
0.057891347
0.0497942
0.044881467
0.08254893
0.15076151
0.04586169
0.029254783
0.11118317
0.03780072
0.110832974
0.17308982
0.03956184
0.058005027
0.013566472
0.016596
0.04203552
0.012536296
0.026182085
0.10507602
0.090412386
0.10399058
0.20277445
0.007769119
0.073739335
0.017237298
0.05437003
0.022430852
0.0397624
0.035951585
0.026390564
0.05892343
0.027052417
0.04310388
0.05570107
0.39204162
0.22742383
0.16965717
0.03430311
0.1274244
0.05920808
0.029310914
0.036746725
0.04787367
0.01580862
0.08481567
0.022052329
0.17556064
0.12789524
0.015371341
0.013231533
0.011783887
0.016402405
0.0120679075
0.023509335
0.026037877
0.042059347
0.32706657
0.42667496
0.08036266
0.2140164
0.15738952
0.013782626
0.01143736
0.025078457
0.01092785
0.02960444
0.028489875
0.011273261
0.0067183427
0.010372978
0.036930695
0.046385393
0.041819643
0.02590213
0.08170048
0.040801838
0.044184025
0.017275175
0.06323291
0.047443416
0.018418517
0.07241401
0.06940851
0.029211272
0.059516724
0.10325276
0.034785572
0.041717023
0.04169721
0.06809594
0.08603905
0.039153755
0.064764075
0.07296322
0.0559239
0.09740935
0.13432205
0.01957689
0.11668149
0.011928533
0.06562753
0.05604116
0.019804902
0.015906362
0.03338097
0.03366518
0.04310668
0.05947676
0.10588084
0.07726639
0.019584177
0.013940329
0.09805246
0.034924958
0.028188648
0.12525341
0.04854172
0.0494698
0.016114492
0.07321587
0.04156594
0.058954023
0.14291267
0.10759218
0.02674114
0.011871021
0.118110165
0.009887706
0.10595473
0.089593776
0.013085265
0.029124612
0.024661995
0.030670023
0.08055645
0.2581471
0.08957718
0.031939156
0.010611299
0.012146669
0.022651985
0.061423015
0.030903704
0.017349243
0.019398918
0.45921546
4.520558
8.440607
0.5968821
2.191515
2.4506245
0.29471722
0.2476107
0.16954881
0.018161792
0.0995371
0.30267647
0.17833307
0.10311879
0.06631804
0.3636314
0.6207328
0.14685945
0.12728727
0.04894974
0.11726636
0.09024069
0.11874527
0.14886121
0.120612465
0.18222396
0.2844818
0.83369225
0.5716029
0.048443094
0.39602494
0.11828612
0.14468399
0.06867823
0.03737618
0.070358925
0.08672397
0.0892762
0.7771291
3.4884312
6.534964
0.029543106
0.23704368
0.41816938
0.5575711
0.21085848
0.10355269
0.1287677
0.19724272
0.12833947
0.124046244
0.10595052
0.32357964
0.13044767
0.5969416
0.69766104
0.09763789
0.38209406
0.16481471
0.02974103
0.06635974
0.114062816
0.10641347
0.045258038
0.26146704
0.47195646
0.16391833
0.4571276
0.10086536
0.14041092
0.079756364
0.10761681
0.15297434
0.12298819
0.3437902
0.2016584
0.04843635
0.06937957
0.06316805
0.12671818
0.46445087
0.6624439
0.15067501
0.2822112
