1.5627944
1.596618
1.6186845
1.5628233
1.6783571
1.6300225
1.5976822
1.5581968
1.6680944
1.723127
1.5921987
1.6671927
1.6745142
1.6605694
1.6444337
1.6247653
1.5788617
1.7620226
1.7095283
1.5888488
1.6996453
1.6897045
1.6832261
1.6728129
1.7592201
1.716477
1.5677478
1.7589434
1.6580542
1.5721502
1.5744667
1.4985218
1.6281692
1.7498562
1.7877526
1.6522063
1.6491686
1.6534374
1.6586823
1.6804504
1.7644553
1.7689052
1.6735802
1.5053775
1.4586072
1.5566659
1.57714
1.6835926
1.6904895
1.619678
1.679431
1.6892054
1.6389109
1.7850062
2.180808
1.718918
1.7357261
1.6628059
1.6513919
1.5182794
1.6240563
1.5332717
1.5449142
1.5838389
1.7216332
1.6116495
1.6349404
1.9770598
2.087951
1.5385122
1.6527756
1.6236451
1.716306
1.7368484
1.6301929
1.453573
1.5245578
1.5616086
1.514728
1.7887746
1.6656682
1.6750523
1.5661335
1.5552182
1.7385893
1.5842053
1.5689507
1.6197366
1.7029341
1.4544064
1.743755
1.6995301
1.6246674
1.6805183
1.4983883
1.8141272
1.7718066
1.648771
1.6166044
1.6348174
1.6175271
1.7707695
1.6513395
1.5557259
1.6558213
1.5986466
1.7162143
1.6651328
1.6483799
1.4489838
1.6301867
1.496623
1.5057516
1.5898489
1.7395396
1.7142378
1.7123809
1.7359145
1.4931259
1.567596
1.6102488
1.6982211
1.6048824
1.5950787
1.7071862
1.6925709
1.5241617
1.5734658
1.5543262
1.5314543
1.5083636
1.3320847
1.5550647
1.6649015
1.6407149
1.6847163
1.7122614
1.5936537
1.5450267
1.5312554
1.5889351
1.4801747
1.613488
1.5581447
1.6112239
1.5960035
1.5950351
1.5473171
1.7619374
1.700216
1.5993612
1.836519
1.7710387
1.6532475
1.7305856
1.6531409
1.6084509
1.5202588
1.4450835
1.4849876
1.5618104
1.6472875
1.5408888
1.7575629
1.7325089
1.6823941
1.5554273
1.5308908
1.5421965
1.6010907
1.4547164
1.545747
1.5872414
1.5997391
1.8689473
1.835562
1.7263908
1.552983
1.6434094
1.497565
1.5324638
1.5053477
1.5128016
1.6317258
1.5703067
1.5733429
1.5261605
1.4568781
