0.30373204
0.4289722
0.45947045
0.30849543
0.36493504
0.4173916
0.5786896
0.38990933
0.3583657
0.4430528
0.5204214
0.28064662
0.21033454
0.25539437
0.4174388
0.31916583
0.20308647
0.38836247
0.66791767
0.6092189
0.32676214
0.28695375
0.48797765
0.2347224
0.29247683
0.4803267
0.4151233
0.36628336
0.26031515
0.4868096
0.34099302
0.2941373
0.34525394
0.25674218
0.38899744
0.26477632
0.49036747
0.3381725
0.23665869
0.4131171
0.3504293
0.2181645
0.27469674
0.3159812
0.20712444
0.42091265
0.292471
0.28855592
0.50426304
0.2882247
0.23471308
0.3828984
0.3614138
0.23616143
0.23725724
0.3098914
0.6596167
0.68332094
0.22511661
0.29359683
0.22991562
0.5404169
0.57610357
0.28231958
0.31317776
0.3757078
0.3610284
0.29108483
0.16522
0.3475965
0.33900785
0.20727234
0.43392152
0.26562178
0.39398116
0.3584635
0.1912833
0.31442893
0.50541675
0.6072544
0.5122498
0.27685857
0.567962
0.41041324
0.23553312
0.20677114
0.21372464
0.3205601
0.2719788
0.1511808
0.24954388
0.42355245
0.41997078
0.41125086
0.54419595
0.4429334
0.20351832
0.5454343
0.6492473
0.15705884
0.26950443
0.40723985
0.3997179
0.28391907
0.22411284
0.19233882
0.20474753
0.26955006
0.36110148
0.35670298
0.48123428
0.17419243
0.6273023
1.096579
0.30369696
0.491917
0.86532044
0.33796126
0.32384115
0.24322005
0.5745328
0.8210492
0.22736245
0.8352744
0.55089176
0.2362119
0.19155493
0.44058412
0.33171746
0.23624086
0.23838888
0.24622884
0.26471567
0.6318792
0.16341332
0.24587655
0.27942812
0.29511327
0.5750639
0.6797865
0.41700998
0.3059322
0.4216773
0.8282258
0.48899442
0.17279916
0.10137886
0.71778333
0.6238589
0.117896914
0.6030116
0.30334052
0.31880853
0.30932486
0.26941955
0.39167523
0.1716252
0.3124002
0.35879898
0.4524483
0.29613698
0.35148054
0.1327506
0.2616709
0.39607492
0.33638558
0.17950423
0.19981512
0.19448087
0.22860283
0.3159904
0.124613024
0.25793335
0.25518423
0.2386007
0.3160277
0.3900317
0.17318314
0.40887207
0.34412187
0.3129309
0.42510983
0.37552896
0.2668789
0.33407873
0.28139624
0.18869765
0.15093267
