1.9675627
1.9414072
1.9106591
1.9255593
2.0365562
1.9941106
2.0587468
1.9853029
2.0179787
1.9283859
1.8447982
1.9533565
2.0105789
1.9703205
1.9744725
1.8679657
1.9824374
1.9339715
1.9763894
1.973481
2.030026
1.9314215
1.9524455
1.9520048
1.9302034
1.9591916
1.952696
1.9252965
1.9772532
1.9726247
1.934003
1.9659457
1.9151778
1.974764
1.8424982
1.9963486
1.9519026
1.9251988
1.967422
1.9319277
1.8325571
1.8826137
1.9832817
1.9831524
1.9448581
2.0431204
1.9635525
1.98401
1.901637
1.9040473
1.944082
1.9239211
2.013474
1.9466405
2.0121222
2.0148396
1.9322537
1.9396453
1.9082773
1.9569755
1.8925159
1.8471932
1.8986928
1.8875567
1.9542643
1.9446163
2.000812
1.8728544
1.8963518
1.9488529
1.8900452
1.9312112
1.8762405
1.9748113
1.9506974
1.9619083
1.9857264
2.052935
2.0182142
1.963866
1.9766926
1.9887065
1.9151784
1.9223616
1.9613681
1.9528263
1.9146521
1.9473097
1.9321643
1.9572673
1.95087
2.0186539
1.909645
1.9857492
1.8918633
1.9458851
1.8563567
1.9217314
1.931257
1.9505782
1.9190874
2.02076
1.9219123
1.930201
1.9267166
1.9826722
1.9979992
1.8745552
1.8707545
1.8930681
1.9737896
1.9089139
2.000638
1.8843124
1.947743
1.9580874
1.9600537
1.9823394
1.9443284
1.9950277
1.9101582
1.9828196
1.9496398
1.9618391
2.0539906
1.9374881
1.9133956
1.9655178
1.9795861
2.0609984
2.0052774
1.9805079
1.8765318
1.9729127
1.9052172
1.9630724
2.0371258
2.0231075
2.0014431
1.9093528
1.9333382
1.9208727
1.9083427
1.8538363
1.9128821
1.9814079
2.0275688
1.8863301
1.945721
1.971411
2.0265248
1.9703511
1.9364215
2.0020945
2.0753837
1.9928017
1.9873487
2.003195
1.8937675
2.023119
1.9476959
1.9377686
2.0163598
1.9527216
1.8514357
1.9668493
1.9691912
2.0176358
1.9714559
1.946001
1.9627643
1.9042466
1.9521432
1.9817528
1.9593086
1.8787904
1.9144336
1.9271758
1.968181
1.9531367
1.9217566
1.9597739
2.0321436
1.9352586
1.896555
1.9646866
1.9280577
1.9141747
