0.051207043
0.067333624
0.02634982
0.048867017
0.045927525
0.06217002
0.029783836
0.03439392
0.034517474
0.022051016
0.024796937
0.032718904
0.024528857
0.044783846
0.02899681
0.04078492
0.039100897
0.050228707
0.12606223
0.033033017
0.058220863
0.026119065
0.041608404
0.04398911
0.08024885
0.017440096
0.034838602
0.06511836
0.043781456
0.034821905
0.030590735
0.04141471
0.020415122
0.04692708
0.05671032
0.052235663
0.051821165
0.027118683
0.029842848
0.050497893
0.055388775
0.05820413
0.044861656
0.034713577
0.06538103
0.08111388
0.07910694
0.042877275
0.03709772
0.042347405
0.05010181
0.042516023
0.14138195
0.07735906
0.044533193
0.035700947
0.038698785
0.047654197
0.03608002
0.050014798
0.021955417
0.059713744
0.02483999
0.06678826
0.044579893
0.040439136
0.027518027
0.043058213
0.041915648
0.02961336
0.06433907
0.035325516
0.044479102
0.03873633
0.026952121
0.059141576
0.019471798
0.036892068
0.058451295
0.050232846
0.10238075
0.054569885
0.04072662
0.032922775
0.0647181
0.048408262
0.039147757
0.067999616
0.10233164
0.058047004
0.06504674
0.12850286
0.056876794
0.036884483
0.023645107
0.03883761
0.033146992
0.02934831
0.029969424
0.043343805
0.044174865
0.056994367
0.037969187
0.053746395
0.05157782
0.08082651
0.044024136
0.03864304
0.073845655
0.04159102
0.040914036
0.02736422
0.014794871
0.03686382
0.026632277
0.053563774
0.03949581
0.047752053
0.07104417
0.026780209
0.063979335
0.061180133
0.11575104
0.05467298
0.049140792
0.057380326
0.07884033
0.04102933
0.054394953
0.066802554
0.13887705
0.1302502
0.038092166
0.03094766
0.07303657
0.06720643
0.05160792
0.03715858
0.06924935
0.023643773
0.07230756
0.02230005
0.04715564
0.03925929
0.052033633
0.07756087
0.022620615
0.036283202
0.08518696
0.05138662
0.03756221
0.06088207
0.02293129
0.04657034
0.051678408
0.0417972
0.05871059
0.024519112
0.041902162
0.050466582
0.06932099
0.04681675
0.07466376
0.023430873
0.023959303
0.034083165
0.053703006
0.06499204
0.033638388
0.080651715
0.014900565
0.09824692
0.060385082
0.033506177
0.027112585
0.05426689
0.08028454
0.045069914
0.041232474
0.027577344
0.023807198
0.051331386
0.05181703
0.049020544
0.014369125
0.033409517
0.04873395
0.01552287
