0.48584327
1.6671007
0.6455171
0.9538765
0.88777107
0.8507325
0.86295307
0.9654062
0.7880382
0.89347064
1.0032312
0.64357185
0.9662518
1.1292557
0.43263346
2.444528
0.8036245
0.48183593
1.0973234
0.77875304
0.7072358
1.0570928
0.78635174
0.88888955
1.0047616
0.9258596
0.7772392
0.99645823
0.95941347
0.85353804
1.097918
0.5846465
2.0011306
0.5866898
0.69208276
1.0088062
1.1698141
0.7283013
0.70301956
1.0377582
0.8151554
0.7131171
0.934271
1.1397475
0.9485142
0.6261952
1.9013798
0.7077172
0.48514235
1.5993229
0.9057215
0.71570843
0.7426499
0.911729
1.078487
0.84857297
0.9933221
0.76245713
1.0171232
0.8957617
0.7351412
1.4303997
0.7630825
1.1510947
0.6292802
1.2522664
0.73084176
1.0663073
1.0119143
1.0028956
0.6529661
2.0431845
0.44890773
1.1345867
0.9107286
0.7841338
1.2835119
0.47008836
1.6585364
0.6615763
0.7191676
1.3249744
0.8755603
0.99782336
1.190125
0.79250324
0.9930718
0.697839
1.1674253
0.8929004
0.84263957
1.4308574
0.6295715
1.3718791
0.7228155
0.929809
0.74440217
0.9766257
0.79777753
1.0303206
1.2996054
0.6074134
1.7567751
0.39747012
1.7096477
0.71753794
0.68590724
1.297427
0.63763344
0.7476558
1.2532058
0.7627009
0.8265761
0.82331014
0.7939999
1.157445
0.6784191
1.1493567
0.6768288
1.1766666
0.69945407
0.8930423
1.1048874
0.73180836
0.8178038
1.2356557
0.80652773
0.6514472
1.8015294
0.62695396
0.73701376
1.2805681
0.8417394
0.56260645
0.8317745
1.1936158
0.79619586
0.7801969
1.0140662
0.68367237
1.231482
0.84169173
0.6932573
1.5916991
0.5723441
1.3163961
0.6973505
1.3527075
0.6648834
1.3765209
0.84581625
0.576797
1.1556277
0.60011095
1.6493564
0.56592894
1.0599246
0.9599314
0.85974836
1.3967103
0.5459986
1.1818249
1.4774153
0.48048973
1.2759112
0.70059204
1.0023597
1.2332382
0.5853179
1.1049546
0.9083079
0.59257156
1.5985857
0.74594605
0.6349215
1.2771821
0.74527735
1.0769162
0.82546127
0.86081684
1.5699785
0.5807937
0.9955131
1.1226745
0.6492478
0.97449845
0.774368
1.2567936
0.6194453
1.9368446
0.6599427
0.81417906
1.5647802
0.55242515
1.2976576
0.9052024
1.007987
0.4308849
2.177164
0.7666703
0.5958178
1.0193007
0.99864316
0.71246374
0.6992614
1.0121491
1.0113657
0.62454706
1.1309865
1.0519438
0.67791235
1.3469112
0.5915401
0.81152034
1.0469968
1.0185091
0.90954447
0.7985504
1.1770873
1.1294081
0.96799666
0.95943934
1.0111177
0.67342937
1.2325639
0.8923165
0.7995293
0.69096476
1.5298171
0.5454563
1.1806583
0.4662974
1.2356476
0.7201911
0.7978976
1.1731929
0.7113792
0.8582541
1.0687493
0.44653568
1.9395866
0.71167505
0.68172467
1.0201161
0.83290285
0.7504861
0.9485854
1.4971652
0.5643925
0.8664288
1.3435128
0.6948081
0.74865097
1.3232627
0.53828466
1.0463564
1.4029578
0.5982145
1.006494
1.3502624
0.65794325
1.2011843
0.9314567
0.9758092
0.57700217
1.0877805
0.97134423
0.42520392
1.7165538
0.78555226
0.5826266
0.9609725
0.7442571
0.99351776
1.1000613
1.0295538
0.6971172
1.1582843
0.6937468
1.1619352
0.6995376
0.74207777
1.137018
0.6058346
0.9578352
0.8466095
0.7183095
1.0175886
1.0672606
0.7618188
1.0216321
0.9612249
1.0153551
0.66708875
1.1840901
0.86802936
0.9934784
0.5362482
1.4673
0.5237674
0.94896454
1.109329
0.6901444
1.1836416
0.898793
0.7526928
1.0804648
0.5508006
1.806316
0.26625594
1.6735747
0.7237945
0.93133664
0.86105514
1.3187027
0.7882619
0.79478943
0.9766079
1.0569369
0.6529165
1.1153272
0.8065244
0.8519393
0.82092035
1.0968966
0.5121873
1.5750985
0.66547924
0.97507024
0.93822765
0.8751493
1.3142998
0.7663169
0.7904856
0.9339769
0.84148186
1.0005498
0.511793
1.5819209
0.56167626
0.9650966
0.87095344
0.9275882
1.0669458
0.4911247
1.804771
0.42310408
1.0317509
0.7952081
0.9473553
0.9224527
1.1426029
0.4760098
1.8596184
0.57498294
0.7231922
1.2811775
0.6235573
1.288432
0.7296214
0.6439881
1.2678722
0.84617627
0.79657674
1.2616034
0.85202336
0.7960734
0.65236926
1.1948342
0.64836466
0.83850116
1.8805671
0.3820275
1.2617841
0.93789315
