0.91189104
1.1356003
0.9971676
0.93100137
1.1659818
1.0434875
1.0166495
1.0009604
1.1234968
0.89575183
1.2778664
0.8423444
1.124604
1.1342613
0.9753312
0.99516416
1.2206676
1.0054793
0.99366117
1.1710839
0.8809259
1.1650352
0.88425374
0.95073295
1.0461807
0.9364301
1.1509314
1.0288866
1.1459653
1.0961715
0.8362768
1.2385902
0.81195605
1.0975642
0.8930724
1.0683446
1.2101202
0.8929583
0.9640809
1.0275142
0.9627559
1.1922504
0.8644811
1.2026534
0.92701995
1.1127917
0.8927295
0.90874857
1.3341314
0.81809044
0.93663275
0.99125767
1.0284524
0.9879035
1.0560174
1.1220291
1.0975499
0.8400346
1.0777259
0.94174266
0.9002264
1.2756374
0.74957633
1.5010448
0.7677705
1.182408
1.102477
0.89320517
1.2184829
0.7979898
1.1268667
1.0011572
1.0055869
0.97301316
1.004071
0.98026484
0.9812249
1.0397036
0.9694156
0.91736484
1.228013
0.8030493
1.2667615
1.0213957
0.9315483
0.9539
1.098052
0.92600346
1.1197946
0.8484992
1.0836334
0.84204274
1.2478222
0.9591131
0.93808985
1.0539076
0.95473254
1.0282203
1.0119653
1.2329327
0.84735465
1.2208505
0.904733
1.1014186
0.98298955
0.894174
1.0971441
0.9889488
0.9523756
0.99576235
0.9149244
1.3523409
0.82364637
1.2576966
1.0210465
0.8163091
1.0365062
0.97411364
0.89537144
0.9976518
1.1696997
0.90039504
1.10445
0.8136457
1.159724
0.90035546
0.97501916
1.0269508
0.98366344
1.0315756
1.0108871
1.1271925
0.802917
1.4943306
0.8798238
0.8493788
1.1047449
0.8451347
1.24347
0.9501419
1.0094948
1.0227748
1.056694
0.9563332
1.0437572
1.015996
0.99121714
1.1486199
0.86118793
1.1475513
0.8204287
1.2450657
0.9908549
0.8306241
1.155568
1.0312169
1.0265162
1.0042189
0.9254308
1.2309667
0.8270135
1.0453322
1.1169361
0.8184451
1.2169707
0.8007905
1.1056937
0.83812577
0.97677636
1.0882769
1.0133685
0.8955071
1.2814779
0.87862694
1.0302883
0.9737769
1.135843
1.0686108
0.86800766
1.2177393
1.0060433
1.1468588
0.83645034
1.3009446
0.94320536
0.8424984
1.3330092
0.82752204
