0.047654293
0.057922777
0.09099833
0.031218803
0.044328324
0.13247123
0.102570005
0.30705294
0.06544301
0.12466887
0.061782412
0.035351217
0.054566324
0.04463803
0.060812358
0.10130553
0.009212752
0.07984194
0.037026547
0.07586109
0.05532541
0.061605655
0.049525745
0.053761117
0.015703766
0.03623217
0.026883248
0.109577164
0.076397195
0.12511607
0.0527194
0.04770542
0.03692373
0.033249374
0.034270816
0.069296576
0.012207661
0.08872018
0.031796277
0.052305836
0.035661407
0.03442408
0.10037749
0.044124696
0.094456084
0.09911001
0.10926316
0.07681891
0.12906435
0.014703823
0.014469985
0.15573114
0.047189645
0.109066784
0.08100892
0.018898258
0.1554964
0.09154688
0.08090389
0.044104535
0.10649718
0.020614743
0.03824603
0.024865974
0.058114126
0.042562265
0.029285703
0.023269193
0.036008585
0.016069416
0.05387114
0.041350923
0.08430521
0.06591442
0.031895224
0.06616647
0.08100585
0.09415719
0.048062053
0.030556556
0.032499634
0.08952397
0.12371536
0.051099256
0.031201692
0.016482743
0.020364694
0.07648943
0.093172975
0.026413258
0.054296773
0.054950446
0.045723088
0.10997875
0.11573407
0.013996369
0.016723098
0.032407977
0.05997578
0.045770783
0.06266904
0.029910576
0.06318015
0.19400471
0.55363053
0.26778156
0.061095443
0.012864459
0.086666346
0.054682072
0.077911004
0.06837542
0.023751551
0.11837307
0.05379991
0.103912935
0.11513276
0.041329548
0.019430107
0.12985986
0.27366424
0.1755119
0.018112749
0.05558515
0.01693605
0.022439627
0.03625025
0.090354145
0.041648913
0.028477505
0.11475656
0.05009584
0.05714873
0.09596224
0.025355848
0.10693525
0.041251544
0.030335939
0.19866274
0.18820629
0.06855942
0.2648708
0.39844033
0.22190928
0.06419874
0.16963416
0.031677004
0.01813986
0.029444167
0.031930164
0.037678916
0.029155303
0.038600612
0.018311974
0.039932474
0.018232554
0.07375342
0.033788763
0.022421531
0.029577468
0.079795636
0.059235852
0.07295672
0.034100663
0.052538812
0.06045969
0.1123532
0.04528562
0.034281895
0.038595613
0.0290998
0.059508685
0.049915083
0.03087029
0.045696743
0.054076955
0.093972355
0.056448758
0.16463633
0.016692698
0.06831343
0.036814842
0.05551499
0.055750743
0.054027937
0.1171246
0.101175584
0.027691478
0.06296811
0.03179689
0.096756116
0.016756251
0.09104612
0.032167748
0.016801296
0.048989266
0.064709835
0.048659194
0.042801846
0.06685652
0.08466369
0.09159108
0.04377304
0.13958277
0.03628713
0.10674242
0.018091878
0.15997256
0.046928313
0.08753064
0.028365029
0.083322555
0.05933954
0.02565122
0.14005005
0.082602106
0.16037099
0.20264283
0.02999759
0.085340776
0.12077615
0.12986712
0.08403819
0.094522595
0.06458841
0.015198849
0.044495907
0.07002676
0.028952286
0.05637949
0.05050308
0.07582263
0.020897307
0.024761843
0.09217404
0.0703572
0.016784836
0.086645566
0.036566682
0.094312266
0.090605445
0.05872988
0.089117
0.09099746
0.050905526
0.04194198
0.029935166
0.12683117
0.022222418
0.050738145
0.054529622
0.034962185
0.065712325
0.06946871
0.041559033
0.028654745
0.039350342
0.034649417
0.06648415
0.063281596
0.045768507
0.022581438
0.053866312
0.020486448
0.034447886
0.055838194
0.15192571
0.08178592
0.044152413
0.046681434
0.040336348
0.030956792
0.04838367
0.035443444
0.11548145
0.038924158
0.110282734
0.02580012
0.07632824
0.22172974
1.0166144
1.9546566
5.3488765
6.929244
14.226151
2.2440257
12.105164
9.849916
5.2188263
4.8447695
3.3228514
2.412116
2.5407217
1.7649497
1.6087178
1.0103672
1.4232864
1.3310416
1.0868745
1.8335776
2.3149228
4.240773
1.3304245
1.1310716
1.6064477
1.7584922
0.7085934
1.2006333
0.99016255
1.1296608
0.6286442
0.44956255
0.8269777
0.4929819
0.41581595
0.37765166
0.31397402
0.3749217
0.34789997
0.22018692
0.13973275
1.0511816
4.142179
2.7492576
0.75924665
0.71466935
0.48970723
0.41636926
0.7189326
0.9585355
0.37547535
0.51810247
0.6084409
0.24338883
0.49468374
0.40024936
0.26130974
0.32507867
0.2605052
0.43148193
0.18596691
0.4658801
0.3493897
0.44318375
0.24597567
0.16077325
0.21128541
0.38107532
1.6529661
2.4996438
0.37452522
0.6653941
0.88065237
0.23037097
0.4205697
0.19769984
0.46812755
0.50798726
0.1521078
0.17363575
0.12691954
0.12508689
0.37675658
0.46397087
0.31630272
0.84890974
0.6312202
0.22554845
0.21927255
0.16325927
0.07747103
0.26715493
0.26606008
0.20478347
0.18649656
