0.044518486
0.084972754
0.057339855
0.13380708
0.084438056
0.049935043
0.11847828
0.11896964
0.107911125
0.07579738
0.09084582
0.09254616
0.14834863
0.08876682
0.052260734
0.03715926
0.040660392
0.07081755
0.041321352
0.16185434
0.24109714
0.13469847
0.064084694
0.049049914
0.06266555
0.073450916
0.12901387
0.10607744
0.04130838
0.062434778
0.20433182
0.028087454
0.073208496
0.041023836
0.028986126
0.054883074
0.06816073
0.021888345
0.09066596
0.09965941
0.20343351
0.010330491
0.30703905
0.28253406
0.070840046
0.022636186
0.14104255
0.034585975
0.11086966
0.06058766
0.13842936
0.011634878
0.026674585
0.1229257
0.24373099
0.09579654
0.057076942
0.070333175
0.05380608
0.08492501
0.041955255
0.066466026
0.53516024
0.7703869
0.15181644
0.06302464
0.037960514
0.13119926
0.18884236
0.11224425
0.105059996
0.12214917
0.023612333
0.33611664
0.31854543
0.020984823
0.061776455
0.03945732
0.032991312
0.050876588
0.11834583
0.059196495
0.100138485
0.08908471
0.23517536
0.03262861
0.20634891
0.026820853
0.08897624
0.19730346
0.13824014
0.007449647
0.027818982
0.069881745
0.14189741
0.056186233
0.1738734
0.092346944
0.08455362
0.043597456
0.09461514
0.19908626
0.028076379
0.28314638
0.07036618
0.18619512
0.061429366
0.04404118
0.044836048
0.045867108
0.1624065
0.069925286
0.18325746
0.21675985
0.021921601
0.02213357
0.015924787
0.0895619
0.06534001
0.06882124
0.12425389
0.05026085
0.0590229
0.05241622
0.18896207
0.19248514
0.062724106
0.049663186
0.07326349
0.027415827
0.013743175
0.03196291
0.24673013
0.45479354
0.05336908
0.13917564
0.031241143
0.057686046
0.08817159
0.30179676
0.15292336
0.009964747
0.047897823
0.5100022
0.97360486
0.026784008
0.38767895
0.052191664
0.10296561
0.064956024
0.7524166
1.629347
0.083023585
1.0522537
2.9153888
0.3433588
1.2911992
4.1725082
0.47626647
0.0167321
0.37444288
0.325747
0.369547
1.0500522
0.78539914
0.066696815
0.7173261
0.77646625
0.38506183
0.06905417
0.12215524
0.94431746
1.257852
0.25809768
0.32346407
0.071201414
0.117229775
0.09401092
0.32388425
0.25466087
0.14243294
0.1531115
0.23470467
0.13565049
0.19008026
0.28551126
0.11082571
0.15607873
