2.0639715
1.6410298
2.0999613
1.5814527
2.1753535
2.905748
2.7103815
1.4416516
1.1535618
2.5117693
2.757171
2.1645389
1.9731727
1.8253024
1.9537954
1.8581252
2.1811647
2.2266512
2.0743244
1.910152
2.0637674
1.786404
2.192401
1.9191697
3.7482717
3.7504525
1.6571809
0.8982587
4.0485497
3.545628
2.89858
1.1139569
1.0326157
1.2794907
2.7061527
3.2990072
1.0580122
1.5672963
1.7251266
1.7204995
2.0375104
2.0132108
2.1732826
1.9772905
1.6609483
1.3422806
2.1805506
2.1908622
2.2194371
1.9171919
1.6983812
2.7166176
2.8600168
1.3469279
1.3769665
1.9916632
2.7103114
2.2997112
1.4642239
1.7208953
2.282791
1.9689052
2.280285
1.8935192
2.311411
1.8137748
2.661128
1.4702423
1.8894362
1.7156868
1.591152
1.8637983
1.8689287
2.1489334
1.8569133
2.7426834
1.7126935
1.8820393
1.7215769
1.5495602
2.1335034
2.2315583
2.6047416
2.0862796
1.7371241
2.0681303
2.2051466
2.6887746
2.8326101
1.0907187
2.3948624
2.7222092
2.4742565
2.7186062
1.7289782
1.8311179
1.5190568
2.358961
2.4133203
1.8587608
1.9638157
1.3205278
1.9943136
2.0481486
1.8979822
1.7987182
3.1721377
2.59855
2.0208366
1.434365
1.856735
2.8745606
3.050552
1.5877957
1.8494546
1.6323402
1.7283216
1.4085326
1.613281
1.5286775
2.6634414
0.88133836
1.3941587
1.6888871
2.7631516
1.9916666
1.9687829
1.6967211
2.0473404
1.5386909
1.7756373
2.9509628
1.6706278
1.7571849
2.0906656
2.075656
1.5180411
2.2223012
1.5025711
2.037211
2.5670235
1.8673211
1.4826235
1.5039235
4.533682
1.6795678
1.6018487
2.2188637
3.097352
1.2518511
1.8440626
2.2013092
2.7054853
2.0554984
2.103074
1.5011655
2.2283118
2.3592577
1.7997203
1.4231708
1.6588597
2.1710122
2.0492797
2.1870232
2.5936708
1.7627683
2.1549537
1.8140186
1.8723321
2.2875743
2.335477
1.8414956
1.4241548
1.8042893
2.889096
2.205328
1.2648635
1.4609005
5.141301
3.6416945
0.32429615
16.207073
0.038022663
23.130232
0.5874421
8.874939
0.49809414
6.0607214
