0.1515899
0.19273217
0.17288202
0.22818916
0.26038328
0.1591439
0.2299619
0.44773152
0.6583455
0.14130113
0.4226721
0.45701146
0.19097278
0.15680258
0.12363188
0.10158801
0.12121756
0.1611398
0.30784678
0.31157625
0.20965019
0.14930452
0.1469692
0.18266678
0.19359991
0.17497253
0.43864787
0.12577555
0.08950801
0.19718193
0.17203051
0.1162417
0.10622519
0.19957715
0.30097452
0.34284157
0.1674555
0.13043195
0.10844743
0.11161403
0.13980696
0.19028334
0.1839028
0.17745726
0.21915151
0.15021011
0.20237692
0.1208103
0.12507415
0.107954115
0.12607005
0.17700203
0.13754393
0.15331537
0.12406087
0.12490387
0.1544046
0.23068552
0.2071026
0.32987255
0.0924213
0.16886076
0.13100146
0.110773504
0.1265887
0.21910511
0.116119765
0.14622739
0.09684504
0.10270089
0.30450416
0.38216504
0.08875963
0.15147968
0.22569695
0.10623041
0.20250756
0.12731537
0.12493915
0.120049514
0.1687712
0.0849604
0.050456144
0.38223872
0.4744789
0.27860346
0.15187234
0.17235954
0.25284824
0.41697922
0.7094292
0.2734426
0.46783215
1.0400507
0.21012269
0.21521938
0.22600272
0.45992514
0.61740535
0.27335405
0.1705813
0.25116932
0.3212023
0.17895529
0.122911945
0.24485879
0.22869283
0.28254443
0.29951492
0.14141327
0.13360974
0.1462824
0.16203117
0.0976937
0.19692601
0.13126804
0.16869426
0.20196919
0.13315992
0.102305666
0.10755136
0.22255887
0.7581247
0.95922065
0.26098728
0.074981734
0.09927991
0.15709564
0.14235675
0.23056328
0.65024465
1.2658094
0.26372582
0.30133936
0.19685969
0.266391
0.18272188
0.7171817
1.4353645
0.6419748
0.13539651
0.18720938
0.41922146
0.54277825
0.18482532
0.15913467
0.2573141
0.44899383
0.16571784
0.4149797
0.84517866
0.29708174
0.393246
0.46469215
0.5241404
0.41409677
0.19022653
0.19055374
0.24260348
0.15326612
0.1383871
0.20028543
0.14565487
0.09171279
0.111886874
0.21551967
0.21687901
0.15349935
0.1506984
0.19166178
0.0979117
0.2714053
0.108308434
0.03914783
0.43619162
0.8326376
0.23708904
0.26493058
0.22545831
0.4054203
0.07233095
0.289392
0.1874451
0.5441094
0.11445073
0.20697771
0.11870308
0.111989215
