1.2508459
0.8018818
0.9773731
0.8553963
1.0282307
0.87158144
0.85753226
0.7611609
1.0994223
0.6597488
1.3008051
0.7931279
0.95980394
1.2222489
0.63299656
1.6290147
0.5953568
1.0034847
0.9907855
1.2154316
0.7279337
1.252084
0.68511796
1.3658059
0.67541134
0.9109526
1.9214747
0.6456337
0.87048423
1.1684606
0.45655337
1.665633
0.83891845
0.65131676
1.1077051
0.88939893
0.84947556
0.9333657
0.76804984
1.097389
0.6711372
1.1805962
0.8850676
0.9194724
1.0017159
0.79624915
0.9880583
0.829078
1.1779001
0.8576784
0.73785055
0.9529493
1.1495434
0.60522753
1.2137573
0.7167125
1.0825922
0.8198904
1.0383129
0.714858
1.1126566
0.7707933
0.8752917
0.7664718
1.0141356
0.7999233
1.104102
0.8213843
0.8743075
0.6908538
1.5656064
0.7316788
1.0389473
0.93391615
1.0432007
0.84148973
0.7075139
1.2980496
0.5659282
1.709107
0.59329545
0.9650949
0.8851775
0.8733676
0.8694756
1.123496
0.68704045
1.63797
0.59440476
0.988188
0.8868457
0.8108542
0.8752457
1.1884412
0.75395834
1.3295257
0.7569622
1.6938068
0.6662239
0.781131
1.0301883
0.8408519
0.8704752
0.86605
0.91798806
0.97738576
1.0264894
0.9275634
0.85060143
1.334803
0.54012895
2.0598865
0.4389574
1.1422417
0.94229054
0.73520416
1.2486676
0.6836754
0.9143298
1.0842711
0.9139178
0.8445072
1.0141625
0.7751675
1.5369025
0.44123346
2.6625934
0.6410384
0.4823371
1.2322166
0.8328709
0.86809886
1.0161251
0.9780412
1.0941043
0.86750984
0.96962005
0.710179
1.3228736
0.7932746
0.8496416
0.5729998
1.6555133
0.753235
0.76422304
0.892387
1.188673
0.75112826
0.8995984
1.0526463
0.5650478
1.6999906
0.82860416
0.77969676
1.1621809
0.95069367
0.93918574
1.1142759
0.8087543
0.9229746
0.9415535
0.71298826
1.2797232
0.5900891
1.1435944
0.6461313
0.8728477
0.8602532
0.7338748
1.1483359
0.7846798
0.8866453
0.95336854
0.9148916
0.95246863
0.8175525
0.9419342
1.4570857
0.3917728
1.9338801
0.5762526
0.7900989
1.0544896
0.7904199
0.8180284
0.9682467
0.8656577
1.1988577
