0.9733863
0.7240734
1.3754168
1.2977009
1.4793373
1.2740136
1.0455782
1.4670725
0.518504
7.523192
1.8933482
0.93681365
3.7489629
1.5446714
0.69790566
1.1155472
1.8142861
1.2761464
2.7120302
1.4339346
1.1962993
1.3899661
0.8045535
1.042943
2.8849416
0.48318326
1.0015167
1.603962
0.84315795
0.81695086
4.2202864
2.6183524
0.121657945
5.99074
3.9475842
1.2071447
0.7947664
1.0345452
1.7273535
2.0157952
0.58904076
1.3683434
1.5159439
1.4975429
1.8147783
0.28106588
4.150215
3.0067823
0.27284533
2.7551467
3.4406352
0.18875682
3.3641753
3.2665877
0.68073976
1.1843663
1.563589
2.5269358
1.6178889
0.8584918
1.3439388
1.8685772
1.4330776
0.84007716
0.44031352
1.8500078
1.7077181
0.7329097
2.247396
1.9101257
0.7995538
1.0540173
1.5396338
1.0586271
1.5277283
0.77049637
0.88038254
1.3801501
0.515214
1.1854441
1.7270983
1.0953958
0.9440143
0.94735205
0.61735946
1.4072157
2.0744166
0.21693873
7.7728257
2.9305727
0.88562465
1.1807572
1.9127187
2.1234121
0.82644445
0.78665006
0.7929872
1.4323807
1.9413716
1.1251762
0.42244944
1.5534837
1.7528353
0.8980848
0.60842824
1.430544
2.6097631
1.2063224
1.1136252
1.274529
2.7046204
2.2815754
0.55961424
0.72547245
2.2046046
1.4178808
1.8707321
0.92482644
0.8329227
2.6355124
1.5630069
1.1911758
1.2926062
1.0556532
1.0231242
1.443162
2.1241949
0.7493286
0.9252284
1.6597455
1.6679075
0.27074504
3.5295572
2.1789956
2.3322775
1.3124102
0.86505014
1.7358221
1.5056632
1.0923212
1.0073681
1.0244048
1.4883802
0.9013709
0.98527986
1.7387801
3.26585
1.30984
0.71735
1.9139911
1.6990395
2.3141632
0.7037965
1.281035
2.1558454
2.65237
2.734318
0.8219279
1.4860461
2.2549338
1.6044049
1.250427
1.6751221
1.0114664
1.6050007
0.76183563
1.1956586
1.3543007
1.7020687
1.4295678
2.246356
0.8311005
1.0778216
1.2634071
1.9231911
1.1390867
1.370096
1.5109594
0.9643075
0.93817353
1.6302216
1.2982497
1.1604058
1.5108306
0.42715254
0.808702
5.269978
2.2799044
