0.10096872
0.107826345
0.121960096
0.14815904
0.12213723
0.22373658
0.21763913
0.079497084
0.23796187
0.3066039
0.1514424
0.057245433
0.16777617
0.13394299
0.051805984
0.11463864
0.10693595
0.098146416
0.20032856
0.103057
0.0986294
0.099787146
0.13199428
0.18758346
0.23839054
0.087600596
0.048609685
0.1999917
0.31626922
0.20931205
0.18394335
0.20803301
0.1457023
0.04495934
0.077791914
0.10947897
0.1415133
0.13463792
0.10751713
0.21664111
0.0944656
0.13498081
0.06539374
0.24555863
0.43380395
0.5885316
0.26186582
0.35091296
0.6905636
0.0806003
0.38731903
0.14708379
0.2635149
0.10603516
0.15981574
0.08018562
0.0610708
0.15545358
0.31927204
0.32388657
0.06707984
0.24196488
0.07655734
0.33087683
0.2995119
0.10827565
0.1685702
0.06048516
0.07564569
0.22834228
0.0876138
0.10021691
0.18251541
0.11936637
0.047443584
0.1893126
0.08436191
0.08738451
0.20008375
0.16443633
0.085802265
0.1974814
0.073456205
0.084291115
0.12938407
0.08318771
0.089432344
0.07067068
0.066062495
0.06432565
0.061977364
0.09440932
0.1146993
0.10415144
0.12862195
0.07629766
0.07010573
0.19076966
0.16824304
0.14351308
0.14077654
0.22814322
0.060770772
0.23713608
0.1056252
0.13381414
0.093100935
0.06077908
0.12217942
0.064032316
0.03784628
0.09035489
0.11063784
0.044518672
0.1867584
0.14112374
0.122991115
0.049754363
0.20828184
0.17592804
0.10977414
0.1122829
0.040952638
0.024842685
0.054056734
0.06733495
0.096077986
0.19132271
0.19055605
0.08266207
0.32123232
0.39557374
0.040042374
0.2674303
0.08504719
0.2397222
0.08066581
0.12191408
0.052369498
0.09042351
0.042435877
0.04146304
0.06809311
0.2680972
0.11772336
0.12868021
0.08563
0.27273893
0.38740063
0.08383109
0.1434914
0.06794909
0.035933938
0.06362558
0.059457026
0.06609895
0.23243299
0.09549801
0.09660203
0.08048962
0.14335656
0.041399498
0.121938616
0.07755691
0.14204656
0.040488377
0.1386474
0.044186562
0.21033955
0.058690645
0.043153442
0.23187122
0.34835112
0.161258
0.058697082
0.07871199
0.13989866
0.09888206
0.13025166
0.05794782
0.0699769
0.066136666
0.059225142
0.09448855
0.06945632
0.16803105
0.054320715
0.14362428
