0.124924645
0.11775194
0.047155462
0.09295045
0.1318878
0.18466167
0.09015581
0.39253542
0.78731674
0.14320278
0.3374912
0.110980585
0.1935839
0.08583258
0.1617198
0.15221351
0.08144453
0.15131694
0.28478715
0.31844172
0.099916056
0.4260063
0.23663545
0.10824183
0.08217048
0.117039435
0.18671504
0.041902922
0.06495154
0.099583134
0.10720728
0.058119476
0.11467707
0.10217496
0.093539976
0.16901837
0.080093086
0.120732024
0.09847067
0.0687512
0.23204924
0.19468057
0.093609005
0.14082263
0.10030875
0.14634559
0.10439503
0.21955425
0.21612477
0.16551471
0.078675434
0.08237102
0.06897412
0.2740925
0.23833653
0.12962559
0.08106235
0.097977616
0.06500187
0.06351109
0.12391577
0.08804387
0.08353887
0.03986398
0.15494063
0.21780962
0.058816317
0.0470433
0.124794155
0.08398134
0.08533613
0.12942812
0.18531895
0.12010209
0.09596461
0.050841413
0.0676139
0.08096545
0.060994435
0.1332641
0.091931865
0.17536868
0.13980515
0.060124487
0.070877105
0.21463561
0.45208648
0.36736292
0.08557904
0.11056499
0.08685027
0.07810239
0.11450375
0.19049129
0.034403972
0.13177198
0.18063062
0.0942528
0.0863916
0.103065774
0.122845665
0.10455044
0.044346377
0.15088858
0.11115915
0.090271905
0.072831206
0.096233115
0.12228827
0.04465911
0.072295934
0.08058534
0.09188499
0.10406847
0.12070867
0.26955903
0.18995434
0.090435654
0.050961457
0.0986726
0.07685116
0.06559079
0.0858685
0.09262693
0.05353901
0.20019716
0.31353503
0.30086723
0.045513533
0.15514877
0.1130692
0.119023874
0.05953853
0.08585582
0.09829026
0.15609246
0.053750552
0.06696083
0.046344656
0.08329797
0.068801075
0.12706593
0.070344284
0.08928503
0.08948633
0.088865496
0.060927324
0.1172144
0.17206512
0.11688976
0.15346721
0.21488205
0.19378744
0.14427125
0.024718203
0.13595505
0.12349765
0.19187057
0.116722316
0.06687589
0.09121166
0.10194156
0.044166796
0.04598238
0.06898738
0.06214787
0.05098862
0.031702038
0.23916799
0.14401013
0.09814274
0.06341771
0.23108964
0.099424854
0.23958999
0.110753134
0.49368587
0.9404568
1.0000052
0.51828974
0.08447115
0.19222927
0.2974989
0.17497979
0.20233175
0.121143475
0.08562146
0.08432255
0.16238397
0.07691583
0.23570074
0.30517584
0.12318438
0.089653105
0.13254726
0.18671092
0.07205151
0.06941374
0.1423054
0.073502034
0.17146069
0.13026485
0.24174568
0.2662941
0.13544007
0.19603962
0.09331541
0.11700921
0.06723352
0.07968645
0.14634725
0.111646965
0.044467583
0.07813619
0.18195246
0.083047055
0.1680102
0.05573447
0.21015033
0.28204572
0.20239574
0.09937459
0.071829066
0.13581629
0.05042959
0.24690492
0.18426874
0.123929344
0.122527964
0.09469953
0.091319494
0.09874149
0.10052663
0.038963888
0.0962537
0.07164134
0.29019412
0.60639673
0.33660623
0.049970753
0.19204871
0.11873107
0.10657109
0.11469037
0.104830995
0.11552815
0.1654456
0.12359199
0.10050306
0.06472993
0.073935814
0.25853202
0.08940001
0.092398904
0.10767555
0.14964955
0.08444668
0.20948255
0.10999073
0.052214384
0.08135404
0.10110338
0.06685868
0.09260996
0.09784138
0.30145913
0.14727524
0.08225667
0.07640573
0.06842308
0.12705597
0.06522192
0.11162812
0.13022424
0.11170637
0.10307224
0.04791237
0.10821821
0.032725148
0.07628778
0.12087826
0.04304079
0.08550594
0.1061922
0.10443769
0.075388834
0.08538089
0.09448955
0.060566127
0.13272128
0.072688214
0.04904343
0.16790679
0.68259174
2.949821
3.2154055
4.1488113
7.326842
8.937172
2.5023668
15.503715
2.6664608
7.4043174
8.8775625
4.9232545
3.889075
2.6390986
1.9783533
2.7691584
2.4047997
1.4187316
1.6522056
1.631716
1.1195296
1.6525574
2.3074222
2.1604578
1.1516339
1.2249745
1.3456876
1.3871801
1.6089971
1.5279278
0.9782038
0.96427745
1.0424938
0.64144355
0.7969595
1.2503797
2.1928756
0.8134951
0.7196453
0.5731947
0.7256068
0.4004595
0.8186164
0.97229576
0.8853153
0.48510367
0.5473061
0.30043292
0.6168723
0.69428277
0.7559133
0.49098596
0.23295066
0.22795525
0.25659826
0.46002883
0.6005719
0.46176606
0.37193435
0.2920913
0.47258985
0.5559524
0.5483618
0.42965105
0.2527022
0.33180088
0.32846797
0.24944097
0.28065708
0.3045205
0.23763008
0.30945656
0.3253843
0.33108371
0.48883477
0.79944676
0.6949097
0.25200203
0.57197595
0.61033297
0.17102136
0.19141367
