3.0408835
2.1464438
1.9601526
6.351392
0.8243557
1.083729
3.071908
2.2287164
2.4326239
2.239189
0.3410058
3.7018514
2.8853755
1.6608503
2.147192
2.344298
1.7396293
1.5914226
2.1194987
1.9764081
0.53127456
1.1685839
4.884074
3.5372834
3.8957348
0.36773401
9.04528
3.9765716
2.8778598
1.391969
3.5192358
2.6039305
2.3287363
2.204657
2.3351042
2.1778955
2.1100826
2.120009
2.6363697
1.9205034
1.7699357
1.8865193
1.735107
2.6870131
0.8624702
0.67388266
4.9475937
3.4103715
0.7126332
0.72142816
2.7596054
2.8883586
3.4227185
0.9484618
1.2274303
3.1195412
2.7077055
2.5574949
0.8724319
1.0517992
1.0466502
1.915497
4.0706444
2.5302148
2.0184674
0.62481827
5.958297
4.461497
4.5226316
1.0215253
0.620685
2.9924073
2.64307
1.1904836
1.4669902
1.3610449
1.0811641
1.6434855
1.1907943
2.4498985
3.3497872
2.3728647
1.3920934
2.1157367
6.061551
5.4050055
1.6027489
0.5365377
8.306425
2.0237517
1.3798783
1.2686036
2.548383
2.9118514
1.2139366
1.6494316
1.2328019
1.429828
1.5929081
1.6304232
1.6237993
1.6143724
3.383451
2.5057578
1.8815458
2.2073362
2.1085794
2.5631337
0.7419627
1.1054184
3.6998782
2.892028
3.6294181
1.3301562
1.0488708
1.4049883
1.3906658
1.0405548
2.1232986
1.4758841
3.2937183
0.69232047
1.3989298
2.8092551
3.3459263
3.0329716
2.3346617
0.8922079
1.9158323
3.3140535
2.1345649
1.1916096
1.1131428
1.8590379
1.4117082
1.5195385
2.2927487
0.79920244
1.7251122
2.8268042
2.723031
1.2096639
1.9076774
3.0458276
2.2420397
1.1732135
2.9136043
3.0089083
3.0503483
0.9950489
0.4930905
9.456039
7.018753
4.180876
4.4840217
1.6102005
1.9639652
2.014636
2.6931844
2.4945724
2.4153275
1.9138288
1.5074229
1.6129017
2.1526606
2.2121682
2.4330597
1.893435
1.1251156
1.2497352
2.4267204
5.8026123
4.557639
1.5240393
0.6470692
4.0640097
3.6255755
3.8831737
2.3062155
2.7498422
1.9339619
2.0597205
2.1122334
2.3221586
1.7841516
0.9044816
1.4545217
2.537423
