0.06564832
0.0637357
0.16107221
0.05612022
0.16385844
0.093562506
0.11182974
0.055222426
0.06676745
0.08988978
0.0452935
0.0647797
0.055100996
0.051516626
0.08266459
0.054715075
0.049005046
0.04015044
0.17507382
0.15439187
0.12802154
0.1184861
0.1234674
0.11414965
0.09735419
0.113039166
0.05087223
0.12746675
0.04695037
0.05837654
0.05514527
0.11001603
0.06749174
0.20917246
0.069229834
0.24278909
0.08773449
0.21499191
0.0864141
0.1368329
0.10619565
0.11797345
0.07162461
0.09979787
0.07302064
0.061174672
0.06176369
0.14589424
0.11749205
0.07491053
0.07589674
0.077065125
0.10467864
0.10166097
0.09505355
0.10710863
0.08535754
0.08486778
0.09002375
0.081248626
0.10534266
0.08896044
0.12242135
0.090989895
0.07976682
0.12051563
0.18097949
0.11004479
0.068007275
0.085737005
0.103740536
0.087959446
0.063922055
0.051887877
0.14046253
0.08501275
0.087835595
0.09461655
0.052639548
0.058224145
0.09404123
0.0471657
0.05016491
0.08256651
0.049542956
0.086441524
0.050712418
0.07413629
0.09726864
0.09335507
0.071906514
0.04804701
0.09603598
0.0373884
0.07544425
0.1418322
0.08930063
0.0516235
0.03767885
0.07478002
0.0786224
0.05027809
0.105988145
0.15886487
0.05875638
0.08926396
0.059881814
0.0871327
0.09395989
0.10168171
0.17944299
0.063916445
0.077588364
0.1228231
0.04256292
0.07263494
0.0790602
0.08981192
0.06590989
0.07181009
0.079664946
0.07153304
0.07636473
0.17942609
0.07539007
0.07220799
0.060283236
0.10115948
0.07578024
0.10214214
0.064789206
0.06557159
0.26452854
0.12656379
0.20276152
0.07445648
0.16731684
0.08199867
0.21743734
0.03439565
0.03524166
0.32085198
0.08710739
0.21669222
0.14058071
0.086343005
0.036607005
0.08467665
0.06601164
0.06365076
0.07901537
0.053661577
0.08291142
0.069018215
0.0599034
0.05553703
0.124600574
0.08022934
0.11064483
0.14204171
0.07663255
0.08594388
0.07120603
0.064000025
0.14634903
0.022979561
0.32563457
0.13984282
0.15712857
0.045754317
0.22480762
0.048146278
0.06724852
0.08161637
0.073755644
0.07595106
0.062966205
0.10408123
0.06595787
0.11011922
0.059338897
0.0610335
0.069777854
0.07242378
0.10469207
0.028717613
0.063961044
0.07111689
