0.123118326
0.050636537
0.15939355
0.20471503
0.051610496
0.11651166
0.086083196
0.039003182
0.04038869
0.032368742
0.087715216
0.1035254
0.03838031
0.12451931
0.121381074
0.06379861
0.08256521
0.11408448
0.18981928
0.08103779
0.15072387
0.060709875
0.098070435
0.075513616
0.06171284
0.035368364
0.19211629
0.09940687
0.088194415
0.23845413
0.08390921
0.039475165
0.113345146
0.18879431
0.1821752
0.07967313
0.09808181
0.066718884
0.06628079
0.075761385
0.10537617
0.12213398
0.124651745
0.066350326
0.082714215
0.10984489
0.072527446
0.19013992
0.07184641
0.07015894
0.039118394
0.076524936
0.033384077
0.09597945
0.112558186
0.06683831
0.088127226
0.035645947
0.124390595
0.082134955
0.12337048
0.117215656
0.10903674
0.068644345
0.029047394
0.067591235
0.07338183
0.13830411
0.06787495
0.09876708
0.11773172
0.32572818
0.12485419
0.18457533
0.026739337
0.07323972
0.050032258
0.062543124
0.06332509
0.039767392
0.052396268
0.08925897
0.14758588
0.05919194
0.090884686
0.09669932
0.049834795
0.044156767
0.08201497
0.5328205
0.937326
0.48552155
0.02730322
0.30570704
0.21608384
0.05223269
0.042016007
0.18784043
0.10638328
0.18683985
0.17018303
0.09179446
0.0462277
0.052304167
0.10659306
0.07525088
0.17050594
0.16679639
0.09188009
0.12000431
0.050091196
0.11749719
0.10468583
0.06657059
0.079919934
0.09651646
0.14577362
0.10334558
0.04661574
0.058787443
0.08240239
0.08240908
0.045499176
0.117992625
0.065742806
0.06626774
0.04657188
0.066140026
0.02969705
0.036556996
0.045102946
0.07994901
0.2612548
0.08942179
0.04592822
0.04701176
0.053493183
0.110436
0.02473628
0.11953938
0.14643335
0.2018863
0.009462686
0.008833249
0.13095777
0.40957773
0.08990804
0.49530783
0.07575874
0.28040567
0.108314775
0.032817356
0.032233365
0.04360926
0.14115967
0.059758976
0.24720342
0.15821122
0.06423017
0.035369437
0.08276613
0.10421279
0.07610296
0.08048889
0.085015334
0.053613592
0.046399683
0.10048864
0.05289165
0.07057472
0.1899728
0.40286484
0.16562623
0.035755333
0.022841131
0.06405325
0.031077225
0.015954694
0.058021504
0.12484169
0.087814815
0.112403244
0.050841596
0.081694484
0.06675198
0.013286023
0.03979738
0.076342225
