0.98385453
1.2340057
1.2186584
1.084929
1.0072117
1.2422882
1.0138723
1.2061151
1.1795003
1.1660285
1.226785
1.2228422
1.0260187
1.1097755
1.1166453
1.0900896
1.1713369
1.1533811
1.0493684
1.1516831
1.0953434
1.1362077
1.0552412
1.1343997
1.1830451
1.0202949
1.0629365
1.2090635
1.0491198
1.0609488
1.1080868
1.1248931
1.1273279
1.0400445
1.088342
1.0768379
1.1070226
1.1423545
1.0807347
1.0946599
1.1670743
1.1086957
1.0919524
1.0402396
1.1669866
1.1418203
0.966423
1.1087143
1.0315052
1.0215716
1.110395
1.0989985
1.02562
1.09061
1.0801891
1.1114222
1.2206018
1.1748738
1.1647305
0.98966753
1.172485
1.1798546
1.0802286
1.0432777
1.1492271
1.071332
1.0497651
1.0983719
1.0792829
1.0329156
1.1374135
1.1064488
1.1459081
1.2250857
1.1453035
1.0283825
1.0207973
1.0640935
1.0135205
1.1119878
1.1093737
1.0533721
1.1631193
1.0379368
1.0800226
1.1941803
0.9944016
1.1484396
1.1286542
0.987892
1.1262747
1.0711082
1.0046383
1.2077178
1.127781
1.1174358
1.0890784
1.1602397
1.1747618
1.0321878
1.0442554
1.0994395
1.1241527
1.0940655
1.1761872
1.1004381
1.1086617
1.0571963
1.2160695
1.1530961
1.0600629
1.1980107
1.062139
0.9624069
1.1992905
1.1827445
1.0090739
1.0462694
1.0372992
1.0581236
1.0781392
1.1362913
1.0489677
1.080241
1.0385529
1.0444502
1.1641955
1.0389279
1.1118238
1.1249194
1.0719236
1.2055678
1.1363893
1.0796479
1.1574037
1.0899096
0.9689617
1.0492525
1.1058869
1.0148795
1.0800855
1.2302617
1.1732578
1.10997
1.0954444
1.0967145
1.0037584
1.0364385
1.1843312
1.1311977
0.9825567
1.1663995
1.0546525
0.98596394
1.1713058
1.0578022
1.1043775
1.1193674
1.0683005
1.0145807
1.0192305
1.0564599
1.1142902
1.1159973
1.0672129
1.0722075
1.1766855
1.0570259
1.0665026
1.1167246
1.0337639
1.0308157
1.0165195
1.179771
1.0216247
1.0168216
1.0258787
1.2080543
1.0531366
1.0512152
1.0848055
1.0585034
1.1129863
1.245064
1.0844922
1.0108073
1.1887457
1.1017458
