0.23185495
0.50352883
0.96451235
1.51471
1.4669094
0.6169791
0.447925
0.8048446
2.792412
1.7389673
0.96979445
0.9181206
0.90744686
0.97118443
2.4367404
0.15489168
6.9954014
1.9234793
0.9568329
0.642467
0.7337388
0.95974684
1.3398366
1.1338817
1.0307703
0.7240533
0.8083088
0.41622114
5.9704237
0.49243265
0.24757995
6.6963253
1.6554234
0.62322986
0.9427373
2.155733
1.6999027
0.4902737
0.91020375
1.7410903
1.5110918
0.8976109
1.3481143
1.0254552
0.91388446
1.3056812
1.0555208
0.6002385
0.42492488
0.61632866
1.2296925
0.9810846
0.983745
0.66504854
1.2090039
0.68651474
0.7759265
2.198222
1.2554711
1.1653378
0.23518336
6.4693213
0.2223484
0.34476668
3.4169536
1.2708511
1.435152
0.67682374
1.3709692
0.723293
1.4428992
1.2595326
1.3989685
0.42566293
0.78104466
2.5472252
1.1749277
1.1149256
0.76272
4.2424116
2.2532692
1.485441
0.9792448
0.83819085
1.3564317
1.3607566
1.4641626
1.1641599
1.0387312
3.3080034
2.2461627
0.35492352
0.30849922
2.3929305
1.7722366
0.78948534
1.0418985
0.99901193
1.3606912
1.5808496
0.27386498
0.8139194
0.7493255
1.7248993
1.2811754
0.2638836
1.1108066
1.3813608
1.5012782
1.2287644
0.825382
1.9846654
0.49736416
0.67820024
0.85944897
1.5368956
0.77325493
0.9359455
0.9991433
1.7143501
0.49929246
1.0007734
0.9871454
1.2202723
1.2262717
0.39122954
0.2933169
0.8741926
1.7216654
2.275393
0.79740787
0.3677574
1.0789989
1.1237979
1.5816877
0.50877
0.6009819
0.76073706
1.5225022
1.1640787
0.6948478
0.87330914
1.3751839
1.5019886
2.362792
1.2231371
1.2943618
0.83657944
1.1221645
0.8901481
1.4460124
0.22645535
2.9355707
1.4505434
1.1704686
0.82471156
0.93382657
1.1785088
1.0707744
0.9348069
1.2253234
0.57180715
1.2864292
1.1878401
0.90954363
1.0801399
1.0199277
0.25915855
1.3393123
0.54713535
0.7834565
0.9906051
1.4988909
1.1584015
1.2187669
1.3861482
0.9410246
0.93154514
1.1820767
0.39686584
0.62026477
1.0428374
1.6692092
1.31918
1.2870741
1.1902328
1.1195464
0.91643095
1.1674395
1.4814737
0.46206546
3.201383
1.8849467
0.964666
0.94484574
0.6917558
1.1413298
1.0341394
1.654383
0.7482026
0.5016647
1.0953801
0.8996554
2.5732837
1.570573
0.12782153
11.240471
3.5944934
0.26643753
5.2554793
2.6835928
0.99544287
0.90935385
0.9076527
1.4518363
0.8165412
1.1606688
1.2402782
1.1382014
2.521521
0.9886876
0.097212195
10.914329
1.9469985
0.82268095
5.117999
0.87330306
0.5663744
0.92471945
5.2461233
1.7805369
1.2446202
0.68097043
1.2719108
1.2487082
1.8269761
1.3264347
0.60577875
0.35013458
0.9805946
1.5089004
1.0231216
1.030472
0.7578455
0.7663516
0.7473805
0.87828434
0.87231493
0.63443035
0.91448253
1.2181051
1.0310197
0.88318473
0.7904558
0.7491651
1.0201933
0.9417719
1.6734536
1.2190458
0.48786387
1.0834384
1.5396082
0.5305834
0.20344026
1.2727903
1.7245219
0.7963986
0.42394805
0.99915916
0.72743404
1.1783513
1.2355617
1.009067
1.3397484
0.50079095
0.49111384
2.3475785
2.2785792
1.3284492
0.33482593
0.63374615
1.4720839
1.0095985
0.87803924
0.7264974
0.4964381
1.7260662
2.0894136
2.2124474
1.1631854
1.4862869
1.3229312
0.5508983
1.2762502
1.7752849
0.51616997
0.43516436
1.0571909
1.1189821
1.1415832
0.7355402
0.6997968
0.55337954
1.0181237
0.7835679
0.53126353
1.1010313
1.1773808
0.9022316
0.34473932
3.2187128
1.0421928
0.5844033
0.64193165
2.4186654
2.2373605
1.1554239
0.95648456
0.47736785
0.91314983
1.1416503
0.6411763
0.4948701
1.1166568
1.7759581
1.3954957
0.54195833
1.3127401
1.2488769
1.4160893
1.405049
0.9977642
0.5324297
1.0352614
1.3591774
1.2791352
1.6731868
0.6830738
2.8248787
1.5172197
1.4625044
0.5457789
0.85988665
1.1964712
1.481612
0.8078743
0.74295443
0.5470708
1.0594717
1.6383559
0.40259087
3.7003756
0.7041955
0.6658313
1.9898852
2.968033
0.83036697
0.9520111
0.9100357
1.2154429
1.1781062
0.8537345
0.88286984
1.1489692
1.1848136
1.4171023
1.0447001
0.73411214
1.0692991
0.9280078
0.89957476
1.4542105
0.79065114
1.1324532
1.4838872
