1.5650103
0.78952265
0.80659807
1.6554923
1.4964211
0.69949216
1.6112993
1.0398821
1.3611782
1.3358788
1.1886033
1.6587762
0.37589803
7.505491
0.17487481
10.234541
0.028145006
12.066619
0.084459126
14.563785
2.566493
0.34442735
7.607062
4.188143
0.6483611
2.0624352
1.8939313
2.342081
2.2202106
1.1466353
2.3806486
1.067291
1.3707302
1.4739808
1.1561878
1.9529722
0.85336816
2.3083353
0.8033283
1.948688
1.0153093
1.4865832
1.3200369
1.3816586
1.3731806
1.2174532
1.1241014
2.3205543
0.6816051
2.3661366
1.3959471
1.0717214
1.5344579
1.5013679
0.8352303
2.5371246
0.9514159
1.5840716
1.1228775
1.9270103
0.7515843
2.2773817
1.270614
1.0204849
3.008741
0.14320704
5.624815
0.7297975
2.7808442
1.6630769
0.28446108
5.267195
1.5690575
0.3289913
4.831539
0.73222697
0.7331588
3.9107172
0.6682694
0.66003203
2.065195
1.4683678
0.41815758
2.370021
0.23737496
3.0642638
0.6668574
1.4606969
1.641866
0.73019034
0.53944826
0.6883937
4.352631
0.42588973
1.7273521
0.68319607
0.55319935
2.6087296
0.6731305
0.48855597
6.554837
0.07543754
4.672289
0.2770995
3.7467053
0.20666522
3.1975727
1.0501273
0.3078093
1.718266
0.79762244
1.4870598
1.0156987
0.7928746
3.3548532
0.34086066
2.146067
1.0358394
0.63088095
0.6809572
0.82389927
1.1968373
0.7047101
1.3908331
0.5843786
1.626493
1.3187275
0.5050242
1.6502008
1.9982592
0.8791457
0.53063905
1.7713714
0.8074646
0.45685872
1.3081301
1.117209
0.7266126
1.026558
1.6150671
0.928179
0.32461995
3.1971867
1.7108818
0.40388924
2.5114555
0.9201696
0.7010914
0.74994785
0.5345291
0.8512808
1.3099463
1.3925372
0.7934663
2.5864003
0.5116154
0.53595823
2.0698974
0.61028874
1.6668465
1.2542849
0.94287634
1.150087
1.1307244
0.99852085
0.97599256
0.5791173
3.6544824
0.91972923
0.5968329
2.3822155
1.5681667
0.184006
3.4988654
0.6449748
0.38022932
2.7672777
0.20134264
4.989011
2.4152875
0.37406266
3.703793
0.860963
0.67469037
1.0826812
2.3356962
1.0062839
1.1000619
