1.1164093
0.467523
2.1056938
0.7501864
0.55114657
1.1912696
1.241385
0.5980944
1.6616406
0.86006844
0.8353999
1.0567577
1.4613156
0.45663518
2.4180117
0.52354276
1.6742305
0.71725
0.5699136
2.4019332
0.63841075
1.4077735
0.7588103
2.015288
0.45624572
1.0387855
1.4020429
0.4944979
1.4178276
1.0658891
0.564963
1.7541819
0.3542636
1.676312
1.029738
1.1529505
1.014235
1.007693
0.57967925
1.8517809
0.58838916
1.9002764
0.5282501
1.7340512
0.8782995
1.0859543
1.3487948
0.61842537
1.6838498
0.7630676
1.0513022
1.3846186
0.40451354
2.0670605
0.5061426
1.043431
1.1260216
0.9295461
1.1813943
1.3383074
0.6965306
2.2093909
0.3708871
1.4004186
1.0218861
0.5895771
1.1491714
1.3236091
1.561255
0.2816818
2.2517483
0.69109
0.57670915
1.7186939
0.45887887
1.1614374
0.9849129
0.89562035
0.866283
1.5120692
0.5271418
1.2632322
1.1041558
0.907519
1.129386
0.8106339
0.8676429
0.9768817
1.4499235
0.46979523
2.3667455
0.5325532
0.94251597
1.377062
0.5170331
1.2237188
0.68315923
1.6285963
0.6863786
1.2698662
0.49442947
2.2906837
0.50268966
1.1580541
1.2324078
0.75661635
1.3877397
0.81486166
0.46644598
2.7335775
0.5915562
0.6775739
1.6257502
0.57318527
0.88050467
1.7603235
0.61919224
0.5974668
2.330855
0.5592981
0.6147542
1.7160213
0.72422504
1.0128543
0.65254146
1.6693442
0.77909005
1.131753
0.99456143
0.9770311
1.4350903
0.4450871
1.5625275
0.9024613
0.8395369
0.8937951
0.4704497
2.7128787
0.4862333
1.356727
0.82028884
0.8083911
1.3807223
0.61838317
0.8937431
1.3988531
0.6760681
1.2580909
0.9543959
1.0893776
0.689103
1.2484878
0.79283386
1.5479054
0.34814322
2.0750413
0.95590293
0.7822945
1.6417865
0.75718737
1.1214497
1.4066869
0.9717253
0.8059168
0.867311
2.5681589
0.39412212
1.9950157
0.7091989
1.2650852
0.8054696
0.9676275
0.79039514
1.3812993
0.9839289
0.7694055
1.4609061
0.34371093
2.9589972
0.519998
0.68410945
1.9594568
0.53618
1.1212481
0.9390416
1.3293613
1.1867492
0.9769772
