0.93544847
0.99377745
1.0664535
0.92222863
1.0906105
0.7957529
1.5250458
1.2148012
0.9098961
0.84192103
1.1186931
1.0388975
0.9013735
1.1976961
1.2388663
1.0349498
0.73374826
0.9905539
0.6601552
0.80871445
0.998262
1.0451316
1.0576918
0.8928975
1.3120103
1.188397
0.9046743
0.8477314
0.6826323
0.9647482
1.0652122
1.5417833
1.0458118
0.92824966
0.9798679
0.8624542
1.3477665
1.3895499
1.1735339
0.91781944
1.109086
0.82338035
0.85753334
0.9132367
0.9261466
0.91694504
0.8958596
1.0758207
0.7457188
0.8432445
0.6853162
0.9937566
0.971867
0.8583103
1.2336332
1.7477245
1.4765109
0.9902936
1.0967915
1.2038423
1.0015819
1.063868
1.4420967
0.9563172
0.74983364
0.93828595
0.8736361
0.88208437
1.0871205
0.97910786
0.8693425
0.80074614
1.0049961
0.8658456
0.99495965
0.82482624
0.8411952
0.75941217
0.924253
0.7658738
0.6851127
0.77098036
1.0301614
0.9148511
0.7347441
0.9955162
0.74903166
1.0451434
2.1171734
2.0120168
0.87113816
0.99633896
1.2003078
1.1330636
1.1252995
1.3600621
0.8665025
0.9393103
1.1722562
0.8799997
0.7840045
1.1709673
0.6976071
0.79224783
0.9397048
0.7457687
0.8346838
1.0099792
0.6942781
0.76786834
1.0036819
0.7483076
0.6798328
0.8325809
0.9259889
1.0020391
0.93624926
1.1758957
0.8919037
1.1593078
1.2563574
0.9522543
0.786294
0.7085369
1.001723
1.2522496
1.0239371
0.95542705
1.6805878
0.7077364
0.94549215
1.2053574
0.88315153
1.0726719
0.829168
0.9067129
0.9992441
0.64192176
0.9513914
0.8323682
0.8270434
0.90562296
0.9896978
0.8706722
0.8563897
1.4880259
0.9313192
0.63935816
1.0641942
1.0213258
1.3624296
0.8234571
1.0399134
1.3621075
0.92456466
1.0655863
1.0567133
0.75830585
1.5451868
1.1203141
1.0046886
1.2918686
0.70987034
0.9516494
1.0809513
0.7773025
1.1504333
1.0338573
0.77295244
1.0724202
1.2102828
0.6501468
1.240897
1.5563174
0.9750391
0.6779835
0.8189092
0.73416436
0.7830652
0.9121659
0.89808786
1.0223997
0.9545544
0.91678476
1.1261538
1.0366668
0.747364
1.4505894
