1.432025
0.91651523
0.5817762
1.0495028
0.9394075
0.6063161
0.9979698
1.1045351
1.6900632
1.5259063
1.1786492
1.3230593
1.123195
1.4045429
0.49892688
1.1376841
0.8637085
0.7979766
1.3474694
1.0121464
1.1049869
1.192076
0.73934126
0.68166304
5.3701706
0.6531651
0.818413
2.238778
1.0727971
1.0037315
0.60263014
4.457065
2.140864
1.3796856
1.4510702
0.36664075
1.404735
1.4339752
1.6158789
0.67333865
0.9577725
1.487497
1.3658433
0.89373565
0.43274975
4.828025
1.8259417
0.34202802
3.3510885
1.5738434
0.566946
1.0643016
1.8718793
1.1323192
0.9159091
1.0740707
1.6600795
1.3130041
1.5725275
1.3824347
0.31958118
1.6433334
3.1877625
1.5094855
0.84229237
1.6346614
1.0824624
1.1010935
1.3418086
0.97942424
1.596364
1.6931705
1.9531765
0.56113267
0.6410957
1.014536
1.3104699
0.8918336
1.3007643
0.5638105
1.1927983
0.90040314
0.60884196
2.180895
0.91138315
0.89294636
1.0422707
1.2587198
0.60878897
2.7284443
2.3076339
0.5978909
1.7789927
2.5631838
1.1928122
0.5782311
1.6531651
1.4176815
1.3876315
0.3955744
3.2079208
2.042027
0.98077077
0.9771323
1.4652438
1.6567903
0.8138364
1.2645509
1.6006895
0.56067115
1.019587
1.5217557
1.2736521
1.1817148
0.76863986
1.431705
1.1242665
1.4440653
1.4272981
0.5064266
0.8493312
1.4417844
1.6398654
1.3100095
0.5120836
0.9275108
1.6207042
1.4467933
0.5490302
2.987935
1.1347315
1.0830774
0.6229099
1.187106
2.5118906
1.8878828
1.0190246
1.0159345
1.5843196
1.2916412
0.78767705
1.4784608
1.1294158
1.7637846
1.7648602
1.1569638
0.4717131
1.2012858
1.5378771
0.5134401
0.9542018
4.545524
3.1649249
0.25795776
4.21416
1.9755013
1.2215987
0.9139652
1.4267777
1.4171207
1.1534967
1.1092714
0.9377557
0.61843383
0.96069455
1.0392877
1.5182896
1.0342879
0.77610445
0.87667084
1.5784829
1.6702366
0.32627138
2.707078
2.0757837
1.6354935
0.34308743
1.1264197
2.9264755
1.7167909
0.79483545
1.4004909
1.8785392
0.9725866
1.0240575
0.99560606
1.0953404
1.4054344
