2.088434
2.120527
2.159289
2.1521397
2.0178175
2.0875454
2.0155883
2.047979
2.132963
1.9196596
2.0945656
2.06142
1.9922442
1.9803548
1.914778
1.9308927
1.9863912
2.0056129
1.8532251
1.9513099
2.107092
1.9596658
2.0087714
1.9256154
1.8829904
1.9510071
1.912497
2.18467
2.135919
2.037995
2.0313745
1.9660826
2.045924
2.189715
2.160918
2.164035
1.9521915
1.9696784
1.9822912
1.8813653
1.9899585
1.9303546
1.9614891
1.9099789
1.9010137
1.7945583
2.0953019
1.995114
1.9323332
1.9697385
1.99216
1.9760245
2.05892
1.9912717
2.0260558
1.8373176
1.9102466
1.9384482
2.0436919
1.959465
1.9369674
1.9514576
1.8695464
1.7655389
1.8896241
1.9672506
1.9964836
1.8606818
2.096625
2.025662
1.9529757
1.8709432
1.767089
1.8422498
1.9708534
1.7983005
1.9137629
2.0075593
2.0573578
2.0706751
1.9839284
1.8684318
1.8647302
2.0272653
2.0162132
2.2462606
2.171133
1.9514012
1.9472337
1.746578
1.8185198
1.9823648
2.0527446
2.0295706
2.1665435
1.9099712
2.0108132
1.9744008
1.9101509
1.9116695
2.0693173
2.1876278
2.0118716
2.0559814
1.983376
1.8389773
1.9467187
1.9232635
2.0659876
1.9249659
2.0912905
2.0944333
1.9976268
2.0744107
2.2222986
2.1116884
2.0109177
2.0960994
1.9361264
2.0092628
2.279382
2.162005
2.1347733
2.0236535
1.9442149
2.031772
2.1108205
1.9681213
2.032786
1.9585935
2.027821
2.0359874
1.9772093
1.9509228
1.9528956
1.939156
1.9633038
1.828325
1.8443125
1.9603567
1.8669312
1.8707694
1.9073924
1.8361111
1.8887035
1.984822
1.8695829
1.9192066
1.8559836
1.8978379
1.8776628
1.8797733
1.9607652
1.9368854
1.9366028
1.9398389
1.9648333
1.8376263
1.906708
1.8519015
2.0105097
2.0277505
2.1595316
1.9686917
1.9582841
2.0356262
2.0195606
1.9987891
1.9890754
2.0410192
2.0691829
1.9810085
1.8459556
1.9130105
1.8568213
2.0240307
1.9541622
1.9143444
2.0422668
2.0028057
1.9666737
1.9131241
1.965135
1.979242
1.9201007
2.00485
1.9294391
1.9091653
