1.0493121
1.1624606
0.62215924
1.29638
0.7945564
1.1228771
0.61177415
1.1567403
1.3668387
0.96915174
1.0365933
1.4830616
1.1438991
0.665833
1.6849868
1.1210513
0.930094
0.76667976
1.1503507
1.2186425
1.3941679
0.69439304
0.64939183
2.519061
0.13117094
6.59491
0.72384024
0.30982614
4.9302497
0.95479786
0.81004995
0.60546684
0.99424106
1.4908695
0.85060084
1.290004
1.1403928
0.46111184
1.7157545
0.86967933
1.1168467
0.6578412
0.8818072
1.2910206
1.0282521
1.1817032
1.5613558
0.2889467
0.8909935
1.4200984
1.0110853
0.788799
1.2662058
0.8608978
0.5681886
1.0597625
1.8440651
0.71127945
0.66659456
1.5273947
1.0652915
0.29974562
1.6232338
1.5820167
0.71783566
0.47284138
1.0118041
1.0604885
1.9587277
1.2588422
0.43332392
0.6728311
2.0199218
2.2717562
0.3560297
2.2394247
2.1228313
0.975781
0.52429724
1.1904241
1.6262244
1.2924345
0.7456771
1.0622333
1.7728155
1.4394432
0.57666564
0.7910634
0.89836156
0.77084553
1.9229007
0.8836504
1.2817802
0.3377181
1.7102526
1.4030852
0.119144395
1.333817
6.4846845
2.1382344
0.82341653
2.8452597
2.4500794
0.9704708
1.058517
1.1052977
1.0022979
0.9162885
2.5396671
1.6886513
0.645619
1.0399759
2.0523715
1.7618935
0.3962947
0.6538198
1.3358529
1.4333093
1.6303494
1.1297728
0.52204734
1.1816895
1.4152942
1.3720372
1.5481892
0.8708985
1.1098219
0.7254317
1.2113993
1.9107049
1.2122526
0.5300174
0.8358393
1.3333546
1.4381571
0.82148576
1.0260155
1.4865757
1.1774423
0.66569936
1.1338263
1.3504467
1.3024123
0.62279165
0.87430626
2.1814892
2.5280714
0.5530106
0.87090784
1.7249787
1.2472745
0.87554544
1.6780473
1.20905
1.0951111
1.1801873
1.3279794
1.1365141
1.1036656
1.2663727
1.4652979
1.26778
1.1429034
1.1057509
1.3988264
1.0465358
1.2369044
1.5604994
1.0988374
1.335165
1.3466849
0.90407085
1.3077787
1.1588571
1.5079564
1.7960856
1.9053264
0.12335179
4.677977
3.5878718
1.4346497
0.5381079
1.3177884
2.0206974
1.2225533
0.8055892
0.70988
1.5529714
