1.0658367
0.75257003
0.67552227
1.09822
0.58859754
0.59065956
2.4635575
1.0396993
0.46620846
1.0380954
1.6683257
0.5467651
2.4305787
0.7887215
0.45881885
3.8146172
0.16691396
4.151657
0.6064702
0.63832283
1.2614663
1.4001944
0.8881724
0.577904
0.7948255
0.7908391
2.386936
0.6217206
0.7958752
2.1992257
1.1246903
0.30384517
4.3372154
1.0155966
0.95626545
0.6390689
1.0888307
0.87355816
0.5230731
3.158591
0.81368804
0.7259518
2.8209786
1.0234972
0.33201933
3.9112687
0.53409636
1.6876514
0.81296325
1.8926775
0.5406901
1.3562294
1.9605167
0.43689662
1.1476579
1.9304936
0.6841784
0.4544063
3.1298652
1.0943018
0.2995973
1.7397207
0.88772744
0.82745475
1.5591452
1.1268414
0.5777261
3.8529587
0.3054529
1.8525394
2.414844
0.2796855
2.6305346
1.2968813
0.39850256
3.3070877
0.7570225
1.0368218
1.5222949
1.4721413
0.63772583
1.7130289
1.3907065
0.7743157
0.92629015
1.5116053
1.080863
0.59909856
2.5152552
0.4645741
1.396208
1.964494
0.39028603
1.4959698
1.6965783
0.53901255
1.0641453
1.4026268
0.44579533
1.3078661
0.6799476
2.2723212
1.1765532
0.5501195
2.4718392
0.6988212
0.3613085
4.215582
0.3564024
2.956079
0.69270474
0.8360252
1.7578791
0.7186619
2.6934683
0.22719869
4.0385585
1.7091881
0.53924406
2.3110204
1.3387301
0.57210994
1.485045
1.877666
0.24655353
3.3522604
1.7345793
0.43376294
0.85757375
2.185785
0.7518692
0.29052734
2.3660545
1.2328849
0.64763427
1.2060376
1.2978363
0.6274509
1.9674556
0.43127447
1.7734386
0.95523584
1.0274146
1.6692141
0.819113
1.1496978
0.7227105
2.1455274
0.52701664
1.0579257
2.5393825
0.49754888
0.4733574
1.8368121
1.1851532
0.4446066
2.4846933
0.90783656
0.38504782
1.5315367
1.7236278
1.0312521
0.49636137
2.2566786
0.8980183
0.33558452
2.350253
0.3270356
2.0337718
2.0713131
0.32903725
2.7015128
1.2714583
0.56698394
1.1497973
1.3836638
0.4522751
2.9568136
0.80991983
0.605599
1.1075535
1.694438
0.47341895
0.50440806
2.1597533
1.3224037
0.3187159
1.5942191
