1.7806284
1.8955456
1.8138591
1.8608267
1.8076212
1.8539076
1.8639326
1.837653
1.8785219
1.9019576
1.8146813
1.8832872
1.9173287
1.9014723
1.9646382
1.9171636
1.7746197
1.9161563
1.9250294
1.8777885
1.8872377
1.8625541
1.8556114
1.8618162
1.8654686
1.8458747
1.7544521
1.7736518
1.9667794
1.8456552
1.8171139
1.8991125
1.8787422
1.8400037
1.7996391
1.8954291
1.9415408
1.8562413
1.8825228
1.8494046
1.9007076
1.8668189
1.8438472
1.882516
1.9045161
1.8355379
1.8900566
1.8900068
1.8658236
1.8109071
1.7893581
1.9402096
1.9505665
1.8397512
1.9039391
1.8408825
1.9316276
1.8566234
1.9076314
1.9378439
1.8080671
1.8315315
1.881074
1.9970782
1.9960036
1.8753675
1.8919761
1.852909
1.7755916
1.8427124
1.819361
1.8329592
1.8628505
1.8101639
1.9791694
1.811341
1.9123888
1.8728063
1.8123215
2.0496266
1.8595467
1.8753649
1.8188488
1.8585821
1.8232719
1.7597013
1.8532281
1.7781087
1.8252895
1.8551841
1.8327107
1.9320632
1.9017599
1.7775667
1.8792524
1.9043019
1.8339579
1.846626
1.7759709
1.8281839
1.8246868
1.8710914
1.9104866
1.9422565
1.8618858
1.8361914
1.9216465
1.919425
1.8233943
1.8548155
1.795003
1.8743184
1.8582442
1.8097582
1.8493674
1.8360248
1.9291079
1.8593733
1.7893302
1.8509474
1.8480444
1.8772928
1.883697
1.813829
1.8742646
1.9246515
1.8411703
1.8149055
1.9616699
1.8873603
1.8712742
1.8867723
1.8586159
1.8836614
1.7885201
1.853623
1.8724945
1.7945436
1.8219804
1.8542638
1.873975
1.9615736
1.9336108
1.8022493
1.8615963
1.842302
1.8421643
1.8485007
1.8790061
1.8442961
1.7801219
1.9402784
1.8029358
1.9019716
1.89289
1.8311157
1.8670591
1.9200866
1.8439834
1.8569567
1.8451912
1.8326325
1.7844357
1.8886366
1.8922687
1.8990887
1.9215344
1.896698
1.8583375
1.8448268
1.7978158
1.8547275
1.7815858
1.8772805
1.895725
2.0358598
1.8505781
1.786645
2.024758
1.9172828
1.8479542
1.8072435
1.8208401
1.9146229
1.905796
1.8633944
1.9511178
1.8114734
