0.86262965
2.1769872
1.4245461
0.49098805
1.6013248
1.3091611
0.64804554
0.5094862
0.976894
1.8599952
0.6959098
2.0230958
1.8779573
1.056006
0.6026161
2.7518244
2.0085347
0.8837513
0.9330752
1.8814809
1.6880237
0.9685545
0.9919484
1.3214238
1.073108
1.3976641
1.093525
1.1581087
1.1771986
1.423959
0.96957654
1.1506222
1.0262141
1.7159287
1.3553722
0.7143622
1.3879788
0.4583546
3.1667805
1.9929436
0.10531875
12.447725
0.51979345
3.6824317
0.11728813
11.583491
0.11840404
15.310205
0.96575814
9.235915
0.10947159
9.099464
3.3405554
0.11035855
5.1727095
2.7785707
0.78819144
1.6115887
1.6879144
1.1855066
3.147225
1.0755782
0.87427497
2.0483623
1.1583284
2.574563
0.16356993
6.703436
0.62910414
1.634901
1.5034914
1.8521581
0.6681147
1.3643473
3.7047138
0.3351449
3.8174028
1.7221632
0.522638
2.3335795
0.64973366
2.8916974
0.79548717
3.3149328
0.33429515
4.750868
0.7441342
0.5303991
3.3459964
0.9949009
0.68170804
2.519631
1.5418072
1.4589217
0.3573481
1.8798829
1.2078649
1.4013138
1.0664701
0.7859429
1.3819749
1.2002034
0.47688493
4.019086
1.2556845
0.6410484
2.183702
1.5287153
0.3094229
3.095303
2.1903496
0.29928207
2.1332438
1.0745444
0.66972506
1.6774412
1.9769814
1.3884075
0.7210865
1.8155391
1.8556416
1.4529808
0.9527085
1.2940521
0.8679495
0.98542416
1.8267101
0.6572856
1.3013
1.2218783
0.6142124
1.3932619
1.709646
0.81170106
0.80390185
1.6121306
1.5053564
1.4685199
0.8263331
0.2407589
3.6772547
2.1889784
0.15424797
4.543434
0.44116563
0.550245
4.726866
1.486481
0.45636988
1.0844269
3.811985
0.1356625
6.8104486
1.6033006
0.4882161
3.138438
2.1116896
0.36224917
2.20886
1.8669169
0.90677816
1.3538215
0.17610937
2.2514312
1.4138432
1.2840024
0.90237075
1.3074794
1.2866812
0.40263355
2.1919465
1.3513088
0.5775049
0.49980822
2.1450129
0.8675319
1.0275874
1.7714851
0.5644318
0.4726247
0.45346308
5.7227006
0.743845
0.2763272
5.0886536
1.3466316
0.42431453
5.982491
