1.2609444
1.2201184
0.83336735
1.0161235
1.4088283
0.18786879
3.8658013
0.8219051
0.7403128
1.9265665
0.5068787
3.5236278
0.54314786
0.47142735
2.6818147
1.4132876
0.8798567
0.40055722
1.2109826
1.5003227
0.5151675
1.1256254
0.84418666
0.68709636
1.2040262
0.64961725
1.1651778
0.7167648
0.5750048
1.6012751
0.33763808
2.3039238
0.59119844
0.7623875
1.3365135
0.54521513
0.7338384
1.2706189
0.5665002
0.7886943
0.4917733
1.5553917
1.4257194
0.6641561
0.5616491
1.5918169
1.116276
0.60371894
1.273507
1.3592229
1.3590142
0.75006837
1.1111255
2.7657986
0.43412095
2.776496
1.994566
0.15468943
5.6035547
0.8448175
0.52351946
1.412786
1.3740642
1.116564
0.7023164
0.612355
1.8479457
0.6444217
0.71869314
1.1964674
0.98007613
0.75266993
2.9451337
0.12435177
1.281798
3.7278097
1.1941364
1.260254
0.75570226
1.1956913
2.267623
0.9997766
0.25819466
2.2949934
1.8393501
0.26612216
2.562479
1.7552432
0.56615484
1.6702104
1.2685357
0.98486984
0.93891656
1.6884859
0.73703605
0.44576886
0.96712667
0.90675116
0.78355944
2.511806
2.0044723
0.6091207
0.6589727
0.79822755
0.31347972
1.3231336
0.8084593
1.3664327
0.9542289
0.7266942
1.829509
0.5872146
0.73703957
0.9246425
1.4957998
1.0492396
0.25448567
3.9213529
1.8706607
0.28032452
2.99011
1.4683748
1.2562234
1.1210473
0.19319347
1.2181165
3.1416545
1.4233251
0.23835714
3.4825172
0.48111463
1.3750225
0.86706984
0.912386
1.2323626
1.3480898
0.33154106
3.1348042
0.6387578
0.8701781
0.6381558
1.1317147
1.0631888
0.6099145
0.9798301
0.7275164
1.0665896
0.44738677
1.2033737
1.3693626
1.1812644
0.48090306
0.96670103
1.3802545
0.9866845
0.40453273
1.6073503
2.110464
0.28880706
0.54117996
2.2588868
0.9165791
1.7918184
0.9071406
0.5174483
2.2924125
0.5243132
0.2411168
3.161038
0.50296664
0.6942923
4.2415853
1.4946102
0.4240458
1.5060472
1.7951341
1.0885339
1.1123687
0.41551378
0.46072775
1.0141412
0.92498076
1.271494
0.5014416
1.6101922
0.8925139
1.4180042
1.0123384
