0.10609182
0.1340425
0.10879975
0.0525132
0.15035143
0.19472167
0.20838241
0.08262128
0.090060115
0.18175392
0.14383101
0.23941134
0.14002198
0.1568218
0.1875915
0.102313094
0.1325397
0.18063818
0.11004425
0.11367449
0.07009754
0.0809038
0.16518408
0.1515468
0.11841206
0.079278074
0.18432379
0.21606232
0.26850912
0.13827209
0.10849112
0.10676539
0.20182516
0.04271675
0.30743915
0.11977266
0.46798393
1.3635387
0.90326226
0.26958588
0.24895781
0.9236541
1.1582727
0.32934356
0.23913105
0.6427682
1.2183952
0.99303365
0.15610531
0.53498334
0.30045807
0.27152637
0.35374478
0.37544787
0.64538
0.38206086
0.11691584
0.3434693
0.17266992
0.25126946
0.21138057
0.1703193
0.18704137
0.20331752
0.20476316
0.15336803
0.22544387
0.18094319
0.13852532
0.487201
1.5944803
1.8997296
1.2711895
0.34228283
0.2930982
0.2818481
0.48307565
0.33952752
0.32536373
0.24457695
0.18558824
0.18057261
0.44997746
0.6033488
0.29945922
0.5233054
0.47168848
0.5085406
0.35211253
0.11214337
0.10691442
0.15946068
0.3418572
0.18355636
0.23706494
0.32547465
0.3629932
0.17650113
0.36639658
0.20290129
0.11392304
0.18966109
0.16768694
0.14961514
0.39728227
0.6400176
0.13199148
0.62396705
0.57194495
0.14341749
0.31868595
0.32957467
0.13582282
0.1732378
0.13031185
0.2690139
0.124081895
0.20485428
0.15179724
0.15533012
0.2796042
0.19960764
0.25124446
0.4725258
0.2839079
0.19898668
0.1830499
0.15747729
0.11914403
0.17047335
0.31442845
0.22974248
0.1349731
0.45491168
0.3219103
0.12729158
0.14787738
0.09745765
0.13523608
0.25227177
0.494282
0.2075196
0.07051519
0.12482454
0.2279765
0.26098064
0.053979132
0.097126044
0.2988712
0.18131456
0.26806855
0.4167213
0.12950917
0.20152435
0.20102881
0.12581429
0.110198125
0.07065908
0.11735798
0.23409377
0.24228582
0.29514086
0.25623524
0.13129666
0.15401097
0.14685115
0.12706843
0.06671519
0.39695853
0.81507164
0.12649114
0.88234663
0.34789366
0.19873574
0.3520725
0.4435891
0.09403476
0.07937373
0.67505383
0.38160747
0.24809423
0.27336058
0.35224813
0.096135706
0.22746725
0.21917577
0.3880689
0.21391928
