0.41432437
0.085919976
0.11218901
0.153162
0.13816622
0.14177947
0.19317651
0.20723352
0.18960598
0.08484417
0.24385634
0.14053477
0.13250712
0.16083322
0.09127617
0.17712627
0.11497646
0.04635688
0.10455707
0.12995207
0.12753095
0.17318282
0.0624763
0.074487045
0.06726842
0.33216694
1.1465474
1.3314202
0.4623638
0.14507838
0.15742111
0.42801306
0.9635563
1.952416
1.8274058
1.178749
0.4150162
0.2736655
0.25902915
0.43767565
0.5441255
0.5472527
0.21723253
0.32080194
0.15409678
0.2558135
0.16515014
0.56991124
0.6981195
0.21927372
0.73862505
0.38786128
0.36683756
0.41933128
0.17194116
0.77581185
0.96814144
0.50437343
0.07387053
0.14770031
0.46538913
0.3127235
0.6922465
0.13847092
0.51533884
0.15818779
0.36829764
0.34211248
0.251159
0.17283009
0.1361193
0.28307167
0.21299058
0.40506458
0.28936836
0.1624955
0.20522967
0.16833627
0.2050833
0.117436856
0.12914208
0.12342265
0.11263719
0.1302512
0.15366057
0.3291789
0.24068338
0.08822857
0.076045856
0.1559905
0.09266944
0.16183443
0.2121882
0.1521469
0.16861829
0.112339124
0.29213753
0.27780545
0.17405641
0.25420684
0.30403164
0.10733996
0.20753165
0.28210786
0.915443
0.64924026
0.17824218
1.030274
1.0694854
0.22627628
0.31153437
0.12240895
0.41713917
0.2351896
0.20694757
0.14363608
0.14655882
0.19416434
0.15255505
0.14609289
0.48814425
0.6020814
0.15690912
0.2060985
0.15144873
0.19639851
0.18891303
0.289224
0.18140545
0.1269851
0.15245028
0.2264312
0.079931244
0.12400117
0.0904215
0.26627582
0.24406812
0.16268972
0.19930425
0.21673128
0.27340552
0.1430985
0.34804752
0.57617015
0.14844613
0.2995257
0.31276435
0.121219695
0.4684618
0.25805402
0.12784564
0.12857497
0.1792059
0.24725837
0.16693833
0.2717784
0.16879904
0.20941284
0.20017621
0.21159002
0.17909749
0.18627861
0.14900757
0.13999125
0.1793203
0.14913535
0.1119891
0.48676342
0.37523437
0.3470499
0.1553196
0.68830943
0.70377076
0.12789053
0.47663704
0.32068318
0.2880395
0.5006214
0.46153206
0.0548029
0.16746198
0.34060094
0.30476522
0.118255675
0.14801879
0.23785205
0.17771438
0.08831881
0.060411356
0.2322501
0.26286638
0.066295736
0.08447964
0.32600597
0.22428983
0.22391888
0.10481092
0.30911404
0.20335832
0.47381622
0.57919794
0.19704339
0.18058385
0.15610829
0.18251383
0.20250514
0.2125146
0.16489743
0.12936255
0.17742465
0.2532541
0.08723394
0.31957304
0.24168159
0.11081235
0.2927664
0.24462667
0.13672754
0.08429999
0.13541648
0.08784018
0.070780136
0.36354086
0.8977994
0.4466586
0.20957243
0.95953774
0.658027
0.0801067
0.42956364
0.4023043
0.16776668
0.24782848
0.15935773
0.20329675
0.12095453
0.3788238
0.59746695
0.31376073
0.25262213
0.15168978
0.445572
0.8170798
0.49529064
0.08840087
0.15811928
0.3553782
0.6866345
0.098388635
0.2569627
0.13881102
0.3689765
0.09841499
0.18394324
0.16515899
0.1489507
0.32834363
0.09189586
0.29296538
0.18882218
0.17183125
0.11821256
0.0817734
0.16580686
0.1839744
0.09369512
0.26997033
0.121592626
0.17024893
0.33862376
0.06589643
0.47425947
0.16417408
0.30811372
0.1563405
0.29853615
0.16287386
0.1450947
0.10661162
0.09716217
0.26945347
0.6082081
0.18902189
0.44838607
0.27467722
0.25932753
0.13474193
0.25757867
0.07833812
0.22006026
0.119354606
0.12220468
0.24192384
0.12940204
0.38831893
0.17637226
0.21137027
0.17249522
0.1487893
0.08047009
0.29254904
0.15865049
0.25916684
0.12575841
0.3978808
0.13037756
0.37995908
0.08929406
0.18509713
0.22211647
0.19718051
0.09003038
0.272082
0.16604179
0.27118754
0.29047817
0.08067238
0.12480524
0.10702801
0.13346735
0.19190413
0.22933288
0.22904345
0.09406743
0.08382638
0.17152128
0.19795802
0.21872528
0.23126423
0.38583177
0.091383755
0.4537955
0.26883018
0.15483172
0.13678193
0.1385082
0.09340903
0.16102713
0.18892099
0.039843477
0.19948635
0.16289976
0.15743254
0.10770857
0.06361529
0.4960171
0.84779054
0.5745839
0.118327886
0.1880661
0.1051676
0.14536795
0.14316726
0.07931854
0.16219977
0.1950683
0.31631157
0.2799608
0.11477325
0.17159474
0.23107666
0.16244388
0.20637831
0.31714258
0.15066192
0.08016442
0.15223819
0.20110773
0.18956223
0.120308496
0.061321165
0.066879205
0.054814644
0.13327512
0.17578293
