0.27344006
0.34268367
0.42704618
0.6350436
0.6559844
0.36327893
0.4101727
0.20766675
0.2316766
0.32360628
0.44796476
0.31468433
0.45452058
0.33140564
0.28709215
0.2883473
0.27646244
0.2749939
0.30837443
0.4859059
0.38476595
0.23056093
0.24421556
0.33629912
0.2391778
0.45467788
0.6814527
0.41484833
0.23487903
0.78763425
0.64965796
0.26557127
0.4157351
0.23517637
0.44594485
0.58857024
0.5101709
0.37707373
0.22677761
0.46161416
0.4148568
0.3887452
0.35672194
0.34969494
0.3252251
0.23698649
0.40979198
0.28841048
0.40698683
0.48930776
0.17918123
0.4323467
0.37281525
0.19724196
0.39219517
0.34952706
0.3055993
0.2470786
0.36197087
0.47407603
0.34076524
0.2531891
0.36694434
0.578914
0.40519154
0.21985775
0.28531218
0.30651477
0.14162342
0.59226215
0.90590966
0.30052197
0.5760973
0.8970856
0.8099155
0.9064078
1.4759089
1.6434543
0.842922
0.38565654
0.6619695
0.33312297
0.67902184
1.3149835
1.2336166
0.98240864
0.5622326
0.6029539
0.45690954
0.368123
0.965631
0.77851045
0.18254913
1.2341461
1.2147844
0.961593
0.31648034
0.6073336
0.45866817
0.6772473
0.5391465
0.41882753
0.20173721
0.4270404
0.52968156
0.36360085
0.32055894
0.30600655
0.4157794
0.43014383
0.3575334
0.42018545
0.6520649
0.82863486
0.37818253
0.21798545
0.5280112
0.37860656
0.9934658
1.1322666
0.59415233
0.62781626
0.48673514
0.4037562
0.4235595
0.46796873
0.40112486
0.4819615
0.28854904
0.33738732
0.25307727
0.55625755
0.51810163
0.37470084
0.56510925
0.45862472
0.34905905
1.4637733
1.6293837
0.3482678
0.46662998
0.38038725
0.4234745
0.5004883
0.54373837
0.3735773
0.34449762
0.41488335
0.48361105
0.4121833
0.29677403
0.39305097
0.4216562
0.22121328
0.60485303
0.5051549
0.23836371
0.65054333
0.43571305
0.40419954
0.49358988
0.5229609
0.1933808
0.37530634
0.54899365
0.6972027
0.66671157
0.3755296
0.40038094
1.1060709
0.5428937
0.27968085
0.57518464
0.5355025
0.41625252
0.23743053
0.2919198
0.30068555
0.36830482
0.16452928
0.6401795
0.65283316
0.4084099
0.5072985
0.70254225
0.69950455
0.27200323
1.0442129
