1.4169774
1.3563702
1.0720168
1.6510167
1.8326744
1.0767808
1.4641693
1.312495
1.0307019
1.6309886
1.5825247
0.8714786
0.7735634
1.0483894
0.9491126
0.9228861
0.6679156
0.74781334
0.989939
0.7077065
1.0078859
1.3222382
0.8142427
1.087143
1.2029079
1.1941859
0.9956019
0.82052624
0.873873
1.048635
1.0041819
0.91916347
0.898471
1.0768144
0.9025451
1.0528362
0.9658346
0.7730443
1.1975185
1.0310562
0.9515984
1.1263494
1.1575816
0.7738923
1.1108391
0.7833587
0.8079454
0.7846625
0.91363823
1.1684567
1.0405004
1.0904522
1.1539686
1.1148344
1.5616341
1.4337622
1.0549397
1.3393972
0.8917872
1.0906221
1.2644153
0.95729434
0.90200835
1.1614363
1.1863276
1.0190208
1.1766304
0.70652544
0.73786265
0.7154466
0.9975331
1.0321233
0.887179
0.79160595
0.9044416
1.1175442
0.70268095
0.8629273
0.9926224
1.1877412
1.0381411
1.147555
0.90940154
1.3025818
2.4932556
0.8419602
1.009743
1.2046647
1.0722656
0.9547386
0.8791293
1.0300139
1.16442
1.331695
1.3361359
0.9189192
0.9378791
1.0419955
0.9290794
0.8650324
1.0533129
0.86020845
0.9688457
0.995836
0.99556804
1.0012943
0.8214183
0.70770955
1.1014467
0.87034786
0.9534962
0.8977836
0.97846997
1.2398602
1.1962636
0.98056245
0.94763386
0.7896454
0.8906049
0.863894
0.92043287
0.93227816
0.76938176
0.7692538
0.84517276
0.78555584
1.41812
1.391704
0.956522
1.0286005
0.93150973
1.2027912
1.714003
1.0958273
1.0339395
1.4356182
0.8272813
0.77021754
0.8707261
0.794012
0.6996442
0.78608525
0.83795744
0.7150317
0.63338315
0.9585755
1.0080326
0.86935794
0.9080516
0.94259715
1.1503162
0.8628106
0.9120643
1.5162607
1.6398172
0.90551615
0.6928754
1.1061071
0.8948523
1.0026743
1.01325
1.2718377
0.9906756
0.7272452
1.4104109
1.218539
0.7731508
1.0739701
1.4013953
1.0190414
0.89875823
1.1015933
0.8192462
0.98338836
0.868472
1.031047
1.3544157
1.1915095
1.0406778
1.0208819
0.9922179
0.9654504
0.8318159
1.2472298
1.0155712
0.9550375
0.92275256
0.9706415
0.751145
1.3550066
2.0170405
1.636937
1.0081487
1.678701
1.090599
1.1174865
1.0686294
0.9420306
0.9635327
1.2461737
0.7764574
1.1925277
0.9083054
1.2046905
1.1785475
0.8702555
1.0636281
0.8568047
1.2205738
1.7294078
0.79371583
1.3325346
1.1027485
1.2468066
1.1551982
0.97335684
1.0358145
0.7407303
1.041349
1.0644443
0.88263303
0.94680697
1.1093478
1.0695999
0.8308452
0.9388509
0.9414513
0.8537011
1.1912643
1.4651096
0.95236725
1.3181264
1.4866946
0.8007551
1.2576953
0.9063501
1.085734
0.97897196
1.0232414
0.6604797
0.84661496
0.840531
0.7389393
0.9583706
0.8850703
0.66779137
0.9686668
0.9532529
0.86538136
1.4421378
1.3035402
1.2216609
0.8163848
0.92581284
0.96672595
0.7879299
0.9389695
0.79700315
0.77259254
0.89254344
1.0419049
0.97208196
1.0226321
1.0497003
0.91812557
0.6999884
1.0070207
1.1805046
0.85780764
1.270305
0.90738547
0.9939586
1.1103501
0.9984154
0.98936844
0.98112535
0.97498596
0.91261315
0.8950839
0.74208707
1.0986396
1.1319333
0.7059351
1.002851
1.2252405
0.96133435
0.9395072
0.9280226
0.79574984
0.8716111
0.89177394
0.789304
1.11499
1.3420517
0.83626634
0.88566077
0.84452844
1.3756695
1.0292467
0.87550294
0.7964425
0.90511006
0.8432083
0.92417455
0.7677863
0.76154935
0.9587624
0.87289375
0.94176626
0.8382907
0.7592279
0.8683563
0.93628967
0.91798437
0.8848138
0.89229333
0.8140193
0.8648786
1.0675598
0.7358992
0.72752476
0.8069868
0.9412569
1.827365
2.0627408
1.3426436
0.9903923
0.7988355
0.77157027
0.8981536
1.0916833
1.1896603
1.2346718
1.0813785
0.8443775
0.7825079
0.7175606
0.9669589
0.76423526
0.9291477
0.62894404
0.82771
0.98445296
0.65390396
0.67189634
0.6566148
0.8331107
1.0062661
1.1619784
1.1349471
0.73542714
0.92480636
0.77899575
0.8484774
0.7055493
0.9217108
0.8692524
0.7441547
0.81611216
0.80928814
0.8130406
0.7584452
0.8395581
0.78726685
1.008995
1.5343871
1.228492
0.9909331
1.5348074
1.0361481
0.6968651
0.9162366
0.84531844
0.79340565
0.94752544
