0.6342806
1.9935462
0.4099537
1.4608977
0.8236256
1.4884295
0.82810104
1.0199924
1.0725753
0.65756726
1.3471705
0.35844252
2.7043638
0.68037957
0.551051
1.8181039
0.7651387
0.738515
1.1443884
0.75317764
0.9477863
0.6460177
1.1493726
0.48184103
1.1781964
1.0971384
1.0060434
0.60883856
1.6306795
0.627728
0.69268215
1.4913361
0.75542
1.0341268
0.95626354
0.78433144
1.2163092
0.6579667
0.82296145
1.2202346
0.45761466
1.9623907
0.65231216
0.7706887
1.0589013
0.9848666
0.5349877
1.0227926
1.1941319
0.6006605
1.0019168
0.9565489
1.2259822
0.436896
1.7749019
0.34139103
1.5951818
0.49136543
1.1407199
0.6177168
1.0158949
0.6932628
0.75815713
1.5059097
0.58888066
1.2253827
0.8067957
1.4103099
0.5676409
0.73002446
1.8629407
0.39323875
1.8616506
0.47949147
1.1072747
1.0561857
0.4596924
2.2608075
0.6911312
0.83911425
0.99107236
1.2239478
0.57212245
1.9021986
0.42440975
1.6430818
0.6894284
0.94196594
1.1761727
0.46204698
2.2745163
0.5438589
1.1473267
1.3311613
0.54974186
1.7635853
0.8286046
0.8162327
1.1857272
0.57774913
1.412444
0.72288775
1.5989319
0.49949598
1.3355987
0.75586545
1.3778737
0.65352327
0.831656
0.6416818
1.7242098
0.3429061
1.8370376
0.53848207
1.4684551
0.9568145
0.6958259
1.1712759
0.7946366
1.2550677
0.8501698
0.5439746
1.1721748
0.76988065
0.78751063
0.77120864
1.6142354
0.2367409
2.603081
0.7327795
0.4894003
1.5249599
0.73165905
0.6721417
1.7145005
0.77837265
0.94753706
0.6715513
1.2754138
0.7875704
0.58379054
1.2456203
1.027595
0.73594844
1.360594
0.47602716
1.1870002
0.9198842
0.5879822
2.143743
0.441969
1.0269263
1.1252092
0.7237182
1.1233926
0.92651
0.7265125
1.5442901
0.6212498
0.9588977
0.7878767
0.856118
1.3014903
0.53677046
1.586211
0.5858202
1.2152361
0.6008446
1.7533379
0.54117656
1.1692615
0.84259355
0.73753285
1.7471297
0.26979935
1.8787799
0.79823613
0.727
1.0551877
0.8603745
0.6688733
1.2575121
0.91952187
0.5856595
1.5132453
0.72820485
0.86314154
1.2329705
