0.09895319
0.06340188
0.32572037
0.18411437
0.60144746
0.826038
0.24583018
0.106406406
0.09952346
0.11761568
0.17417365
0.18163836
0.12753874
0.23283571
0.5390761
0.6548049
0.12230161
0.20972754
0.17879897
0.11263214
0.10910636
0.1222944
0.23968267
0.29388922
0.35185242
0.07495259
0.21826175
0.1691455
0.1567563
0.27477038
0.39012793
0.116886035
0.1539675
0.048627272
0.08141051
0.1055728
0.20743573
0.27334586
0.27047583
0.05931956
0.10097937
0.21364331
0.09661131
0.1840227
0.12717609
0.118472606
0.12202777
0.08336114
0.10910355
0.10142048
0.0965125
0.09000261
0.11218308
0.16236275
0.23279199
0.16033396
0.09681254
0.2788073
0.21856935
0.1105179
0.1735217
0.063470446
0.141123
0.05722757
0.092584856
0.047868304
0.1314244
0.15154043
0.11308871
0.10542126
0.044256903
0.122264996
0.351707
0.46142718
0.08756189
0.25144276
0.1034111
0.08243107
0.18581116
0.15459776
0.12820023
0.10241042
0.114953935
0.28019676
0.14501695
0.3161877
0.5111923
0.18135315
0.14321384
0.076766506
0.15639068
0.088797495
0.15344396
0.058082856
0.08880029
0.05697298
0.08961725
0.15927565
0.17865181
0.18307689
0.037095696
0.15823199
0.08444156
0.08918473
0.16752794
0.07347885
0.096165456
0.11864621
0.14805563
0.045142733
0.0981247
0.07875679
0.19244719
0.2870856
0.1628807
0.089358345
0.1643812
0.11064269
0.11558755
0.11366373
0.06767346
0.13997167
0.1301848
0.10118902
0.106716365
0.08630379
0.05578532
0.08954373
0.12814222
0.16294694
0.10630057
0.064797066
0.057554446
0.065857075
0.05688048
0.10244648
0.103463426
0.12258599
0.16290255
0.1088705
0.04574789
0.3740388
0.69139117
0.5259556
0.12085362
0.27333376
0.08474388
0.15740998
0.11095618
0.13004795
0.10571378
0.0721331
0.121917345
0.07259978
0.13182698
0.16155712
0.14151019
0.051331386
0.06659886
0.16134045
0.16676338
0.254103
0.1637751
0.4306534
0.54267126
0.10345627
0.11522777
0.11166015
0.17353073
0.09086451
0.14746213
0.027077729
0.10063876
0.12066656
0.15830275
0.07589272
0.12235054
0.035165265
0.12469973
0.11876864
0.27670777
0.19757846
0.28862002
0.14826468
0.109538205
0.09007729
0.14524445
0.07887755
