0.04904389
0.0826281
0.25287497
0.38290057
0.15269834
0.08788016
0.046214256
0.100679204
0.088140324
0.13513745
0.13437039
0.045324564
0.043864127
0.026532639
0.20346722
0.08143824
0.1596075
0.11619258
0.087731265
0.0956136
0.028435774
0.12449978
0.5373488
1.8008082
0.56535596
0.10573736
0.12601283
0.16694395
0.039366208
0.10090737
0.07740032
0.18129979
0.040622454
0.32332405
0.22621968
0.056172546
0.13781133
0.028244022
0.12220673
0.07701513
0.29823303
0.14424688
0.05898788
0.10025992
0.092822686
0.3947119
0.42003858
0.041418597
0.07322065
0.35257435
0.10109597
0.19296093
0.117978916
0.29631925
0.019867621
0.02844945
0.3490852
0.19478567
0.09045044
0.07717041
0.08789277
0.15395325
0.044460222
0.12778173
0.06265069
0.07892314
0.2963165
0.04747173
0.13529582
0.035433587
0.30475444
0.29083455
0.076287314
0.1069842
0.14869955
0.029686311
0.111816
0.14550625
0.2623501
0.042470824
0.12336703
0.04811185
0.09359031
0.059722587
0.1514362
0.021589436
0.07238352
0.07758941
0.13357493
0.1488831
0.114916265
0.10330744
0.12317209
0.085424095
0.14505056
0.09485986
0.115226954
0.2448079
0.72596127
0.45687282
0.040015746
0.06631094
0.02923582
0.033877436
0.1006558
0.21060893
0.07132517
0.06639915
0.08754587
0.15402827
0.09514411
0.03389187
0.031720653
0.09079661
0.117991984
0.07125299
0.038077276
0.11228691
0.10382208
0.13710691
0.2169049
0.034225047
0.07529873
0.04334609
0.23388392
0.06697032
0.065476194
0.045658227
0.04000656
0.12809464
0.032883577
0.14158516
0.12220105
0.04377605
0.07346104
0.14801167
0.03999389
0.04357979
0.32516238
0.08527702
0.12015606
0.066456854
0.13410328
0.14393952
0.08223811
0.05822227
0.032043096
0.04586514
0.05187548
0.08358728
0.055556536
0.07280063
0.055810194
0.082344726
0.09340464
0.09631196
0.08597089
0.06520496
0.032926552
0.0506863
0.1171021
0.029435977
0.014436175
0.07815139
0.03894076
0.106814325
0.049071074
0.14144756
0.03184284
0.12723647
0.0573284
0.06310049
0.056181952
0.09239172
0.014484106
0.07957504
0.14809388
0.08912864
0.079736054
0.13689223
0.09982128
0.07839069
0.10110598
0.059767935
0.05294985
0.029869039
0.05356543
0.06368642
