0.7249564
1.4002805
2.085811
0.88905156
1.0244683
1.01988
1.4673741
1.315836
2.3688102
1.1487857
0.93000877
0.9662231
1.4675332
1.2948508
1.3751947
1.401907
1.6760261
0.9797858
1.0870717
1.6900538
1.1729016
1.0445311
1.3123528
1.0494592
0.8382107
1.6380892
1.3445454
1.0590236
0.46290684
2.1941283
2.0140285
1.6823022
0.60163057
0.53568554
1.7819142
1.8886007
1.0402832
1.1358498
1.1501434
1.3852924
0.80384725
1.437825
0.93920785
0.55145097
1.108559
1.3637974
0.70193833
1.2702048
1.6223235
1.1066427
1.1421101
0.50765455
1.5944747
1.1732775
0.87293303
1.9285386
1.8833296
0.6049345
2.1271408
2.4061718
1.4383539
1.0107656
1.6247501
2.1951208
1.054831
0.9146234
1.8063731
0.48083898
1.6180723
1.533303
1.6617874
1.6627353
1.0863798
1.5749371
0.8037
1.0676007
1.0666
2.0032916
1.3933809
1.3389621
1.691527
0.8815025
1.216809
1.3589792
1.3665746
1.4999325
0.73539853
0.49142203
1.84196
1.0503479
0.74210954
1.416153
1.8162878
1.9468042
0.7237893
0.948887
1.3953809
1.4032053
0.84509826
0.7872794
1.8359463
2.2523599
1.5808706
1.0572789
0.6717358
0.8541798
1.3392363
0.97645915
1.227014
2.8190277
1.2635913
0.5409752
2.5584023
1.7296644
1.4737048
0.7635347
1.6216154
2.3585262
1.8765187
0.8833718
0.36393988
2.7524545
2.183207
0.11093209
12.560104
0.3568491
2.9201076
4.013179
0.31080547
6.3885098
4.1813335
1.4338909
1.1487347
1.4210773
2.1936367
1.4357893
1.2634807
0.60097337
1.4485222
1.3102665
0.42011738
2.1214855
1.9980526
0.37271506
1.987577
1.7722149
2.5385504
0.85438246
1.1728232
1.3961306
1.9554274
1.0826085
0.6525931
2.9253187
0.3954627
2.7562869
2.0599265
2.273859
0.776546
1.2450283
2.0299907
0.7780859
1.0617111
2.3078637
1.9893202
1.0685282
0.6621274
1.1656475
1.938452
1.5926957
0.95821077
0.6400852
1.0611186
1.3729148
2.099689
1.9130661
1.2843549
1.3877875
1.1134542
3.3812413
2.0352468
1.7141669
1.7596853
0.37025008
0.88231826
2.9442942
2.8417177
1.6571515
