3.0109785
1.5741159
0.7202282
0.64351207
0.66793823
1.001973
1.0082543
1.1535971
0.57577115
1.2791709
1.7992272
0.7324538
0.5020954
1.4182407
0.9726666
0.57961226
0.5784033
1.6860524
1.8351259
1.1527297
0.28465855
1.0008073
0.9875212
0.72669363
1.4541719
0.883693
0.5844692
1.217756
1.9092823
0.12970191
1.6137878
1.4748878
0.2659346
2.634758
1.0207746
0.7844805
0.61352086
0.74180853
1.5246577
1.2799201
1.969385
0.29644287
0.6336539
0.7451007
2.0962605
0.40878075
0.84033775
0.8488315
0.207989
0.71601534
3.2458358
1.9527979
2.6577425
0.15805449
0.9677024
1.6030779
0.95544964
0.5474641
1.1631706
0.8316395
0.4598878
1.241289
1.2452934
1.2352065
0.6419172
4.407085
1.5413172
1.3029985
1.7476366
1.0831864
0.83849514
0.58703053
1.8210313
1.3268845
1.0551596
0.53042185
0.91383755
0.68166137
1.0840746
0.8118641
0.73192257
0.54340255
2.786607
1.656203
0.879032
0.83660614
0.91677153
2.5575743
2.745029
0.8250551
0.5607603
1.8310351
0.5926089
0.86941934
0.38651994
1.3520693
1.2726096
0.86355156
0.44230866
1.4002836
1.2084992
0.97088647
1.1054388
1.1706504
0.13524777
7.012065
0.44571778
1.282486
1.2329073
1.5896547
0.7305038
0.2893143
1.1916373
1.7966677
0.2751717
1.8730087
0.81851286
0.985364
0.58440274
0.2677632
6.2313476
2.0767412
1.5243535
0.6349268
1.6780913
0.70068777
0.5880834
2.0939362
0.620833
0.63776124
1.1464934
0.5627743
0.78666276
0.69552934
1.2331703
0.27564856
0.77048016
1.1624898
1.184063
0.7149877
0.53792596
0.92808086
0.8959414
0.61547804
0.9240166
0.9426223
0.4639337
0.6941007
1.177017
0.37891513
2.8595595
0.4813288
0.7001455
0.5173764
2.1413739
1.5665237
0.66145194
0.564813
1.632766
0.40458864
0.5063947
0.8749841
1.0267527
0.74275756
0.2894566
4.911299
2.1021385
0.90385854
0.9629909
1.1400896
1.0812881
0.8684557
0.8015655
0.6845582
0.6309191
1.1974508
1.3406627
0.43221825
1.9649472
1.1243211
1.14065
0.947185
0.6120905
1.4483718
1.0615844
0.4789854
1.2402327
1.2773495
0.75448644
1.0937598
1.2433987
1.8351336
1.4257879
0.89129245
0.50846744
0.36947787
1.3756177
1.6223845
1.271431
0.8004064
0.5264143
1.5142658
1.1109617
0.64859116
0.5147929
1.0946232
2.2772036
0.7650048
0.59261477
1.1865711
1.1238132
1.0672346
1.3296285
0.7799075
0.43024093
2.3461862
0.19309086
5.039759
2.0239608
0.30651182
0.91458607
5.6822557
0.88228506
0.3383245
2.0174303
1.5374106
1.5515532
0.49697495
3.8088083
2.0064902
0.41926417
0.8030282
1.8384254
0.7520266
0.5259602
0.5307859
2.0280132
1.4617326
0.17778164
0.3180588
1.1140743
1.8435544
0.585677
0.381537
4.0911903
1.4718789
0.5595201
1.0397922
2.3141422
1.5298073
0.93365264
1.2247689
0.9011446
1.0237678
0.66993105
0.5072254
0.99951065
0.38719624
0.6658015
0.9592054
1.73965
0.24248177
1.7311087
1.2553489
0.84179556
0.33324167
0.673534
0.9811483
1.7110474
1.9397612
0.36342353
2.2781508
1.8779892
1.2667692
0.7621068
0.4714003
1.5246027
1.1925967
0.7481032
0.6858906
0.7342797
1.4672096
0.8415555
0.57344663
0.59776306
0.39698562
1.2401527
0.60984516
1.0318033
1.4378152
0.6665822
0.81733227
0.7047215
0.2225191
2.084206
1.4466684
1.1621246
0.7452226
0.7371415
0.8181204
1.496916
0.26061848
0.592983
0.89646447
1.3986366
1.347574
0.4007505
0.74259937
1.0535283
1.2000875
0.25149617
1.059185
1.0118139
0.49728248
1.0426816
1.0117152
0.7748171
0.80061316
1.3542875
1.4615452
0.61483884
0.41288313
0.9933601
1.6330135
1.2209246
0.35002762
0.7416222
7.2244463
0.30479503
0.27766037
1.230909
0.8346627
1.557548
0.2848072
0.45356673
0.9516634
0.3869658
1.005667
1.1491771
0.45263943
0.52458596
0.48322666
0.6544469
0.77957064
0.50862414
0.5604444
1.2509341
1.0238454
1.368676
0.5008607
0.39672554
0.65802073
1.2941443
0.49056828
0.8251847
0.9561204
0.35439658
0.71894646
1.6892145
1.1452231
0.71193624
0.5742341
2.8424082
1.8093826
0.24842912
5.8258286
2.9120524
0.84110856
0.6125133
1.2672614
1.3013184
1.2410448
0.81018394
1.4616041
1.4133415
