0.1051298
0.12096922
0.10364539
0.106548876
0.12333499
0.21726638
0.17120679
0.107536465
0.120314814
0.04541397
0.12933175
0.10560045
0.2005769
0.160088
0.09447418
0.057054624
0.26109195
0.40603027
0.096071005
0.27249467
0.066742085
0.29108337
0.20692289
0.15465926
0.4717648
0.75822884
0.43658477
0.14629398
0.16633552
0.22663063
0.11001067
0.17161903
0.16544497
0.16375436
0.1254879
0.25998396
0.1891687
0.16506496
0.08998623
0.1237707
0.25744393
0.46251798
0.18750313
0.057574816
0.14716154
0.23772016
0.12951458
0.29890287
0.17576452
0.18571821
0.04003364
0.043322254
0.33768013
0.46198276
0.14097223
0.13288777
0.13439791
0.14970462
0.23873298
0.3079297
0.101215355
0.16506034
0.14626002
0.16253096
0.11299816
0.1311087
0.116239056
0.08755356
0.13626072
0.071117744
0.08607391
0.15644552
0.2836655
0.15342614
0.18036157
0.093515955
0.14753921
0.0696229
0.30104777
0.23352134
0.09346516
0.12642452
0.14007099
0.070009165
0.06527893
0.10176341
0.12898396
0.08450529
0.48094293
0.5915449
0.4593479
0.09130858
0.32672012
0.23369877
0.059710346
0.09035713
0.25089577
0.13690524
0.075317875
0.052218527
0.13148685
0.11300514
0.08185576
0.13944493
0.06725559
0.06946659
0.04806765
0.149468
0.07269971
0.09197625
0.09262942
0.14245597
0.10544753
0.10669285
0.120417476
0.072929576
0.058685362
0.06313405
0.040796686
0.081711814
0.17454132
0.13522923
0.069988176
0.050754797
0.0709552
0.064790964
0.124991596
0.09002305
0.1504825
0.13969909
0.096733645
0.1461459
0.11187081
0.15190758
0.045935657
0.066669725
0.11123064
0.04319936
0.17167386
0.07042876
0.1764645
0.23050193
0.116800696
0.050817996
0.17421457
0.09190304
0.07993536
0.05031712
0.06308142
0.07246912
0.071856454
0.19495861
0.16275829
0.065690175
0.1389058
0.06731316
0.10890863
0.077274196
0.065111525
0.034171995
0.10468508
0.08301358
0.12547752
0.089574724
0.15382177
0.07071976
0.06128038
0.13860963
0.071786016
0.12712446
0.0812055
0.063278385
0.050818264
0.07397763
0.063342474
0.10796538
0.1299855
0.10688709
0.052155375
0.042797953
0.08274382
0.07246335
0.05645381
0.053273395
0.10689819
0.2223818
0.3064096
0.081839964
