1.3425407
1.0785341
1.0644443
0.9176729
1.0473017
1.2488239
1.3044226
0.8539742
0.85571027
1.2640147
0.86243474
0.8471
0.9857789
1.1984062
1.1830364
1.2133253
1.1828377
1.0673462
0.83526397
0.8421799
0.9347868
0.9488845
1.2772589
0.93126905
1.0491432
0.8802327
0.85452896
1.0313861
1.0890546
1.0246214
1.0867989
1.2780951
1.0306966
0.7824296
0.8888619
0.9132338
0.9346866
0.901963
1.0559864
1.0632708
0.966113
1.096625
0.85845494
1.0927083
1.2234843
1.3250915
1.03104
1.010395
1.1052719
1.0625525
1.0316548
0.85439986
1.029161
1.0004845
0.9309237
0.9140103
1.0972532
0.92580104
1.0743461
1.3307045
1.2568425
1.1105978
0.98118806
1.0269029
1.4330819
1.3714374
1.0975647
1.1238358
1.1253052
0.8034875
1.152075
1.3871747
1.2284073
1.1758847
1.097842
1.2163961
1.3418945
1.0254209
1.0567291
1.1768221
0.9840892
1.0263958
1.1771649
1.0070294
0.9348476
1.024963
0.88087994
1.103199
0.99336576
1.038099
1.0884322
1.1068944
1.3373225
1.1947238
1.1136596
1.160534
1.2368213
1.0182078
0.8826026
1.347246
1.4599836
1.0131145
1.144742
0.9728707
0.8370541
1.1826031
1.2450945
1.1725831
1.0469168
0.88325346
1.0018297
0.94260836
1.1669948
1.1881956
0.8406843
1.0702624
1.0441405
0.6922402
0.8524974
0.8931386
0.99477255
0.7764361
1.0689867
1.244709
1.1120615
0.85687065
0.95704377
1.0026541
1.0384886
1.0614535
0.9024068
0.9389799
0.9020299
0.72572196
0.74612564
0.9940609
1.16682
1.4456007
1.6153158
1.2669191
0.9801935
0.8634505
0.85257196
0.8972554
1.112388
1.0487328
0.9103573
1.128412
0.91142297
0.67172045
1.1190989
0.92061144
0.9354492
0.8383136
1.1254678
0.94008386
0.9017333
0.9484929
0.69133145
1.108722
1.0511628
1.0108104
0.99261475
0.9651681
0.92251205
0.7772581
0.9524815
0.8891864
0.87323165
1.069062
0.97345996
1.0976623
1.4288838
0.8900952
1.0233741
0.82734144
0.9826954
1.0333766
0.80169237
1.1146693
1.0695376
1.0409446
1.2607785
1.1261817
0.99008256
1.0308892
0.858339
1.0588961
