1.1894542
0.66438025
1.4768565
0.7505846
0.7776319
1.3584635
0.7091333
0.8352453
1.1362569
0.73278105
1.257583
0.51530755
1.9290104
0.61295915
1.0490751
0.9681138
0.89692754
1.1339748
0.74345434
1.2220433
0.64197147
1.2274896
0.85611606
1.2577599
0.5160686
1.88497
0.6675563
1.1370074
1.0017862
0.84265643
0.6004224
2.0503082
0.46159148
1.3552705
0.88742733
0.7218572
1.1149778
0.7734492
0.8693844
1.0667136
0.6329634
1.4937224
0.48654008
2.0044036
0.46595466
1.2285285
0.58535177
1.0930092
1.1457576
0.7138264
1.6386766
0.5807282
1.3775244
0.784837
1.0836895
0.80112606
1.3180239
0.8476391
0.8189843
1.133396
0.9804154
0.6776829
2.249409
0.4607847
1.3301547
0.6377762
0.90501565
1.3864236
0.64306915
1.0619729
1.0528631
0.95894444
1.0044721
0.6122184
1.3195193
0.56203043
1.2014971
0.9221144
0.8650934
1.5077062
0.46776408
1.8191458
0.57427835
1.1011269
1.0912268
0.8003497
0.69149554
1.7779806
0.54703546
1.3737589
0.9723152
1.4254435
0.5886333
1.6326069
0.4940597
2.0430431
0.4904343
1.3518608
0.9552698
0.5604151
1.0741255
1.1134641
0.759605
1.2314856
0.6273868
1.1934506
1.0456222
0.65257704
1.3143439
0.5095737
1.6352931
0.49416432
1.2620081
0.6927717
1.552804
0.54643106
1.0551262
1.2802863
0.6395588
1.7175734
0.6912123
0.82784784
1.1882267
0.6095575
1.5515292
0.58641475
1.3013296
0.6975387
0.7537177
1.5382836
0.4879984
1.0081341
1.0127803
0.6344768
1.6444197
0.6715841
1.0054603
0.81908965
1.1119488
1.1884218
0.5463082
1.6003058
0.51276565
1.1898785
0.93746597
0.6530241
1.6352623
0.5229795
1.5029438
0.76633155
0.6614657
2.1200027
0.573936
1.0811329
1.3347988
0.80617785
0.77926505
1.0686111
0.70222485
0.93692005
0.99526095
0.75818527
1.5678465
0.66585433
1.5521147
0.7646761
0.77795327
0.87759817
0.88655853
1.0496974
0.9246843
0.7282599
1.3663318
0.36737126
1.7678396
0.6123348
0.95001465
1.7123682
0.56899536
0.9125315
1.109044
0.83727455
0.8777671
0.7901467
1.1302861
0.83157647
0.7816783
2.1208718
