1.7602723
1.8507392
1.8795257
1.864845
1.7736785
1.8379308
1.8867036
1.8846796
1.7690117
1.8297571
1.8503667
1.846365
1.946988
1.7042735
1.835141
1.7974656
1.8425817
1.7977269
1.8425181
1.8004586
1.9175123
1.9142064
2.007457
1.8165033
1.9350177
1.8678973
1.8247467
1.9354439
1.9848123
1.9330595
1.9655253
1.8587167
2.010764
1.9801404
1.8488168
1.910689
1.8112824
1.8749274
1.8330014
1.9883676
1.8796941
1.9203343
1.785891
1.8903029
1.7840848
1.8811827
2.0090368
1.8935676
1.8858969
1.7559073
1.8533216
1.8323
1.8795991
1.8953965
1.9145722
1.922535
1.8709089
1.8068072
1.7998605
1.887344
1.794535
1.818519
1.9729354
1.8711488
2.0419166
1.7997048
1.8172781
1.9045106
1.8286123
1.9019487
1.8384665
1.7944628
1.8373425
1.9720223
1.9017353
1.8346486
1.8587953
2.012354
1.8767657
2.060807
1.822745
1.9643984
1.9265602
1.918593
1.8729687
1.9120343
1.8805461
1.7708907
1.8436191
1.8397161
1.9094574
1.9434522
1.8413776
1.9077728
1.8225629
2.0757008
2.0601764
1.9151564
1.8499746
1.8870785
1.8597771
1.9460807
1.9144719
1.9296702
1.8197966
1.8365042
1.9827282
1.9200399
1.9858365
1.8684151
1.9602035
1.9439276
1.9795969
1.91741
1.9192808
1.830235
1.9016474
1.7699938
1.9522624
1.9051296
1.9035447
1.9041581
1.9127072
1.9747987
1.9505335
1.9764037
1.8460264
1.8525532
1.9402859
1.8361509
1.8604212
1.9284499
1.8548253
1.9331229
1.9410758
1.9497137
1.9469973
1.9095125
1.8785964
1.8989217
1.9120458
1.9332888
2.0465956
1.9478126
2.0253205
1.9121513
1.9312378
2.0055892
1.9278078
1.8843611
1.8785201
1.8723538
1.7905478
1.9078059
1.9054487
1.8714657
1.8698573
1.8396257
1.8869282
1.9030547
1.8803854
1.9503548
1.8323544
1.9335839
1.8470426
1.899054
1.9095373
1.8975191
2.0028174
1.9501688
1.7375622
1.9241108
1.8333532
1.9009235
1.90278
1.968126
2.0316412
1.8585083
1.8859941
1.9049265
1.999222
1.9636488
1.8956721
2.0017166
1.7979136
1.9076235
1.89108
1.9167181
