2.1439917
0.6765568
1.0323459
0.81672496
0.96427506
0.7599153
0.98106956
1.1384137
0.45966452
1.678886
0.7271011
1.0850282
0.63880986
0.8960218
1.062276
0.8466096
0.99902517
0.94003004
0.8700126
1.3820641
0.4015258
1.7931311
0.42655244
1.0480827
0.7846571
0.8808782
0.9389085
0.67742056
1.3005688
0.7699844
0.56636596
1.8876846
0.4846001
1.0585423
0.44727737
1.3148057
1.208018
0.30795085
1.8413949
0.55737853
0.71223944
1.7405543
0.5983534
0.8406528
0.7613495
0.7270474
1.154189
0.56223077
1.2929621
1.1063803
0.4987216
1.2377471
0.47557557
1.6831315
0.7695422
0.5841467
1.0931306
1.0350132
0.7231953
1.0010266
0.81848335
0.6893149
0.9187957
0.99992806
0.57777345
1.2072583
0.8783037
0.6076832
0.9443499
0.8832164
0.6874765
1.7570105
0.35606948
1.4119543
0.45903832
1.6521087
0.6740142
0.9330504
0.8273175
1.0014284
0.9937329
0.7623062
1.0018187
0.78823435
1.063061
0.67208064
1.3548796
0.49249056
1.8526834
0.5071424
0.6616162
1.3554778
0.5489849
0.83386344
1.2045381
0.8224654
0.51351225
1.1584483
1.3637345
0.41196576
1.1350138
1.0649483
0.52435654
1.3555415
0.8211998
0.73507035
1.2290041
0.72628236
0.9446089
0.788497
1.1684113
0.6360213
0.7342159
0.93606275
0.8411974
0.9039593
0.92497057
1.5476992
0.45964321
1.4872962
0.84121054
1.4778782
0.42297852
1.4186051
0.524614
1.3412029
0.5778015
1.2032355
0.527532
1.321809
0.9411254
0.57430947
1.6051579
0.8492804
0.74196637
1.302238
0.40315896
2.2631497
0.51053184
1.008784
0.88559234
0.7955509
1.1322029
0.4807145
1.4160185
0.5002563
0.90444386
1.1507015
0.5282434
1.6282358
0.5880493
1.2124227
0.52979684
1.4355888
0.535117
1.2128286
1.1565168
0.54702485
1.077298
0.8607111
0.86223406
1.1220322
0.70327455
0.92784244
0.99709386
1.1387734
0.58359814
0.76405895
1.0905026
0.7564337
1.6652992
0.53075707
1.3583513
0.5524311
1.4542353
0.7976353
0.77928567
0.9645896
0.68335307
1.4628462
0.48739582
1.2358139
0.95204127
1.151782
0.33503592
2.1074054
0.7292426
0.3877529
