1.9912493
2.0422704
1.928124
1.9676244
1.9633565
2.0194845
2.019345
1.9448829
1.9133416
1.8661861
1.9700456
2.0306895
1.991265
1.9325578
2.0326214
2.0247605
1.983639
2.001439
1.9836104
1.9022125
1.9652889
1.8868068
1.9153497
1.8927059
1.9616244
1.9907601
2.0461981
1.9839588
1.9187791
1.8744339
1.9086995
2.0104213
2.0157502
1.9978207
1.9734797
2.0177445
2.0016136
2.0143454
2.0070577
1.9658442
1.9041822
1.897829
1.9259781
1.9080281
1.9538858
1.9065725
1.8869696
1.8964982
1.908997
1.9606783
1.9265512
1.9578819
1.9652009
1.8869796
1.9404174
2.029872
1.9497902
2.1042287
2.0210903
1.9780507
1.9328986
1.9806665
1.9567237
2.0691683
1.9737213
1.9843786
1.9930758
1.9527991
2.0070643
2.0430317
1.9622085
1.9621785
1.954808
1.8996041
1.93568
1.9701779
1.9437438
2.0189905
1.9160173
1.8836653
1.8886068
1.938825
1.9852966
1.967327
1.9886827
2.0278256
1.9495417
1.9935672
1.9719987
1.9645903
1.96896
1.9412925
1.9424324
1.9609218
1.934653
2.0132756
1.9594048
1.9396747
1.896187
1.9076935
1.8511101
1.9630613
2.0186124
1.9310362
1.924799
1.947127
1.9877267
1.9717147
1.9716275
1.9573823
1.9594321
1.9206183
1.9745611
1.9508809
1.9839761
1.8922769
1.9524281
1.9431897
1.9375613
1.9787874
1.9860364
1.9586779
2.0137937
2.0459094
2.0186365
2.0050676
1.9717519
2.0158079
2.0098686
1.984017
1.9980155
2.0481498
2.0881588
1.9771731
2.0121806
2.1204717
2.0578132
2.0480804
1.9395148
1.9590054
1.9958107
2.0133448
2.0644317
1.961561
2.021551
2.0204542
1.9629093
1.9479135
1.9513546
1.9523723
1.8752944
1.9688323
1.9451491
1.9412637
1.9062963
1.9991966
1.9825764
1.9080245
1.9917526
1.9518318
1.9441754
1.9237956
1.9252756
1.9107008
1.9255073
1.9404168
1.8841817
1.94662
2.0015385
1.9772248
2.003633
1.9578876
1.9822199
1.9462156
1.9832156
1.9303493
1.9697077
1.9532539
1.9523546
1.9483753
1.9368801
1.9233981
1.9448086
1.9892734
1.929434
1.9846574
1.9433002
2.017835
