0.14325789
0.10672673
0.110015385
0.04517541
0.047615983
0.12365885
0.10460518
0.107619785
0.08712136
0.12778455
0.30775648
0.08637228
0.10129907
0.18710965
0.11541945
0.21548077
0.12256007
0.041061446
0.13868959
0.074414656
0.13546959
0.12119874
0.039965533
0.07047889
0.044014096
0.051490888
0.10479195
0.17431074
0.051234398
0.03779531
0.13680464
0.07092543
0.14080529
0.07301912
0.041319817
0.08635448
0.043713078
0.10075459
0.03643798
0.04569132
0.4316539
1.3095759
3.2793026
9.01658
1.8222715
8.998807
6.917368
11.162048
1.5859668
7.1873446
8.188574
3.2525737
3.3423069
3.3869522
1.6679722
1.5292552
0.860036
0.58021283
0.45757145
0.788798
0.9825141
0.9360751
0.9296446
0.7730237
0.606683
0.8516909
0.88201696
0.53557634
0.31825793
0.3501523
0.4596475
1.2927163
1.3748101
0.3471405
1.0351295
1.0548879
0.33476526
0.3302828
0.51251304
0.419087
0.5292532
0.5001282
0.18147987
0.41446948
0.28642112
0.37668553
0.30932975
0.19631475
0.40692848
0.416905
0.124441616
0.21765092
0.49480236
0.8391208
0.6818101
0.26123345
0.61851853
0.11129147
0.53738797
0.7699307
0.7784835
0.18314812
0.86948097
0.70447975
0.14399743
0.16845676
0.32203454
0.22700146
0.26256737
0.23373805
0.5972575
0.56143284
0.20906138
0.37322444
0.09618314
0.42034456
0.18575963
0.50193274
0.602871
0.18702146
0.5472609
0.49232063
0.30679855
0.104633585
0.11711979
0.4503584
0.34762913
0.1674857
0.19884571
0.08781348
0.15296084
0.47053435
0.3617948
0.16984186
0.32077545
0.12535648
0.23671994
0.26928484
0.25946608
0.09061813
0.3101005
0.17399701
0.217981
0.21054868
0.10582344
0.16388147
0.060548
0.28073424
0.49503502
0.27307087
0.3472012
0.45646456
0.16049209
0.15832539
0.19919571
0.3418995
0.23999923
0.2125714
0.23060079
0.18432948
0.018087082
0.3867522
0.1491641
0.39574692
0.062798195
0.37401623
0.19885333
0.12352291
0.11210075
0.1742877
0.06238081
0.07387269
0.13259453
0.09698456
0.14307238
0.087672986
0.061005652
0.14003368
0.17966281
0.22633457
0.100169204
0.11496415
0.37782115
0.8842471
0.37171698
0.33039165
0.15631826
0.2651468
0.057761427
1.1847714
0.3942875
0.53577936
0.10380657
0.93266433
0.7870187
0.13649172
0.06347324
0.22950329
0.28535917
0.1386568
0.25287956
0.2893638
0.16180322
0.15681674
0.11623742
0.13275914
0.4375347
0.1788321
0.14445987
0.18013015
0.13649265
0.19699949
0.10745501
0.27982712
0.24986371
0.12033085
0.24632178
0.1015325
0.122857995
0.10177804
0.15888008
0.15684202
0.15581866
0.35639077
0.14311178
0.10064197
0.08767344
0.42479315
0.36265874
0.07951133
0.25112814
0.10558719
0.15724237
0.29783317
0.40946367
0.06414705
0.2399672
0.12936819
0.1921297
0.05895313
0.06717318
0.16763937
0.084155396
0.11746663
0.039306764
0.12998545
0.083930284
0.116353236
0.1271426
0.05544701
0.056772158
0.14016415
0.29655293
0.10513094
0.24894357
0.08336063
0.3112679
0.1658887
0.13350478
0.1826943
0.12213471
0.20632315
0.08273415
0.13583554
0.09719268
0.13353528
0.08289136
0.10044643
0.09337832
0.13499038
0.11471723
0.09438336
0.11299335
0.090777084
0.118828684
0.13162012
0.15133862
0.05182438
0.1274003
0.08121567
0.10440131
0.11966309
0.16443849
0.079461835
0.14392588
0.07791585
0.23310687
0.7493793
1.1265951
0.3356672
0.089602575
0.2680215
0.28778368
0.2053062
0.13707964
0.15044254
0.09640941
0.06784235
0.07974153
0.10956459
0.16653596
0.23583306
0.13669199
0.14776279
0.07217125
0.05966074
0.064430356
0.29640377
0.20379284
0.11874974
0.08265686
0.07277864
0.11546663
0.13048413
0.13601278
0.16139783
0.13135748
0.05189121
0.07460651
0.07232864
0.05155564
0.22846264
0.78111607
0.7207649
0.1435062
0.20977864
0.08131277
0.109588794
0.15168169
0.28102747
0.033884447
0.32273248
0.13455746
0.39367124
0.19880772
0.10979623
0.13367012
0.11577798
0.07544777
0.10442004
0.06981652
0.08787423
0.108836435
0.113391444
0.06853075
0.14664796
0.18908519
0.12248151
0.15205528
0.14262557
0.09276925
0.10138613
0.088050716
0.07773326
0.14757746
0.13639075
0.08706598
0.05860927
0.113033235
0.06552417
0.046549592
0.12339955
0.10923441
0.08635662
0.059634775
0.066501126
0.094077826
0.14821805
0.082187094
0.100003555
0.05064094
0.15499373
0.18996471
0.027997592
0.05130188
