0.15179083
0.17633457
0.22292443
0.3197142
0.32870087
0.34443426
0.25217685
0.1193683
0.17335646
0.16254118
0.19383833
0.14126395
0.27263182
0.2928191
0.2861946
0.1748555
0.22645034
0.21919721
0.18598336
0.17445894
0.19783248
0.15306333
0.19771841
0.21501395
0.3978021
0.2462194
0.1332145
0.10034271
0.16130948
0.3568805
0.1225255
0.17542124
0.3986721
0.24960369
0.13393044
0.17424089
0.16659789
0.086567014
0.22249892
0.1783911
0.15575302
0.13806978
0.47811007
0.34901607
0.13863224
0.2516134
0.32216626
0.18396874
0.4258186
0.38754192
0.20136295
0.18921533
0.17223296
0.17708713
0.25417578
0.17446917
0.22371301
0.13134003
0.22709955
0.1747725
0.44249454
1.3995981
1.8024852
0.91904616
0.4730689
0.32805344
0.38279223
0.6897309
0.9200484
0.20812795
0.5274882
0.62467664
0.47809124
0.23211361
0.40988088
0.42847106
0.30873552
0.38871762
0.43493682
0.25160396
0.23182458
0.26314798
0.21513584
0.41460377
0.23208967
0.2508977
0.13378142
0.32279354
0.5411406
0.1744179
0.14663616
0.42969188
0.9201127
0.42784536
0.16525415
0.2864208
0.21610162
0.22401744
0.24359652
0.114743516
0.17875338
0.22354415
0.2571231
0.32119504
0.40843615
0.21132047
0.3972457
0.20208049
0.3271339
0.3379261
0.16440505
0.15708318
0.18773182
0.3358726
0.22094215
0.20056841
0.17250532
0.20004001
0.24282005
0.24912891
0.16203734
0.21200144
0.20102699
0.15673327
0.1147186
0.15366057
0.2607907
0.122543365
0.338467
0.37254137
0.1409415
0.18624507
0.1261872
0.33181474
0.21594104
0.20846757
0.27256927
0.15122493
0.17213643
0.2693008
0.33528915
0.11305536
0.2594323
0.13504426
0.23895156
0.32053
0.19026715
0.14834443
0.2621637
0.26555306
0.14891586
0.14425066
0.10525652
0.1573097
0.17810738
0.13567673
0.15566307
0.10338606
0.16798806
0.27790982
0.18606412
0.14360653
0.109983474
0.16100988
0.14986362
0.13584754
0.2114918
0.2596097
0.76766497
1.2382839
0.43896592
0.18459137
0.466394
0.7775298
0.4314317
0.27511624
0.1860514
0.3131062
0.35511154
0.20763361
0.19264156
0.1602727
0.1527107
0.17161421
0.2180636
0.22177906
0.17274667
0.16940993
