0.8651926
1.0862057
0.6181494
0.77215946
1.1771389
2.3755646
0.6377294
0.45983642
5.444592
1.3603916
1.1844606
0.5849752
2.5860512
0.7881077
1.0563366
1.4369404
1.5872371
0.47280377
3.7914526
0.22291395
5.790888
3.028305
0.27472198
2.7605312
1.463119
2.4947152
1.1414691
0.53842133
2.9206722
1.5572472
0.50924987
1.2758293
1.1048219
1.0543003
2.6329389
1.4295647
0.86951685
0.37374815
0.91050303
0.74775326
2.4388075
1.1196666
0.79971933
0.61800456
2.5486314
0.28413126
2.74693
1.3931737
1.4715538
0.6281848
1.6698236
2.1571937
0.44631672
3.9331417
2.0904193
0.549273
1.0163546
2.7688484
2.3614316
0.7327554
0.97731596
1.6225775
0.45929527
2.1292524
1.6606321
0.53966224
0.591607
3.7036998
0.58372736
0.47758228
3.190294
1.2889979
0.5411491
4.096921
0.527159
0.9293882
1.9000952
0.60378665
1.8211333
0.6965836
1.410053
1.7599058
0.8657192
2.4054356
1.1291057
1.0384583
1.3592879
1.3770249
1.1685125
0.7013304
4.5892267
0.18511869
9.424702
1.2100358
0.14836717
7.4357553
0.35056013
0.4292766
4.147359
0.85110515
0.9951199
7.4413977
0.3760349
5.9614367
1.6698335
0.64342254
2.7147741
1.6160388
0.51112103
1.9779096
1.6109732
0.84760183
0.6387658
2.5089972
1.7548375
0.57917553
1.5543554
2.0471108
0.40383214
1.9374475
2.4114418
1.6520518
0.5755464
2.3037355
1.3784933
1.2356248
1.2425785
2.2017937
1.1378967
1.1911539
0.9298552
1.013847
1.2408905
1.0128753
2.4605026
1.4187925
0.9377285
0.57627356
1.4294657
1.8584089
1.1059728
1.1284307
0.7615615
1.8522474
1.44066
0.9566549
1.6337464
1.4679637
0.9011134
1.2306988
1.1493895
0.28228378
8.435385
0.8994796
0.68276954
2.0365272
1.5785494
1.1149032
2.342081
0.87005883
0.5135304
3.7374177
2.0759292
1.1787796
0.3724668
9.719368
0.9820297
0.5122279
7.2930226
0.4987041
2.3081841
2.5431573
0.3270728
1.7215531
4.22186
2.0867
0.2512684
4.6181564
1.1079185
0.5740284
1.2937095
0.32957694
4.877531
0.6967281
0.5213716
0.99524313
1.0021757
1.426742
