1.9095131
1.8350377
1.8457967
1.8248918
1.8548298
1.6522845
1.7359923
1.928488
1.8068992
1.8402951
1.7025517
1.7461044
1.8870306
1.8272227
1.8016522
1.7395504
1.7129349
1.7813686
1.7690432
1.7534773
1.8584721
1.7755408
1.7780346
1.8719361
1.7948396
1.93871
1.9790623
1.7585814
1.8888324
1.8015416
1.6958812
1.8093475
1.8814294
1.8245671
1.8435099
1.8710084
1.7583749
1.7492726
1.7894912
1.9555728
1.9122274
1.787619
1.7926137
1.805435
1.7925867
1.6929545
1.7697371
1.7831464
1.836268
1.7421213
1.8473599
1.7228466
1.8977768
1.8930999
1.7450233
1.7580426
1.7006257
1.7676445
1.731621
1.857823
1.7727427
1.8104765
1.805112
1.7479486
1.7406962
1.7295177
1.7120345
1.7192454
1.8551621
1.8221253
1.8164189
1.922152
2.09963
1.7481606
1.7224274
1.8152122
1.7942075
1.8264301
1.8430918
1.8305049
1.7992663
1.7892879
1.824265
1.8442464
1.8268752
1.752697
1.7749358
1.7139738
1.7490346
1.7523224
1.6804192
1.7716116
1.6988751
1.8009671
1.8494084
1.7894981
1.7964131
1.8829706
1.7720844
1.794366
1.7105253
1.7344147
1.8006916
1.8654289
2.1806362
1.7587239
1.8968337
1.8062823
1.7701111
1.8016435
1.9030137
1.8825207
1.7958902
1.9215522
1.810365
1.6806886
1.7918191
1.7391226
1.7935107
1.8513948
1.8212273
1.7943617
1.7824007
1.6327287
1.7914954
1.761696
1.807822
1.7320907
1.8717182
1.9860309
1.838588
1.8747928
1.8117452
1.8549681
1.800947
1.6964154
1.7303412
1.8036687
1.7075627
1.7584198
1.6762493
1.7186947
1.7482316
1.9106797
1.8409516
1.8095679
1.8345269
1.7561011
1.7498677
1.7563918
1.5916554
1.8177689
1.7385552
1.6666238
1.7591574
1.8076217
1.8392782
1.7934341
1.7626393
1.7570273
1.9609526
1.8690093
1.7624907
1.7338424
1.8756988
1.939312
1.8870853
1.8181967
1.7698779
1.8990228
1.7613237
1.7586768
1.7538619
1.8819536
1.7833233
1.7726187
1.8942152
1.7169379
1.8295033
1.7100052
1.8114396
1.7667806
1.7792401
1.7666367
1.8930466
1.8585947
1.6244776
1.6898329
1.6092653
1.6578416
1.618582
1.7402959
1.7203435
1.7482184
1.7094258
1.7605574
1.8541572
1.9437227
1.8503718
1.775045
1.7267874
1.667662
1.7055118
1.7769692
1.7638395
1.6380084
1.7239141
1.6797502
1.715493
1.7273334
1.7919492
1.8922963
1.7363867
1.7985882
1.929555
1.8024387
1.7964097
1.6919527
1.767185
1.7271881
1.789449
1.7413356
1.5985316
1.7317307
1.7162964
1.7045387
1.8407178
1.724159
1.7632017
1.6483877
1.7317417
1.7784116
1.6984766
1.8490608
1.7301244
1.7001247
1.6965835
1.714354
1.7570429
1.8098667
1.7635627
1.8414636
1.7246773
1.6674231
1.7701526
1.75704
1.8139521
1.6491746
1.7173008
1.744823
1.7651519
1.8320389
1.7430437
1.5506315
1.760284
1.7553501
1.6919712
1.7195708
1.6738517
1.6939187
1.6480569
1.691104
1.7108573
1.6218886
1.6196375
1.6644659
1.6191382
1.7017322
1.649636
1.7928689
1.6619668
1.7631893
1.9523544
1.8510604
1.7550774
1.7837081
1.8803935
1.8502164
1.7971094
1.7233303
1.7555436
1.706104
1.6906867
1.8715653
1.786545
1.7551191
1.7265692
1.7902703
1.6860566
1.7113466
1.7887093
1.6695716
1.6410046
1.7670009
1.775372
1.7682351
1.8562646
1.6829549
1.7453694
1.6799151
1.7469728
1.6996343
1.7823222
1.776953
1.8661157
1.7267307
1.7749465
1.662757
1.6552923
1.5677165
1.694541
1.7720438
1.6637201
1.7964385
1.804239
1.7520273
1.8143542
1.8281236
1.7922218
1.7443868
1.6802044
1.601463
1.6397665
1.633055
1.706806
1.8738655
1.9813623
1.9785111
1.7912314
1.6638291
1.6815037
1.703394
1.7166111
1.7422112
1.6924886
1.7568475
1.8142579
1.6374682
1.6853317
1.8096601
1.7370583
1.7108637
1.6783868
1.9477099
1.8034575
1.6701622
1.5865597
1.6871891
1.7666807
1.8380386
1.7594423
1.7577081
1.6908524
1.5855205
1.7418859
1.5959404
1.549217
1.956701
2.1416132
1.5991251
1.7612727
1.8155993
1.8018394
1.7361891
1.76863
1.7619567
1.6148021
1.6441092
1.6177212
1.6627808
1.654346
1.6662722
1.7178266
1.6612715
1.867538
