1.3593192
1.3361863
1.1235605
0.97548556
1.1828501
1.0579813
0.9784293
1.0328107
1.1212269
1.0129077
1.1726518
0.9732689
0.9038426
0.98287904
1.0912476
1.0123992
1.1070079
1.32286
1.2317889
1.195112
1.289511
1.0753672
1.3757825
1.1093366
1.1966925
1.311476
1.0517675
1.2679214
1.4922848
1.9145163
1.770262
1.6653575
1.6445724
1.3574597
1.1452765
1.3526317
1.4990114
1.1230215
1.1493026
1.3054211
1.3891978
1.4939579
1.1565151
1.0895467
1.5922617
1.1527942
1.4286687
1.2894261
1.0600395
1.2174855
1.2236345
0.9725784
1.0656509
0.96727324
1.1245651
1.0441939
0.9556478
1.0362749
1.1207166
1.2274975
1.2754431
0.9369917
1.2431881
1.3694546
1.682177
1.3957758
0.96155095
0.9843723
1.1850214
1.2416319
1.201017
1.2439175
1.1178527
1.3521087
1.2336771
1.2114055
1.0634683
1.2024808
0.9467956
0.96836257
0.9511068
1.1797347
1.0794752
1.1741067
1.3150785
1.2720624
1.2606094
1.2815342
1.002372
0.88575417
1.1015582
1.1381987
1.2078153
1.0481132
1.0488303
1.5439186
1.559793
1.2004323
0.99467933
1.1930444
1.0153892
1.1633427
1.2027962
1.2244252
1.4779071
1.5970104
1.4713826
1.1854261
1.2276938
1.1197063
1.0556283
1.3637706
1.3730422
1.1597354
1.0196487
1.0057212
1.0295892
1.2239137
1.3253568
1.2379555
1.3504122
1.011418
1.197223
1.1398859
1.0265181
1.0434277
0.9315137
0.95696807
1.1467807
1.0408102
1.1131912
1.0265422
1.0811614
1.1567154
1.1375511
1.036404
0.93293315
0.9774472
1.0818911
1.1313148
1.1686814
1.0281651
1.4022744
1.8190898
1.6991787
1.5979166
1.1563765
1.2623607
1.1360589
1.0519038
1.147427
1.0208406
1.0013831
1.3734453
1.1901097
1.0377077
1.100287
1.1097312
1.4326531
1.2669246
1.0448097
0.9580717
0.93575597
0.9281996
1.0312028
1.0692905
1.1979797
1.0969356
0.9098618
1.050445
1.3349252
1.3161261
1.028838
1.0296085
1.1568234
1.2940557
1.2743862
1.0846835
1.0512854
0.99683535
1.1157786
0.80003166
0.9597308
1.063989
1.0994194
1.1154189
1.087068
0.74709535
