0.69762707
1.1726747
2.1849496
0.48194468
0.76676404
1.0121757
1.716888
0.40977108
1.6411965
0.3582648
2.9195902
0.9514409
0.32706344
1.5205847
1.2937611
0.51136947
1.6556208
0.49098328
0.9992556
1.947689
0.9026834
1.1173506
0.88268965
1.3916122
0.66912127
0.9972429
1.5277373
0.62395954
2.070181
0.7460461
0.3458634
3.2482686
1.0408958
0.65154546
1.2879888
0.34445614
2.4290903
0.48262
0.7745167
1.9634359
0.67600864
0.9045471
1.7431581
0.4230115
2.1397753
0.46894926
1.0366341
1.3991128
0.31467873
3.031104
1.117459
0.22565672
3.1967583
0.78449446
0.5718792
1.1374826
0.7695154
0.91645706
1.236403
0.6627649
1.7290289
0.47757652
1.5069222
1.0056661
0.9928042
0.8460034
1.9572669
0.79082465
0.7783273
1.3028066
0.44882464
2.042986
0.63276255
1.2151221
0.59029233
2.847602
0.45232552
1.1073925
1.5151296
0.60056245
2.3385024
0.6103889
0.9192516
1.4928827
0.4220436
1.254379
0.56220484
1.4051437
1.0857464
0.70648783
0.8633985
1.6795298
0.40600008
2.8435643
0.30957973
3.4762177
0.55396056
0.49850908
2.869231
0.3313051
2.5912187
0.7960959
1.0781682
0.60216105
1.4935546
0.7951033
0.8264756
1.1313113
1.2764164
0.34479633
4.0082273
0.67093265
0.45305687
2.4139104
0.9822502
0.6079428
0.79174364
1.1200233
0.8585779
0.41251558
2.0217018
1.9617068
0.49685585
0.697827
1.0419537
1.0758858
1.1939971
1.0768094
0.8280399
0.7956243
1.348938
1.0616405
0.5672568
2.551785
0.7599798
0.2315404
3.7721272
0.5636027
1.6865947
0.889153
1.4033979
0.6721382
1.3893108
0.37909624
4.900568
0.47353423
1.3172688
0.7452781
3.1086195
0.61721027
0.693671
1.5508201
0.62462294
1.0930483
0.62529385
1.2847084
1.4430082
0.44152656
1.2500236
0.70648456
1.1520587
1.8719294
0.19812882
2.9628806
0.5792355
2.3205621
0.45097154
1.1460447
0.5024839
2.2621782
1.0536573
0.7690246
1.1077007
0.30876815
3.0662935
0.4501384
1.8443608
0.5660161
1.8003404
0.34747475
1.5346024
0.49184382
2.3558803
0.439126
1.0363436
1.8344476
0.49436855
1.9516621
