0.112709254
0.22328988
0.14147788
0.15230672
0.11960216
0.23292716
0.3022309
0.22114062
0.21490519
0.13230428
0.33233446
0.20640232
0.12566471
0.27756155
0.17984444
0.11825302
0.22464842
0.17389238
0.19570415
0.2172059
0.19896695
0.15691942
0.17599806
0.21675678
0.12470029
0.11361698
0.24055232
0.2477843
0.11886255
0.09260496
0.21088624
0.20699081
0.28018785
0.28176978
0.09831552
0.118257314
0.17748737
0.15652409
0.16072258
0.12529197
0.33407235
0.66236204
0.05201701
0.7136691
0.33691835
0.12237772
0.06885847
0.3137335
0.2807572
0.09370269
0.07167708
0.09228866
0.13978215
0.12229106
0.1580007
0.2725872
0.30459642
0.11210339
0.12207778
0.10519986
0.14724477
0.16090117
0.21497706
0.5002176
0.33989188
0.10934353
0.3203784
0.17127903
0.08291401
0.2086721
0.26983622
0.09435885
0.086517125
0.21129447
0.19375274
0.2101776
0.14589837
0.20486122
0.14429076
0.11761851
0.17174613
0.09875707
0.1546253
0.16332786
0.15975702
0.21832201
0.17083772
0.22923811
0.1816355
0.083726354
0.07152387
0.21367213
0.18856524
0.08045451
0.07727255
0.111906566
0.10856063
0.10831471
0.20556694
0.20641433
0.13532457
0.11446159
0.214
0.2085541
0.09927723
0.091485366
0.09633452
0.124840826
0.21666642
0.12926848
0.11756983
0.13040802
0.11118947
0.15488419
0.09318778
0.09775078
0.17951246
0.106908284
0.09062436
0.14239237
0.11670072
0.07409286
0.11447731
0.2066629
0.2077031
0.2161136
0.14723924
0.14545813
0.031773288
0.18545377
0.14078495
0.17852788
0.11777192
0.13445961
0.16918379
0.11147377
0.09656878
0.13804665
0.19978717
0.09374248
0.11444215
0.15527219
0.11148332
0.16131447
0.15752219
0.1177338
0.039741606
0.13777646
0.3007196
0.22711419
0.09774674
0.19977885
0.04595068
0.1275378
0.13321124
0.24962397
0.20739253
0.11111696
0.081177816
0.101092026
0.22773191
0.069211304
0.34701467
0.27862868
0.07329438
0.10001104
0.06686167
0.08893281
0.33353123
0.17577106
0.0981475
0.05855718
0.14387628
0.10484193
0.13753557
0.33998394
0.23601995
0.14230523
0.22971083
0.18998054
0.19356187
0.14245936
0.33465734
0.5011546
0.10293033
0.3378593
0.15666685
0.24629712
