0.9136901
0.7022034
1.5271753
0.83930445
0.81610775
0.79500186
1.4799073
0.6819622
1.2121785
0.95730484
0.751391
1.0593395
0.9408326
0.8753348
2.1137655
0.5216019
1.0883923
1.1879479
0.5937028
1.4856461
0.62182736
1.1237624
0.7869723
1.3841329
0.5039543
1.1752132
1.102498
0.6470922
1.3840356
0.71686745
0.812312
0.84830606
1.2723244
0.7425478
1.2714945
0.9187819
0.869536
1.0469645
0.6425722
1.5934726
0.36456978
1.6279042
0.665514
1.2608871
0.9911469
0.6648773
1.3797374
0.521672
1.5028431
0.7274867
0.93414366
1.2310827
0.6720623
1.0523472
1.1262093
0.7627181
1.3771906
0.51642805
1.4689866
0.75439465
0.9175087
1.6004331
0.41516188
1.5558054
0.82940567
0.6818201
1.14922
0.89398724
0.79282796
0.95597786
1.2424443
0.7478782
0.87905616
1.2247491
0.57699513
1.1064754
0.7191445
1.0628322
1.0691608
0.9170612
1.0851705
0.7223747
1.2995462
0.54716134
1.6192846
0.5871394
0.8791281
1.1033282
0.87678015
0.97046375
1.0606178
0.6844855
1.2271369
0.66746175
1.0874715
0.8196638
0.9333947
0.97379464
0.9179132
0.97911185
0.58321154
1.7099943
0.31556228
1.9989761
0.73087883
0.618317
1.488464
0.7470435
0.719797
1.3286736
0.8234632
0.8526921
1.356823
0.45689768
1.0780134
1.3338115
0.6569217
0.94321036
1.136707
0.74684715
0.98090035
1.3752875
0.6183338
1.0849307
0.85148036
0.90493757
0.9968989
0.78184366
1.289433
0.6575762
1.3514701
0.6057742
1.1398332
1.0783105
0.49473622
1.3772196
0.4647437
1.9054754
0.6601915
0.8878742
1.0833778
0.74989855
1.1133803
0.810997
0.94126827
1.1763942
0.8822379
1.1642375
0.7209508
1.324822
0.53303665
1.6366239
0.7477125
1.1340373
0.737172
1.3823957
0.6706953
1.6010606
0.45450994
1.5375189
0.7850862
1.0246824
0.83685374
0.7342197
1.3510413
0.58204794
1.0728061
1.1009493
0.6254854
1.2680103
0.67862546
1.5344539
0.48338854
1.7106509
0.4924278
1.3737304
1.0850898
0.6190045
1.3089193
0.7325879
0.6704764
1.3223215
0.9583694
0.9583444
0.6720984
1.9036117
0.62255305
1.1183221
