0.029019855
0.08638627
0.04745666
0.06637709
0.07028827
0.032754544
0.018530268
0.0398584
0.03620635
0.025624556
0.04708571
0.026376944
0.053724166
0.028080143
0.04336811
0.029930959
0.036607884
0.034141276
0.045496
0.05745765
0.030894376
0.053784065
0.03622002
0.052331723
0.033480287
0.049047846
0.04476742
0.06006854
0.061715864
0.04234402
0.029908765
0.04841989
0.07000685
0.06533137
0.06285067
0.025051007
0.020936484
0.044598427
0.08268967
0.08991994
0.03923443
0.0398693
0.078734614
0.05713687
0.050399933
0.036682263
0.02822615
0.026171608
0.04863116
0.03946121
0.035789896
0.03733835
0.029567944
0.0712848
0.028262932
0.06531155
0.03702336
0.050812334
0.04124128
0.03210904
0.025171824
0.0422087
0.04313784
0.02398885
0.07529736
0.04879663
0.051328383
0.03193954
0.04735638
0.022035707
0.03811494
0.049388513
0.05136805
0.05565881
0.044083714
0.039004914
0.043226086
0.0406837
0.097503275
0.03745672
0.0261426
0.05125669
0.019403689
0.020419506
0.04233931
0.026105303
0.05307322
0.03562193
0.052010186
0.038960084
0.1309782
0.07092923
0.10142921
0.07519261
0.026594307
0.024525218
0.033208054
0.03488068
0.05006879
0.04582389
0.02471989
0.024884213
0.04195784
0.051193148
0.02371092
0.048373964
0.025218364
0.12967046
0.35533717
0.37617818
0.17704879
0.25443453
0.4941038
0.96497524
4.7801046
1.7012534
15.978987
4.861573
9.655619
4.7192354
4.0428324
2.648417
3.0153346
2.1293325
3.8530009
2.2025568
1.8071121
2.35619
2.3186522
1.7979627
1.8487641
1.8018837
1.7546968
1.66331
1.9669247
2.2042124
2.017401
1.8786949
1.5845044
2.0457242
1.8757415
1.7935824
1.6976423
1.7891368
1.6983545
1.6098661
1.6861541
1.6703544
1.4734426
1.4833134
1.5995255
1.570332
1.6031071
1.8029655
1.6705731
1.7046548
1.9299208
1.6734397
1.6760491
1.7807274
2.2181005
1.6145655
1.6330944
1.5403655
1.6254214
1.504307
1.4981382
1.179705
1.5370306
1.5592815
1.4085752
1.6240582
1.5195701
1.445827
1.4793077
1.8902047
2.518014
2.7542043
1.7400212
1.8593991
1.9470079
1.5603055
1.9694264
1.5492271
1.4226689
1.2807834
1.3691332
1.4357123
