2.36809
0.49235994
0.5533437
2.932304
0.88795924
0.38259453
1.9562824
0.61415464
0.53836113
2.230738
0.6434356
0.74225414
1.0189724
0.7120897
0.66860145
1.3720092
0.9861893
0.6202475
0.8334391
0.95792854
1.2833004
0.8187022
0.89804745
0.860729
0.42175394
2.0221817
0.5421772
0.9593679
1.2406151
0.6837456
0.5921465
1.2523013
0.4578701
1.4307361
0.71767116
0.7294315
0.9377736
1.6824415
0.38772923
1.173862
1.309228
0.31815156
1.4455035
1.4512645
0.39704156
1.0663142
0.8428224
1.0421002
0.49260563
2.110823
0.49981225
1.7227851
0.3593731
0.31821164
3.1852143
0.75781024
0.38963726
1.7903807
0.88674563
0.40911534
1.5052457
0.8093055
0.6371112
2.0943537
0.91744936
0.52661324
1.918277
1.2149467
0.73784006
1.3137255
0.5784887
1.1902423
0.8947932
1.1468128
0.4699128
1.4575386
1.0581635
0.51132977
2.3169234
0.39164704
1.4653419
0.49015006
1.1102095
2.6552486
0.3445385
0.7834184
1.8760977
0.6896524
0.8918141
1.2123747
0.696782
0.74090517
2.3766341
0.47741982
1.0477748
1.2198117
0.54528534
1.1031624
0.8998188
1.3754938
0.5759409
1.3506478
0.676855
0.6359633
1.7809305
0.7036941
0.9137569
0.94284123
0.81558347
0.56653804
1.6966323
0.62658656
1.013149
0.4751399
1.509898
0.6069977
1.1258594
1.2469176
0.7390765
0.8791062
1.1520679
0.88216805
1.0388045
0.7515632
1.0554111
0.51344824
2.4026484
0.5167848
0.56975174
2.412903
0.81844544
0.2809441
2.5022824
0.99570894
0.31453252
1.8233844
1.1267071
0.6428967
1.0713506
0.8442273
1.2533495
0.78135407
0.7904227
0.9166027
0.77362454
0.8593856
0.9597046
0.7088214
1.5948174
0.3612896
1.8652244
0.77285105
0.2542187
3.1877232
0.7091019
0.8381011
1.2869569
0.70954704
0.6351832
1.5562432
1.0026098
0.35157225
1.1360139
1.6746697
0.4208392
1.3952383
1.1608795
0.30249205
2.396245
0.9695457
0.4368754
1.2632599
0.82073593
1.1357381
0.9595406
0.36001673
2.1426663
0.7057384
0.42895705
1.5066879
0.7702117
0.90617704
0.6638408
2.1421974
0.5239656
1.3785641
0.68571675
1.2700641
1.3046412
0.23618926
2.8699365
0.62227374
0.41747147
2.3708255
0.6542176
0.5174878
1.4259789
1.078274
0.45301613
1.5459185
1.1541026
0.36733064
0.76750934
1.8540632
0.5080073
0.502087
1.7118967
1.0164974
0.29202974
2.0369074
1.493023
0.48306876
0.6530386
1.9315379
0.7979181
0.62218225
1.0907459
1.1994388
0.46487296
1.0846796
1.3009742
0.5464509
0.6650118
1.6341791
0.8262174
0.5313557
1.608485
0.8072504
0.34484178
2.0755644
1.0377265
0.3103901
1.5687234
1.56472
0.5695483
0.5567633
1.5135492
0.74889624
1.0155324
0.7338313
0.94126713
1.2303023
0.9756931
0.57026017
0.8441353
1.044296
0.47846472
1.7316529
1.4597995
0.28024483
0.8026322
2.2585542
1.162547
0.43534952
1.0915473
1.1236045
0.62917566
0.71274465
0.916662
0.6343914
0.95036334
0.92681676
0.38471496
1.563632
0.8834898
0.56317395
1.6451149
0.527562
0.4087782
2.158336
0.98494434
0.43851095
0.9252307
1.355629
0.59419465
0.76806355
1.356873
0.3836313
1.3087275
1.3041329
0.37289858
1.2867484
1.0716403
0.38854688
1.5964339
0.8140808
0.6075775
1.4992224
0.7515552
1.387486
0.4642914
0.51947033
2.2420082
0.44972572
0.67753446
0.8699212
1.6840984
0.46241376
0.86934495
1.1096008
0.93105865
0.5415677
0.8515222
1.8770931
0.9978792
0.58914566
1.5537632
0.5182197
1.4009666
0.7790604
1.2600557
0.41765955
1.691616
0.588584
0.9476786
1.1532446
1.0065418
0.5957699
0.79619664
1.0535703
0.5952225
0.6217736
3.0506196
0.14037332
3.1605752
0.43455702
1.2011439
0.8342433
1.1067373
0.42877382
1.0995171
1.0516629
0.4389722
1.8057708
0.6706513
0.82935953
1.4818977
0.59600824
0.868702
0.9481696
1.4233646
0.6781389
1.1680596
1.0861421
0.8385104
1.1307788
1.3276511
0.35551447
2.0313392
0.53882504
1.3985798
0.9612391
0.5644573
1.2459233
1.1200798
0.40533888
1.568651
0.714419
1.001893
0.6333641
0.5612198
1.090998
1.009217
0.592279
0.48790666
2.9093611
0.6042734
0.26514632
2.522532
0.81912977
0.84908533
0.6302844
1.5483999
0.8373096
0.37931716
