1.3589318
1.3823745
1.2399228
1.1527841
1.2256508
1.2936472
1.5435872
1.9859447
1.2281448
1.0739312
1.168392
1.0017072
1.0200326
1.1303502
1.464226
1.4203172
1.4843076
1.517417
1.19454
1.2479784
1.0797337
1.2150862
1.2672329
1.41067
1.264258
1.2399741
1.0883582
1.142408
1.2777519
1.1472348
1.3221655
1.7697482
1.7323667
1.3803289
1.1482563
1.174261
1.4722946
1.5303271
1.2443674
1.3661005
1.2165661
1.2880551
0.9899118
1.1822617
1.367138
1.1646178
1.1402152
1.3610251
1.1200656
1.2726979
1.2620833
1.1682774
1.4152641
1.7465584
2.040213
1.6777914
1.3004926
1.3061888
1.1826106
1.2077663
1.2914605
1.2734873
1.2067773
1.1996751
1.5248733
1.4083192
1.2014724
1.042313
1.066976
1.3074737
1.3068945
1.4489958
1.2306237
1.1994331
1.3630636
1.4303962
1.2612973
1.2777152
1.3455901
1.1855834
1.3606669
1.1384709
1.2374682
1.0874865
1.3568771
1.4867401
2.1519158
1.3993504
1.0779536
1.359185
1.1438444
1.2021749
1.1661812
1.2957156
1.1811601
1.1982495
1.1208514
1.2130804
1.1698047
1.3814148
1.15291
1.2446736
1.2747775
1.4495037
1.736462
1.1685574
1.2305965
1.3747206
1.2091215
1.1985829
1.153924
1.1916049
1.3108487
1.1843556
1.3109517
1.2938693
1.2021894
1.1945628
1.1179717
1.193126
1.2019619
1.168884
1.2288561
1.1205518
1.4263705
1.3824303
1.1507459
1.1397582
1.2592674
1.135262
1.2177503
1.4052018
1.3524011
1.2720292
1.0292277
1.4346504
1.6414549
1.3234216
1.2379885
1.1454108
1.4332578
1.3324492
1.2519257
1.216741
1.0806758
1.2908225
1.0644982
1.22317
1.4396052
1.2739499
1.6289911
1.653233
1.2547098
1.4531076
1.2906349
1.2546306
1.1930403
1.1250727
1.3362882
1.2552121
1.134748
1.0293074
1.0443451
1.3398764
1.2883657
1.2129207
1.3628422
1.2033739
1.0225235
0.9877912
1.0288312
1.245744
1.2999003
1.6263183
1.6220906
1.110163
1.1174374
1.2356744
1.2690945
1.359915
1.3385732
1.3232498
1.2785164
1.3503745
1.1452129
1.1135342
1.110327
0.9732361
