1.5181726
1.6121275
1.7225785
1.7192992
1.7857609
1.6392701
1.5858526
1.7625258
1.5960008
1.8650798
1.7007906
1.4978569
1.5075407
1.6348486
1.7004117
1.6762522
1.7665231
1.8619084
1.5762222
1.5462983
1.6821535
1.6684307
1.498703
1.7283573
1.6805289
1.5550022
1.5690526
1.679411
1.8073344
1.6281427
1.7067523
1.6087509
1.6100812
1.7549427
1.6067034
1.5780003
1.7608861
1.8060117
1.6912794
1.6180027
1.5587335
1.5657974
1.5972888
1.567227
1.540445
1.595087
1.5632839
1.5183914
1.7151175
1.9005048
1.7271154
1.7571313
1.6740861
1.6945266
1.8561909
1.7683609
1.5982375
1.6477906
1.6637316
1.6751891
1.5960293
1.5528636
1.636405
1.6136734
1.7021852
1.683921
1.6956635
1.6451938
1.6146536
1.6570569
1.5915331
1.5484931
1.5734129
1.626824
1.58452
1.7888138
1.6139153
1.7263741
1.7147758
1.5689985
1.4882345
1.4639368
1.5164516
1.6113172
1.6840465
1.8352942
1.8463444
1.5655302
1.5552139
1.5658773
1.6247602
1.6896266
1.6529639
1.7189312
1.6249764
1.6619903
1.5834577
1.6244147
1.6769543
1.66997
1.5931966
1.5101014
1.6271687
1.8048518
1.6461273
1.6146644
1.6677598
1.9603355
1.7279756
1.637219
1.6303614
1.5516789
1.5674663
1.5627275
1.5551593
1.5614636
1.5621821
1.5695916
1.6614691
1.5901561
1.5508919
1.6904633
1.490351
1.7379804
1.780486
1.7681437
1.6354424
1.5804152
1.624567
1.5830548
1.5591494
1.6626368
1.8844858
1.8261602
1.5604383
1.5575852
1.5553222
1.5297059
1.537143
1.4568369
1.6201684
1.7276524
1.7334396
1.9677002
1.7971696
1.7851701
1.6084555
1.5220891
1.7187866
1.5795318
1.6675866
1.7749043
1.6779759
1.6834846
1.6648927
1.5525982
1.7971582
1.7759328
1.6098175
1.7518631
1.5972552
1.6020477
1.4909832
1.5459034
1.6035922
1.560438
1.6235945
1.7294745
1.6901591
1.75565
1.7675121
1.8212043
1.6140797
1.6567179
1.5078913
1.5635211
1.55609
1.4162633
1.7703373
1.7353642
1.6467621
1.5654879
1.590852
1.6133784
1.5905399
1.7035098
1.6868706
1.6481767
