0.86864316
0.5465436
2.6774907
0.5126821
0.7471521
0.84052575
1.5061
0.52264816
1.996705
0.69906914
1.003225
0.60642093
1.479697
0.9961121
1.1190264
0.8198372
1.1296539
1.0491443
0.5016068
1.9246923
0.73821086
1.3267049
0.39511317
1.9489087
0.8780246
0.9184769
1.1768754
0.8582673
1.3663756
0.69556093
1.4723873
0.80512655
0.85818666
1.072245
1.0632598
0.96960735
1.1255065
0.7158546
1.9918399
0.19110729
4.216133
0.9371853
0.19974236
2.587066
0.959458
0.37267458
1.80904
0.8534326
0.5854844
1.4464631
1.003377
1.1635499
0.936028
1.0647185
0.8927727
0.8518858
0.91880214
0.7557982
1.243131
0.862379
0.7417176
1.6140903
0.4587534
1.4761611
1.300772
0.6810435
1.0909309
1.570261
0.4599013
1.56656
0.8929657
1.0794148
0.98277164
1.1462302
0.80315423
0.9033152
1.3207293
0.8504668
1.397912
0.73433757
1.1399579
0.8194585
1.56121
0.36308473
3.4802718
0.93849236
0.4815662
1.7213819
0.8986447
0.93224126
1.2447596
0.7583779
1.2436469
0.86042964
0.71283317
1.4418708
0.66624576
1.1176822
0.710934
1.5545514
0.5367106
1.506211
0.7987025
1.4741533
1.0119805
0.7926576
1.8608102
0.6395699
0.9870841
1.4774001
0.8019283
0.6162322
1.5890725
0.62739444
1.0100296
1.4666371
0.71604717
0.719725
1.521337
0.8506568
0.88114357
1.3300608
1.0300006
0.6212015
1.5753556
0.55685234
1.8782669
0.63173616
0.8400219
1.3177066
0.7017157
1.2213242
0.76028955
1.2062736
0.73404944
0.865765
0.73562986
1.3892214
0.8276236
0.7423278
1.6543546
0.74964035
0.9477601
1.269043
0.5013678
1.7191844
1.3599727
0.8451015
0.945656
1.2755855
0.5540221
1.3229817
0.91591746
0.72337925
1.2385709
0.6973438
1.542331
0.45936373
1.5392888
0.66989505
1.5545219
0.47107187
2.2241435
0.48036733
1.5302113
0.8729173
1.1620274
0.99395
0.75161916
1.3806976
0.45229208
1.7513018
0.6361056
0.84000206
1.8718319
0.69756675
1.1790781
0.5817919
1.2195318
1.1785965
0.5958587
1.4946547
0.4886697
2.3783045
0.46706265
1.302999
0.99678856
0.85780454
