1.8258766
2.4599347
1.5817035
1.7591634
2.1623163
2.009438
0.9143621
0.8973177
4.4730167
0.22034724
13.885427
1.131285
1.1668198
8.252789
0.28404546
8.744126
3.951879
0.7093776
6.590316
2.8420947
0.2298705
9.919936
0.27716434
11.846469
0.6289762
6.3720264
1.133713
2.1776547
3.0942864
0.30035692
6.1246037
1.149915
0.8484878
2.413612
0.52870804
1.6595037
2.3516846
0.75927573
5.4152803
1.1913198
0.74242485
2.8026242
1.9286648
0.27877176
8.258451
0.18846208
6.2501316
2.0614345
0.91680974
1.0079793
3.7611015
1.2830675
2.062296
0.9462219
2.3563437
0.5447701
2.0930414
0.67954147
1.6258109
2.4726362
1.5883509
0.43241847
7.0326185
0.2530718
3.9654746
3.400892
0.7204243
3.663701
2.749688
1.0652888
0.9820335
2.3066826
0.77616715
0.513191
2.3043823
0.6284147
0.3639028
4.079761
1.5317426
0.7261933
1.0980256
4.234419
2.9794116
1.0781609
1.1507108
0.6714089
1.1764228
2.002352
0.9003681
1.2066239
1.1678119
1.0458689
3.8431537
2.2938724
0.58187985
1.7921584
1.8590522
1.622202
1.5460765
1.185364
1.6029487
2.0950036
0.47565502
2.3363616
2.2922053
2.3655787
0.52300096
3.413672
0.45751935
0.81912595
3.1400611
2.8760877
0.637992
1.227298
0.7063503
2.0027926
1.3819916
1.1090851
1.7752494
0.83005106
2.034842
1.9790711
1.5250373
1.1360863
1.0403818
1.8424008
2.3054395
1.0379596
0.5806957
2.4555428
1.0436437
1.3506377
1.0704734
1.0026248
1.8726473
0.68868035
1.1929846
2.8078375
1.3242779
0.95894897
1.0503552
1.6161216
1.1891179
3.083291
0.28867784
5.962265
3.9805055
1.9262105
0.9419172
1.3824334
1.6587818
1.609597
1.3228128
1.4138081
0.978384
0.68869114
1.5881736
1.595216
1.9257846
1.9550337
0.88587964
0.9082329
2.2061782
1.8692781
1.2564058
1.6131697
1.7604618
0.9454277
0.97121966
2.2242763
1.7602811
1.0839478
0.7916863
1.855192
1.7967004
1.2722948
1.3387463
1.812473
1.3716581
0.63706756
1.3283135
2.198557
1.9952506
1.2545682
0.9001326
0.77079314
2.9170656
2.9698255
