0.43822667
0.23247364
0.17019239
0.17311412
0.19126192
0.19542933
0.10581431
0.17377946
0.11898552
0.090984546
0.08762346
0.29461938
0.19555514
0.17947322
0.23726177
0.2171391
0.10585389
0.2944526
0.07385114
0.2201776
0.14150394
0.12702778
0.1254276
0.14601812
0.112996444
0.097563475
0.16553769
0.18115726
0.06801916
0.13139682
0.3036939
0.2015106
0.17656852
0.12405112
0.19621316
0.14455475
0.23033047
0.5576305
0.34030524
0.18219072
0.18341905
0.16456443
0.124699116
0.30279368
0.7414998
0.83204883
0.21494876
0.33509985
0.5359715
0.35423794
0.097089075
0.14537385
0.113165885
0.2781284
0.07221277
0.10587683
0.18797933
0.08772001
0.17275435
0.13148078
0.15109062
0.09470813
0.19909158
0.20882806
0.10608804
0.09796083
0.23551533
0.2771369
0.057646252
0.089127034
0.15123065
0.14964938
0.1264247
0.17979139
0.13004968
0.50690347
0.4010189
0.12963195
0.18505247
0.34587604
0.20162345
0.23684779
0.23343068
0.12918383
0.33630908
0.46637118
0.07091238
0.36720762
0.35468942
0.11505119
0.07068442
0.24530898
0.164898
0.22195536
0.11611983
0.12582073
0.17588633
0.37666613
0.17365421
0.13100441
0.21918048
0.06914582
0.08365682
0.18864286
0.17577286
0.105203
0.20853433
0.24998066
0.22892974
0.13380884
0.17212385
0.12663451
0.051048264
0.11734818
0.12720577
0.12895676
0.23615393
0.09262574
0.18878107
0.3647238
0.11174244
0.0981122
0.22886482
0.12751177
0.16807123
0.093522236
0.32612586
0.50456834
0.10874662
0.6082924
0.68066126
0.2212243
0.15947
0.15503687
0.15101105
0.19196048
0.05083994
0.17700493
0.107426375
0.09798657
0.07826589
0.21027917
0.08524711
0.11981293
0.10776742
0.16527835
0.20567977
0.056397766
0.26618508
0.485644
0.25116125
0.089012705
0.20123595
0.19708672
0.1220756
0.23086835
0.19043761
0.048120193
0.13809377
0.13669848
0.17082328
0.09674569
0.13489386
0.0813596
0.2822348
0.15043733
0.2074044
0.15386882
0.13371158
0.18543509
0.060078688
0.060855262
0.47134492
0.72211677
0.55507094
0.12511039
0.0806137
0.23474202
0.14150554
0.061565444
0.09955752
0.13257052
0.15950552
0.20380192
0.04552079
0.24078427
0.18191113
0.06535398
