1.7892201
1.1298144
1.0526104
1.1740519
1.4048955
1.9836218
1.7001265
0.59602606
2.83371
1.7332305
0.27013737
5.2200394
2.4208646
0.5665337
1.389271
2.0066147
2.1084414
1.5097816
0.78462857
0.9333637
1.6332109
1.7020124
1.1197511
1.1354772
1.4169255
1.6503437
1.3798702
2.3410742
2.218481
1.3153481
0.92491996
1.3432525
1.6736678
2.093066
1.6890149
0.97408944
2.1443305
2.080192
1.2738959
1.5210836
1.062346
1.7875669
1.2031318
1.197021
2.737645
2.4782748
0.5380129
1.7537842
2.212881
1.912194
1.3108414
0.97502005
1.2271655
0.9249245
1.7905235
1.9632307
1.9144609
0.67230475
2.2138233
2.2409291
1.4672085
0.64926326
2.8340545
2.3906033
0.6876172
1.0709946
3.8076484
1.385798
1.1145196
1.0343592
2.1837254
0.5503304
2.0553308
1.9219458
1.865081
0.6847759
1.2523847
1.4691782
1.6476879
1.4641283
2.2339125
1.4433322
1.5007882
1.9995832
1.2068695
1.2669637
1.2026064
1.1236597
1.4807973
1.6205027
1.973652
0.95795524
1.056794
3.3747966
0.62252104
1.2483083
2.3143091
2.394199
0.18489693
4.09337
2.8291702
1.3039119
1.0326772
2.244634
2.1538944
1.55847
1.235938
1.3504744
1.3786447
2.148215
2.4138637
1.5953456
1.3487978
1.7916577
2.6104686
1.4408112
0.71140385
1.8194193
2.167911
2.6797307
1.1055635
0.39255422
2.2303395
3.0920458
2.1495788
0.9475255
0.8116256
3.5386598
2.323998
1.1314083
1.1259732
1.7650303
1.5375565
1.0965581
1.4056952
1.6445506
1.203913
1.4322563
2.9617934
2.516151
0.29094532
4.792006
2.8225942
0.36753973
0.6776458
5.065613
3.7356915
1.3873463
0.9499774
1.3917199
2.055204
2.2316754
1.2558265
0.93160367
1.7087569
2.211948
1.3166099
1.3421705
1.3403833
0.97985554
1.9642863
1.7876122
0.67634547
3.5140414
2.8090336
1.7215937
0.8139993
3.4701223
2.8673468
0.91771585
1.231193
0.98482466
1.5880616
2.1542077
1.7498543
1.3335065
1.9835936
1.3697963
0.98886526
1.232702
1.4576738
1.366025
1.1022947
1.0818721
1.6464632
1.7970469
0.9621523
1.3422917
