0.19764796
0.45411706
0.6767601
0.12502117
0.6967171
0.9542699
0.27474332
0.3757378
0.2872575
0.5291782
0.29341593
0.31897214
0.38947052
0.30851138
0.28086174
0.26088893
0.2570635
0.2550788
0.28377822
0.32242957
0.48690456
0.32466808
0.16077754
0.23063028
0.2214724
0.45688644
0.34690177
0.43500087
0.30921897
0.53669935
1.0861815
1.0337551
0.2743724
0.83639884
0.9649202
0.86983037
0.71434397
0.79562384
0.5079654
0.28877205
0.48023403
0.5285675
0.5095265
0.21422775
0.23093274
0.24730216
0.16087344
0.48569527
0.3679594
0.4814139
0.13391814
0.46855932
0.40104967
0.26415324
0.8336063
2.1789896
0.484667
0.6311214
2.5643897
2.4396756
2.8101223
4.256631
1.0975199
0.860581
1.0879745
2.6953068
3.391508
1.6580185
2.4668689
0.6568454
0.71003
1.168026
0.75788885
0.6413641
0.5363779
0.90741426
0.69730896
0.5859474
0.72985494
0.60677224
0.8372639
0.8865781
0.24584979
1.387706
1.5406609
0.31473982
0.43287137
0.53701437
0.8499949
0.62432534
0.35707894
0.5747601
0.32801127
0.3532027
0.55762714
0.6438304
0.37464312
1.389133
1.8452885
0.24414036
1.0906303
0.4782188
0.41304475
0.7155561
0.4486138
0.5206326
0.445184
0.35030997
0.4050263
0.52455676
0.32694608
0.7933362
1.3897598
0.8711262
0.44025546
0.60789156
0.7465047
0.49130774
0.43622604
0.5646092
0.38182622
0.63802403
0.47312096
0.52710235
0.5288224
0.517158
1.0781076
0.5780812
0.2152311
0.34707767
0.53464204
0.3298306
0.5098691
0.26498628
0.39298004
0.265373
0.30874264
0.52478683
0.42697844
0.2889105
0.23052767
0.32238337
0.4333878
0.6192283
0.30705392
0.3598458
0.56953096
0.6508013
0.6362643
0.31819806
0.3256052
0.4426146
0.7811146
0.42731997
0.33990175
0.49782398
0.68798935
0.4391572
0.51882374
0.40545657
0.38135627
0.64385545
0.23607649
0.47287452
0.23111337
0.23158121
0.46788034
0.9248253
0.7798309
0.54491526
0.3681564
0.2782485
0.2523721
0.20750323
0.32562608
0.3026414
0.39208168
0.44639653
0.2538674
0.96981597
0.72145337
0.31706506
0.6991582
0.31654635
0.35347086
0.3098001
0.29405957
0.3554152
0.6865542
0.23927692
0.28688532
0.5257482
0.5556169
0.39664906
0.29720283
0.23510672
0.14322537
0.29223305
0.48222044
0.27195308
0.3281837
0.32979974
0.24482054
0.41702726
0.4982334
0.42822063
0.20504725
0.5623872
0.658813
0.20933515
0.21622512
0.46232557
0.32304746
0.23942445
0.34350052
0.26269993
0.28698602
0.42285955
0.3763445
0.22062168
0.26662287
0.33360335
0.3269078
0.2505098
0.34853813
0.3386488
0.23752703
0.5054412
0.49025056
0.3492236
0.46863836
0.29768822
0.33031395
0.4820279
0.3381451
0.35807267
0.57952994
0.28287786
0.25361377
0.3384487
0.2558506
0.4907753
0.77238613
0.21087031
0.6936737
0.32949898
0.88944185
1.123296
0.26079682
0.59094113
0.29644835
0.39487404
0.2556751
0.35406348
0.16376582
1.0901028
0.9456394
0.28839225
0.2862601
0.28993732
0.2914741
0.26196247
0.368442
0.24192497
0.33142787
0.5961348
0.23748669
0.5399241
0.18280508
0.8880932
0.9133576
0.36835104
0.64014864
0.66327167
0.6084408
0.2687993
0.43864316
0.41919282
0.41259181
1.0097687
0.36325747
0.74624074
0.92284167
0.25657243
0.34834662
0.31732678
0.2582152
0.24000534
0.5126886
0.3681542
0.21657202
0.35646117
0.23677912
0.261612
0.20454934
0.25501835
0.37938374
0.52049255
0.26769084
0.17056891
0.20733684
0.40491825
0.15482625
0.27641
0.26076522
0.34145257
0.36920157
0.26607904
0.23155177
0.7638544
1.7820103
0.8828864
0.50734186
0.42776173
0.5941975
0.27858508
0.30549076
0.23073016
0.18935588
0.32162088
0.32170838
0.20952377
0.25579256
0.4014328
0.44172427
0.35560614
0.26987222
0.32322618
0.3779425
0.46268246
0.50703174
0.3961823
0.22273903
0.42653143
0.2095227
0.34075266
0.45979065
0.18639821
0.23671603
0.70284253
1.7055955
0.50774485
0.400758
0.84435886
0.4897255
0.29989687
0.47204614
0.31401432
0.37718147
0.49434596
1.162786
0.8991503
0.26286048
0.6323076
0.6032555
0.53123367
0.2462962
0.4936301
0.3558507
0.38699615
0.51905227
0.237695
0.9014545
0.8225206
0.22379476
0.329841
0.7037721
0.7333512
0.4550574
0.38895774
0.37149724
0.35959703
0.56975996
0.22285837
0.62799424
