0.15313184
0.14844057
0.19778293
0.62569714
0.6489787
0.1672905
0.23889397
0.19055851
0.19957694
0.23090768
0.36126804
0.18946768
0.206039
0.28245836
0.11411858
0.21309757
0.20785429
0.25253248
0.21308325
0.12722996
0.29838282
0.1613393
0.20328826
0.19489552
0.31694448
0.29066297
0.168005
0.16587305
0.20681141
0.18514806
0.14393759
0.1317718
0.19986033
0.11686522
0.10894969
0.17834264
0.17625955
0.12600249
0.27448264
0.5296961
0.9176036
0.60755396
0.26353317
0.23760633
0.40451485
0.10102546
0.49363524
0.35145053
0.12925301
0.11743251
0.15856098
0.4926391
0.26370704
0.17599112
0.3570178
0.5270432
0.2995712
0.23205206
0.17451409
0.23299286
0.20755546
0.15940186
0.2601836
0.31827354
0.12697202
0.24086158
0.24849784
0.3243676
0.3411501
0.58165336
0.34987056
0.13632673
0.2499944
0.22265685
0.25727555
0.1681127
0.14113659
0.17251313
0.18260312
0.18484706
0.24759124
0.18187606
0.14524373
0.17305207
0.422112
0.33853826
0.06753429
0.40261167
0.38798288
0.21144158
0.26762313
0.17838743
0.16468519
0.17167738
0.1566258
0.12046426
0.23761806
0.15614259
0.100372866
0.16409822
0.2374872
0.26751322
0.16139048
0.2427176
0.375783
0.3262107
0.2457051
0.17343801
0.13647325
0.2181201
0.16306776
0.21089135
0.30014697
0.12396021
0.26376477
0.28653893
0.13276398
0.2293915
0.11456582
0.19754247
0.16897342
0.22108969
0.28659245
0.23838797
0.21777642
0.4250184
0.14351326
0.4442954
0.6081717
0.12332468
0.2651371
0.20666805
0.19313729
0.23615104
0.13780522
0.08484579
0.12013205
0.20894906
0.15475461
0.2455095
0.15108687
0.12849757
0.17491493
0.14617386
0.19263443
0.13846272
0.13051051
0.1638937
0.088175006
0.13960606
0.15950406
0.32865727
0.32715428
0.2660437
0.10294863
0.14901888
0.15581733
0.15208168
0.23433664
0.4044834
0.26974055
0.20615882
0.16892669
0.14366396
0.11373914
0.1539504
0.18902367
0.114942715
0.48460233
0.112460345
0.59213364
0.88670474
0.50896746
0.20175932
0.27004278
0.271164
0.15958372
0.4968609
0.23237056
0.32515547
0.45935392
0.25707704
0.20178902
0.10661981
0.14651445
0.21082169
0.15191036
0.09951306
