0.73643225
1.4138296
3.2410743
0.75325173
1.3162143
1.3484111
1.2115259
1.7629229
1.5813471
1.2473849
0.69057524
3.757382
0.5990311
0.9116498
3.0784361
1.4460797
0.65756917
1.3599901
1.015026
1.440614
1.6779733
1.7769575
1.2496405
1.0809935
1.2210875
1.51969
0.83456993
1.1928484
2.1964922
1.8519901
0.8645948
1.6782448
2.0504694
1.8870131
1.6459899
1.0271981
0.8170517
1.4932323
1.1765646
1.510459
1.1825519
0.4865582
1.6722877
1.4787177
0.43654037
1.2166538
1.4276288
1.1410534
0.7056251
1.0442611
1.4496744
0.9036091
0.5017554
1.2871488
1.5489019
1.3172052
1.0435042
0.63664603
0.8630716
0.78764105
1.4161587
1.176594
0.44973564
1.5306553
0.41437972
0.8207142
0.68168986
1.2753124
1.4961975
0.7094228
0.9683233
1.4139566
2.3199964
1.5133612
0.39506876
2.770751
1.9499918
2.0462375
0.20676827
0.72281814
5.0675364
2.9424524
0.5541493
1.6315427
1.8824766
1.0814314
0.7918484
0.8007952
2.8900404
1.0632272
0.7208487
0.9948045
0.8603688
0.85003436
1.3914418
0.8663622
1.0465984
2.509112
1.0619826
0.5743092
0.73640513
1.3154434
1.3177695
0.35967553
1.8075831
2.052278
0.780208
1.3215076
0.38485387
1.156718
2.0260963
0.9092617
0.9051066
0.7630892
1.3546745
1.0810496
0.5001771
1.3926623
1.3510749
0.8561616
1.5455208
1.3131567
1.090285
1.3252251
0.90358454
1.8487325
1.6407646
1.7938856
1.0622455
0.80699205
1.0126419
1.2571113
1.3499418
0.7428367
0.813037
1.5333483
1.4963493
0.5181622
1.040633
2.1354046
2.3795042
0.7544599
1.3099445
1.766069
1.9432003
1.1974704
0.7379047
1.0249851
1.2404845
1.7880434
0.47791266
1.17317
1.8446274
1.0857084
0.8657233
1.6216054
1.9762878
1.751754
0.8471536
0.93146825
0.7267631
1.0144322
1.9904045
1.0610362
0.56147957
1.4740914
1.1539779
1.6992266
0.18626326
5.0491734
2.176296
1.7775846
2.0679169
0.3186881
4.627931
1.2547061
0.9845354
1.9980135
0.60487914
4.4785714
1.0031016
0.85076505
3.2644846
1.3322424
0.50596297
0.8474258
2.5898151
1.8399231
