1.8569188
1.3215693
1.371052
1.3544042
1.2719305
1.5388403
1.575691
1.2805445
1.3351398
1.4865694
1.3355099
1.4197586
1.3900274
1.4670842
1.409802
1.3511951
1.2930927
1.4098587
1.2315481
1.3356118
1.7650181
1.6342001
1.2681417
1.3646197
1.5389951
1.3623593
1.4873575
1.5162433
1.4649925
1.3185816
1.3469036
1.2954447
1.3373154
1.2846528
1.2820864
1.4475901
1.244882
1.4850713
1.6123791
1.8611358
1.5240877
1.3873923
1.3565692
1.463285
1.39806
1.4322274
1.3883715
1.4142039
1.6695434
1.2406191
1.3807988
1.2817906
1.3270342
1.3344166
1.4360418
1.3539329
1.3720382
1.4456536
1.3466871
1.348686
1.3892244
1.4249532
1.3408039
1.25511
1.4148575
1.3316563
1.4194015
1.588809
1.5316572
1.1801776
1.3408084
1.4420118
1.4656916
1.3631992
1.3695537
1.3635932
1.4248099
1.4825191
1.5140435
1.4906954
1.4544857
1.4006453
1.2504809
1.2871579
1.3665226
1.4163067
1.4749563
1.7040036
1.593068
1.2642009
1.4484571
1.3131949
1.4451878
1.4042051
1.3849754
1.4206795
1.3251483
1.4188297
1.4890547
1.3438604
1.2455544
1.2837055
1.457272
1.5057532
1.5399085
1.2081757
1.4554293
1.4213216
1.583854
1.4243975
1.5463665
1.4088984
1.5245256
1.4729834
1.2298062
1.3382847
1.2696042
1.3565819
1.5313349
1.4961479
1.3341846
1.2357256
1.3003364
1.338379
1.3992043
1.2938764
1.2976135
1.3574784
1.7170224
1.683707
1.7364364
1.3321791
1.2600005
1.2332898
1.2003609
1.3372846
1.5445987
1.6202662
1.4466188
1.248884
1.42823
1.3927789
1.2684872
1.2635363
1.306102
1.4764595
1.4629498
1.3757672
1.2599702
1.4922204
1.6785905
1.5229532
1.3951347
1.4380097
1.3307836
1.3321491
1.2474252
1.4122199
1.4291661
1.3649399
1.3562672
1.345279
1.3312417
1.2342727
1.2562397
1.2167606
1.367246
1.3633387
1.4587471
1.2790174
1.386249
1.2533212
1.2334039
1.4243051
1.4361467
1.4275098
1.4518886
1.6277609
1.6752653
1.4954438
1.438867
1.4049833
1.5451727
1.4002395
1.394001
1.3473035
1.3872864
1.5193969
