1.6933986
0.82238007
0.7495161
0.6400307
1.3381114
1.7186772
0.41863197
0.906536
1.5620284
0.62726784
0.5930891
1.5183573
0.37290093
2.5336268
0.6518671
1.0116935
1.203991
1.4069134
0.90814084
0.9210636
0.26583424
5.552287
1.12446
0.49304023
1.4161249
0.49436232
0.5656981
3.8875923
0.52438617
2.7678545
1.2163985
0.4038853
1.1775308
2.0617237
1.2804167
0.4225674
2.1086047
1.422714
0.85636526
0.7492517
1.2042807
0.5403288
0.9247068
1.2397947
0.68726087
1.547967
1.2346599
0.42835405
1.2727534
0.813103
1.2267022
0.84055066
0.63323355
0.63013136
1.0984912
0.38985437
2.812707
1.4264885
0.5491468
0.5927496
1.4663937
1.6977537
0.45057523
0.8741785
1.6379496
1.1708572
0.31711227
2.0753832
1.427075
0.7367437
0.65380204
1.5655344
1.0717247
0.38253444
2.5361953
0.90309095
0.29048914
1.1158947
1.1586654
0.96726537
0.47236618
0.33352453
3.3751402
0.33205545
0.49264842
1.0317527
2.0438087
1.4496716
0.6031647
0.8483584
1.3214551
0.9450499
1.0931137
1.4039034
0.41688555
0.5885145
1.4229114
0.9679407
0.38120282
0.9447451
2.8610187
0.8597253
0.3362537
0.77225053
0.8594707
0.48876876
0.6975326
1.5992438
0.8028388
0.14703223
6.594242
0.64624006
0.25211275
1.8666143
0.26509804
5.5255537
0.5762305
0.4869922
4.618347
0.12865525
3.3043544
1.6071515
0.925386
0.3968718
1.0803773
1.1850787
0.09944101
8.987169
1.0187498
0.22604814
4.5105324
2.014202
1.4077666
0.8504421
0.5924981
1.1546091
1.3489072
1.1526577
1.3222427
0.38484922
0.9061121
1.9040351
1.3717425
0.22391298
1.1614285
1.0476707
0.62096447
1.4654725
0.5656014
0.63700324
1.1131237
0.34495652
0.46035016
0.89772165
1.1775843
1.2004266
0.88791806
0.4122107
1.7758965
0.5692854
2.1620557
0.6221198
0.6358343
2.340248
1.3734488
0.43927738
0.65818226
1.2401192
1.2931161
0.41903496
1.1570029
0.66859245
1.3613229
1.2175894
0.71534073
0.9767697
1.5181952
0.11643449
9.258768
0.27363497
1.3389908
2.827997
0.47329915
1.2095134
0.3513917
1.9879643
2.2685144
0.11622321
0.55789876
6.4324136
1.9289011
0.89344895
0.9699755
0.9430452
1.7288454
0.4313991
0.360798
2.3808439
0.58283734
1.1099895
2.0020366
0.49921572
0.3276772
1.5384613
2.2465174
0.14540245
6.4691877
0.74267423
0.3634506
4.5210075
1.355095
0.2769701
3.9136043
1.1753707
0.5667161
0.87278944
1.9813194
1.2078161
0.26973355
2.560307
1.6646202
0.4257213
1.8861645
2.6354423
1.1863588
0.28555483
1.2949593
1.8230559
0.890837
0.4955454
1.2669599
0.84670687
1.3014536
1.0200382
0.73995256
0.3417286
1.6416589
1.7539
1.1354744
0.43933496
0.5259806
1.2344342
0.5475597
1.4231403
0.86569595
0.8612205
0.36637008
7.2236967
2.770592
0.0873887
8.161024
3.047002
0.3041469
4.6673155
0.37657097
0.5573366
0.23368144
5.3895645
0.37248433
0.5035461
3.7683604
0.31924862
0.68718463
1.511982
0.20004416
3.4499702
0.614982
0.78206885
0.9835982
1.3338087
0.17765294
2.3627102
1.3169922
0.511176
0.37392852
0.96363723
1.1794555
0.6841809
0.43567887
0.6577246
2.2376242
0.96040106
0.4279403
0.37404683
2.209388
0.9378211
0.22535214
2.8176453
1.152797
1.3654898
0.75359243
0.63504624
0.24993351
1.9195338
2.2705576
0.32517332
1.565022
1.1978335
0.71017367
0.87241787
0.7244319
0.3932413
1.9509615
0.84702647
0.54950553
1.148977
0.9391289
1.0237374
0.6082462
0.59451765
0.90482897
1.1152577
0.5679024
0.5854503
1.950613
0.19205296
4.471018
0.22734407
1.096439
1.2058005
1.1580341
0.4831897
0.54789865
2.0104065
0.3421157
2.2212524
1.166087
0.7765335
0.8004528
1.3356469
0.56117976
0.56349903
1.70225
1.2473502
0.54200304
0.7051765
1.6303387
0.8341464
1.0276062
0.52628815
0.57019526
1.7537479
1.232875
0.31426823
1.7254038
2.4439964
0.6399362
0.37350243
1.1543272
0.8784286
0.6474267
1.1325394
1.1594586
0.9052535
0.71129644
0.71803737
1.6555831
1.3412124
0.33775067
0.5513389
1.0306069
1.68927
0.1864351
3.4224315
2.0553396
0.22768484
4.8404217
0.2980358
0.80050206
1.7946446
1.2690964
1.1497493
1.1444646
0.5151334
0.19292021
