0.6899662
1.1371992
1.2968757
1.1220019
0.5329585
1.0410924
1.1820703
1.1472685
0.6052754
4.1414523
0.55133545
0.9564702
2.1467402
0.2427403
6.363806
0.25888628
5.4524508
0.30083156
1.7840681
3.535564
0.09603486
5.326747
0.77910507
0.26532564
6.560752
0.19856481
5.0841537
0.41751587
1.8784337
1.3794851
0.37042958
7.662987
0.95161325
0.8190344
1.6906201
0.19302508
5.537632
0.1362739
6.9570622
0.22268622
7.4219365
0.01972599
8.231156
0.32053858
5.6428814
0.11980808
7.085188
0.36983418
0.9355852
4.6565437
0.18864557
4.5786486
0.27260882
1.9303772
2.37995
0.30500135
1.5430748
1.8992866
0.19932391
2.6834064
1.2801279
0.45216346
1.4165378
1.3158871
0.20245057
0.5757099
3.501023
0.29776555
1.339833
1.5799835
0.34165576
4.1791115
1.6192963
0.32576984
1.2115065
2.2355812
0.8603714
0.7044584
1.8836622
0.57232034
1.4045466
0.99857473
1.8707361
0.8439232
1.3473274
1.0572567
0.309999
4.468878
0.88127023
0.6993569
1.3569306
0.6388252
2.0831687
0.97721994
0.276159
3.7703013
1.2415731
0.6176199
2.8398347
2.1279216
0.92456675
0.5059313
1.0219271
0.35856006
1.4607987
1.2951367
0.6648427
0.71584666
1.0429559
1.0141549
0.9430367
0.72395
1.3316398
0.7871336
0.7055856
1.4050865
0.30019855
2.3543224
1.2322178
0.9188564
1.8387663
0.74706864
0.6890114
1.7231841
0.52266884
0.5096243
1.8872283
1.5470257
1.3311614
0.7701297
0.96840465
1.9162974
0.9266729
0.85409534
1.2923644
0.8787693
0.74395037
0.6410251
1.5457155
0.8315443
0.785235
0.28760135
2.4311113
1.4721088
0.5930144
1.2818418
1.5303764
0.82118404
0.80084383
1.5053618
0.5915028
1.1089313
1.6941557
0.58177555
0.8411669
1.1453257
1.3671318
1.2026407
0.8190464
0.54242325
3.0090814
0.44107708
1.0506494
1.1241912
1.448072
1.4311762
0.9756642
1.0105217
0.25234962
3.1509
1.3364549
0.44870734
2.081095
1.6987351
0.19262478
3.6571612
2.4468927
0.7321737
0.8703381
1.805393
0.32436416
4.022834
0.76865447
0.4028059
3.125102
0.6936399
0.60736704
0.7970172
