0.16712236
0.038778424
0.089135915
0.07448683
0.20631431
0.19194894
0.06979877
0.07088354
0.07867624
0.11697081
0.07611826
0.049783498
0.11953074
0.092100985
0.21721509
0.1954149
0.08043653
0.09408472
0.06876508
0.11110762
0.16886564
0.10067581
0.111677736
0.09614471
0.12855619
0.18643528
0.0851558
0.06370023
0.120784566
0.0868162
0.17692971
0.06713033
0.09395783
0.17195529
0.2717413
0.067139655
0.08447269
0.060249567
0.076229766
0.11990784
0.12030354
0.07313013
0.10814601
0.053330887
0.04055378
0.16572414
0.16256556
0.094679594
0.14452636
0.077465065
0.06494525
0.11927328
0.08144061
0.060587756
0.12760507
0.065551534
0.114965975
0.036439884
0.10826474
0.077804886
0.5468172
1.1306437
2.0438044
0.97099745
1.1505358
7.5613174
11.996126
1.8520004
11.280219
9.612343
10.45934
6.5001593
5.6631722
4.08914
2.1042888
2.3571649
2.8732426
1.8328493
1.7244331
1.408311
0.9554136
0.90532124
1.5882912
2.6133807
4.236109
0.8252282
2.470427
2.8919225
1.2090209
1.5836037
1.051232
1.164721
1.4108437
1.1166914
0.5910457
0.6835426
0.29412186
0.80898845
0.9306388
1.5132542
2.0337274
1.1993634
0.4779283
0.42242286
1.288904
2.3468397
0.6302302
0.76980686
1.9824903
1.9141316
0.42383003
0.8460963
0.6214161
0.66777086
0.5652513
0.48609757
0.512756
0.19336936
0.49043474
0.68316716
0.5361383
0.17253336
0.3654133
0.47979003
0.54666406
0.4724524
0.34283414
1.8545252
1.5589349
0.17053294
0.42495927
0.42278177
0.29345834
0.5247126
0.6922678
0.4489898
0.50313944
0.57503074
0.3809904
1.5044276
0.78224987
0.22583818
0.42196
0.95697254
1.5348235
0.49832273
0.3446754
0.33446538
0.4823645
1.2266588
0.7278917
0.25341287
0.7353637
0.5693128
0.52294374
0.3215521
0.4026344
0.15487781
0.1231745
0.16337219
0.31696814
0.5682528
0.68013144
0.43203795
0.295885
0.33013454
0.0749055
0.35866258
0.63311327
0.5109992
0.17901187
0.29164904
0.74667513
1.0163913
0.13565771
0.41145012
0.25490814
0.4248478
0.088010296
0.85787195
0.5484265
0.10378459
0.34252632
0.47252062
0.27069098
0.34529144
0.19585682
0.2666706
