1.2026
1.069386
1.6391747
1.1109887
0.93019295
1.3303759
1.5824791
0.9123232
1.3380433
1.7933159
0.29979056
2.380018
3.0028472
1.6840122
1.080225
0.92721224
0.97318906
0.9913189
1.1563443
1.5794334
0.8515215
0.9842033
1.1256319
1.1548221
0.9832268
2.5279014
0.9789005
0.5683565
1.3510513
1.1520449
0.9983522
1.1249099
1.8702302
2.2635639
1.1212094
0.7603702
1.7900978
1.5740161
0.63435507
1.680893
1.453618
1.7151403
0.92462105
0.5870123
1.3862531
2.4209166
0.29562232
0.66550595
1.6535672
2.3651521
2.0195189
0.7341682
0.4720549
1.7597017
1.910784
0.9210609
0.60024124
0.751469
1.2313368
1.3941425
1.4441674
0.8695457
1.1756341
1.2673247
0.75969255
1.0576216
0.8721713
0.6816393
2.866073
1.5453227
1.0719985
1.2017578
1.1968642
1.0334871
0.8254005
1.3023317
1.2243464
0.38575852
2.8190472
1.7390239
0.7955458
0.99379504
0.86478627
1.6833179
1.6293535
0.74088764
0.74229944
1.0483449
1.355703
1.1081936
1.1068082
0.98063815
0.7905337
1.8719815
1.2583576
0.76128834
2.1001847
1.3421245
1.2332189
1.0625311
0.90411246
1.080199
2.1599655
1.15904
1.0786209
1.3398925
1.2368271
1.3023629
1.0234764
1.0040085
1.68693
0.22727609
7.489332
0.12073119
7.1310306
2.9604263
0.115866885
12.417091
0.48734304
4.6983905
0.24403103
12.0904045
0.61662257
4.1042438
0.060784668
6.710062
1.4651468
0.3180852
1.09218
0.931945
1.0645273
0.9478595
0.4436555
1.3888657
0.6633193
2.0429795
0.48162666
1.7464899
1.3345156
0.48356342
2.4175582
1.0220647
0.27327532
5.30433
0.6600344
0.44161224
4.3214045
0.8924706
1.4556857
1.3618866
0.7180115
1.3742144
1.9831771
0.69773453
1.468934
1.0793548
1.691541
0.7996666
1.1099213
0.88743365
1.3999482
1.5943313
0.95746243
0.57909405
2.4900222
0.99535024
0.4919552
1.2980015
0.5265988
2.8653178
1.9095206
0.25920987
4.9813547
0.51244783
4.0587363
1.8712354
1.6652894
0.663755
2.3023667
1.6896195
0.30977428
1.4596176
3.2440395
0.76942104
0.38417488
3.1559212
2.28798
0.75632226
