1.0088035
2.2466006
0.9977975
0.5521766
1.4485922
1.1742449
0.45450974
3.4765124
0.5137447
0.70919025
2.1548624
0.8990574
0.36120027
1.758395
1.1880009
0.6107414
1.0273278
0.83211434
0.85428774
1.4516869
0.81763446
0.6687486
0.93389297
1.5453161
0.30301642
1.8320136
1.5682352
0.50117004
2.2300773
0.73331934
0.506292
2.0680594
0.7465066
0.55217737
1.5600371
0.42016214
1.8707461
0.37636745
1.9539562
0.5841986
1.2465928
1.0884559
0.79209995
2.2470918
0.33288786
1.7914245
0.741264
0.535027
1.8634655
0.985306
0.2562757
2.7461576
0.57833064
0.9626138
1.0405442
1.0418279
1.3768696
0.3302806
2.7656069
0.5432744
0.9020626
1.0419931
0.622342
2.6960921
0.63145375
0.6588173
1.8627722
0.5617145
0.88664234
0.8102613
1.3423156
0.6730792
1.4298775
0.49312076
1.2619529
1.7717532
0.2885257
2.9186034
0.49724182
0.88317716
1.8245218
0.742075
0.7106546
1.2888813
1.1961175
0.4144232
0.54546905
4.2321033
0.32853064
1.4502459
0.9058885
0.9171288
0.86847925
0.54371476
1.7668488
0.7784934
0.5079642
1.1500074
1.0557556
0.75306326
0.61115867
2.5068407
0.5079953
0.6208272
0.90219486
1.7288141
0.29275143
4.136045
0.39302343
1.0420327
1.416431
1.2017887
0.798248
0.77359086
0.8291768
1.804174
0.4422856
1.1951399
1.4570286
0.41858053
2.5723872
1.2478237
0.60798395
0.50448155
0.8918793
1.0706258
0.8309455
1.2083211
0.65763795
1.6090255
0.5203513
0.7792287
0.88468474
0.96530807
0.904036
0.8398867
0.6401267
1.4312241
0.61158454
1.9083598
0.4333631
2.589301
0.677747
0.70203304
2.48461
0.4243052
0.44410786
3.5752816
0.8378749
0.4953344
2.5422692
0.93267035
0.7452899
1.3176693
0.718688
2.0646634
1.3660941
0.7353913
0.58379287
1.1868526
1.253901
0.9254107
0.66773146
0.85954446
1.668447
0.4188719
1.5898882
0.51682335
1.18173
1.4648424
0.5367172
2.4247725
0.29941988
1.2796121
0.5924392
2.1571615
0.39896363
2.381396
0.80098504
0.6418366
0.6935575
1.4010746
0.71036506
1.6772048
0.65629303
0.7439011
1.6962723
0.7148267
