1.8759792
1.3264439
1.8930178
0.8431661
1.5709949
1.9099596
1.7459956
0.70855224
1.0991559
2.0482988
2.088396
1.3160286
1.2050562
1.6244599
1.4676297
0.95859855
1.2070602
2.125195
1.7809486
1.7666488
0.5432645
0.8940724
1.9882967
2.044878
0.21026143
4.880413
2.514694
1.8254428
1.3644007
2.222166
1.9215204
1.7872767
2.0912628
1.651902
1.3580846
1.0239241
0.655633
1.840517
1.9835502
1.0388066
0.8744304
2.4216938
1.4504969
1.2163645
2.5993001
0.8139529
0.788442
4.1006155
2.6954
0.60042644
1.009915
3.8965225
4.0068946
1.3463402
1.1354203
2.0547423
1.730679
2.103094
1.1537071
1.6978583
1.6964161
1.5912436
2.0618062
2.0101464
0.6589333
1.1401596
2.4248743
1.4788527
0.8212681
3.2839704
2.4957728
0.35704124
12.459355
0.62437904
6.42326
1.3930702
4.668071
0.5595623
6.3736353
2.7031565
1.6839094
2.2099576
1.4531641
1.6063149
3.153428
0.6380701
1.2724217
1.7722363
2.1691294
2.127468
0.51714057
4.657531
3.324713
2.2705274
0.65652215
1.2092994
2.3909595
2.3546836
0.6348815
3.2691407
1.499567
1.6640148
1.1156547
2.1913557
1.5166615
0.3460284
2.9794888
3.2806363
1.4619915
1.8687547
1.8646958
1.2571833
0.2948395
2.499961
2.450897
1.3377898
1.8852468
1.1075127
1.1567088
1.0446129
5.1394806
1.7799244
0.45066127
2.5094707
4.0890636
0.29515958
9.587051
2.8111389
0.55524075
1.5401511
1.6078548
1.5280197
1.9333881
2.1270719
1.3843204
1.8549197
1.1745842
2.2483659
1.5892737
1.5830033
1.2280774
2.5597594
1.618525
0.8735932
1.4547145
2.7823362
2.8106186
0.72319245
0.87881094
4.9009476
0.99335766
1.3793892
4.5564837
2.4726858
0.5844778
1.9078522
2.8219762
0.7865581
1.9512624
2.1600366
2.2047622
1.574686
2.4898686
1.6732893
1.8805542
1.9734662
2.685874
1.7240076
1.8310047
1.2493232
2.4824567
1.2640104
1.6295788
2.348722
1.2745473
3.4799247
2.5960233
2.4593043
0.6747093
2.2829556
2.134523
1.5152488
1.2856617
2.4416642
1.3364943
1.3279611
2.4247952
2.6485538
