0.29243267
0.4398725
0.45462462
0.2289893
0.41652894
0.37353846
0.3520774
0.21237667
0.65172666
0.5640607
0.26072568
0.3585084
0.2093722
0.49901098
0.22165437
0.83235145
1.5401796
0.90504396
0.30037075
0.23851074
0.24400109
0.47627532
0.52105117
0.3781728
0.61529773
0.7601025
0.34640932
0.3863759
0.49489266
0.53255427
0.20957872
0.30845544
0.26119137
0.1888242
0.44673052
0.51302034
0.30288678
0.28047198
0.24151614
0.48233566
0.26761973
0.38972268
0.49295497
0.26346308
0.31509054
0.3149835
0.16861278
0.4138889
0.54789317
0.3716602
0.20877871
0.3635741
0.4270182
0.73499906
0.5338893
0.30937982
0.29484066
0.23213965
0.34782773
0.37028408
0.29664016
0.5513401
0.9930768
2.1878698
2.6666522
1.8746306
4.226293
7.2629466
1.5036128
3.7812603
6.9355917
6.974718
0.8032234
2.14914
3.745592
2.0463183
0.8898144
1.043304
0.78824234
1.2702357
1.1090074
1.4393349
0.7586213
0.53039426
0.7663753
0.86864734
0.63167095
0.77994037
1.1799418
1.1884881
0.90675753
0.566623
0.45704454
0.4670142
0.6274877
0.49152738
0.4227069
0.7814381
1.4929355
1.1758356
0.43396935
0.59544337
0.5213605
0.3019768
0.5057509
0.42717206
0.50019073
0.5439964
0.52946204
0.54101896
0.57745725
0.55573183
0.43616503
0.5958427
0.84729576
0.98816097
0.67567474
0.33920175
0.38813388
0.45342064
0.52476436
0.5882917
0.60710025
0.57320166
0.48597157
0.76127744
0.49371234
0.3871294
0.41255218
0.6259239
0.69897115
0.5185352
0.29388413
0.5784979
0.45817956
0.36172163
0.3655809
0.32921264
0.47129157
0.30757844
0.47161436
0.44464368
0.52320755
0.40219334
0.303558
0.5101373
0.8214221
1.2243128
0.88594747
0.36562213
0.6059869
0.3207063
0.36426717
0.33481866
0.3242184
0.33241647
0.39435452
0.32167524
0.30447674
0.623561
0.4792347
0.55086464
0.67468894
0.6779192
0.6006236
0.33707666
0.47265065
0.90131694
1.3781612
0.2814441
0.37267318
0.31568885
0.5064725
0.36755407
0.76896995
0.87624574
0.26672277
0.3549298
0.35576022
0.21770126
0.27348155
0.6419002
0.3106192
0.51704913
1.1091067
0.51385957
0.40417525
0.6096223
