1.5373478
0.7723688
0.7205467
0.9457749
0.87984395
0.8211411
0.79353964
1.0594649
0.6882049
1.0351112
1.1019814
0.62631166
1.2265394
0.94298935
0.8921914
0.99488187
0.7207449
1.3970131
0.5752816
1.2399526
0.64924645
1.090143
0.9038173
0.9016981
1.1391213
0.7655566
1.2466862
0.4251254
2.0623071
0.6612487
0.47529873
1.2781458
0.93924814
0.67780197
0.65975666
1.1587785
0.88600254
0.7591229
1.1213415
0.6040586
0.78880835
1.1031169
0.7980579
0.89323175
0.8802475
0.863603
0.83898616
0.71625006
1.4100049
0.68196297
0.860943
1.1080472
0.52794355
1.296338
0.85176677
0.5815095
1.13295
0.8844712
0.68503535
0.93036306
0.88261116
0.5428853
1.5183833
0.8923856
0.53913295
1.1058233
1.0101846
0.73341775
0.8557975
1.0282732
0.70774674
1.1624113
0.89788115
0.71512455
1.1192101
0.781363
0.95972085
0.973774
0.43793815
1.7309544
0.76826197
0.5383876
1.2284039
0.82197505
0.5789077
1.1497562
0.86132157
0.93904996
0.8849524
0.75812256
1.0155122
0.81706077
0.79079366
0.80224437
1.2501134
0.68377656
0.44076324
1.87624
0.54732335
0.7412588
1.1948348
0.78807306
0.7876105
0.89708686
0.83073074
0.84617484
0.92606133
0.7272681
0.7963838
0.97727025
0.8389081
0.9071305
0.91402096
0.7981267
0.89057916
0.86282516
1.0036023
0.77175075
1.2128394
0.36978742
1.5003713
0.91861993
0.6972256
0.9560768
1.0133674
0.59534025
1.2394013
0.58865863
1.1613996
0.8741777
0.9504389
0.8107486
1.1535788
0.7918731
0.8674724
0.7745027
0.6722377
1.0689131
0.86110836
0.48998514
2.2289162
0.733288
0.49438363
1.0239104
0.9323659
0.64006484
0.8287242
1.0623848
0.67468643
0.8236425
1.1843702
0.5802674
0.99578655
1.1189295
0.84300995
0.9064126
0.8640884
0.76096785
0.778599
0.7382792
1.5544151
0.6316464
0.7621371
0.89057064
0.85493946
1.1842873
0.6229812
0.7059153
1.1504087
0.6540247
1.331665
0.7391334
0.57670254
1.100711
0.816674
1.1818721
0.698176
0.9981167
0.88104725
0.6553315
0.98856574
0.71267664
1.124282
0.8218914
0.7150758
0.9643184
1.0002191
0.4434414
