1.316244
1.0769322
0.6218416
0.9779837
0.8170486
0.9012362
0.93369025
0.80346125
0.7108537
1.1465693
0.89784294
0.7854694
0.7809712
1.2814484
0.6039585
1.4098393
0.64187914
0.9482141
1.0812267
0.8947548
0.6448711
1.2489048
0.65280306
0.75471526
0.9364838
0.8428384
0.8460406
0.78324485
1.1240933
0.7098056
0.5237353
1.6054378
0.76525474
0.72304845
0.6819352
1.3357015
0.80500984
0.57002485
0.99166685
0.72823864
1.190397
0.6042564
1.018341
0.9015265
0.7127719
0.91853607
0.73665893
0.4528652
1.7551528
0.52394414
0.92833775
0.94916373
0.6130843
1.0889711
0.82678276
0.589403
1.0429788
0.87051547
0.78050095
0.90862155
1.0340724
0.59987354
1.1689756
0.7074735
0.58099085
1.2483027
0.9800418
0.6577568
1.0008231
0.8705507
0.7158969
1.2763995
0.6234923
0.7488718
0.80629164
1.2377837
0.67982244
1.2011648
0.48796648
1.5852253
0.5903262
0.6958552
1.157094
0.76862246
0.72472155
0.8719095
0.83106387
1.1629951
0.5826111
1.0335344
0.8869709
0.8000244
0.75110507
0.6852097
0.9400985
0.93796444
0.47922796
1.6828883
0.5461416
0.69486487
1.127527
1.0083952
0.75837123
0.80853474
1.013443
0.876246
1.0029199
0.7387956
0.82638586
0.69165546
1.2183192
0.60406053
0.79055405
1.3388419
0.5068136
1.1043122
0.7661521
0.7529148
1.067132
0.3843088
1.6564893
0.8263239
0.6055118
1.0483284
0.7395495
0.6156254
1.2305202
0.6280424
0.87049997
1.1578517
0.78315204
0.63007784
1.2567862
0.9741699
0.8464485
0.5757796
1.2067788
0.698251
1.0616976
0.82220495
0.83722436
0.75157034
1.1659961
0.6102407
1.5088004
0.47929424
0.94515276
1.0550846
0.6821798
0.9793817
0.824484
0.8005116
0.82528067
1.0422063
0.6915138
1.0543735
0.84004396
0.7608519
0.5674925
1.3603896
0.7287795
1.1858184
0.84710777
0.7063587
1.4152393
0.56980395
1.2656076
0.45567983
1.3755264
0.7208756
1.1386261
0.8734435
0.5432407
0.9811784
0.9225889
1.0670431
0.5836663
1.3725581
0.6981646
0.709713
1.1321824
0.6509966
0.96634537
0.99066937
0.6189292
1.1605325
0.87289524
0.4111479
