1.5055428
1.0595318
1.1622219
1.9575729
1.2856205
1.5829298
2.396707
1.3869145
0.9531609
1.1170404
1.382267
1.7958372
1.3074834
0.83660233
3.375264
1.8679832
1.7514281
0.7706432
1.0546727
1.6433977
1.75558
1.3688421
1.0470738
3.6119058
1.7153398
0.34870034
4.8442574
3.5006628
2.114728
0.42846313
3.6126285
2.909658
2.0691986
0.85775733
1.3090676
2.2113822
2.0983038
1.3825524
0.7845564
1.3658875
1.6579537
1.6529844
1.1709726
1.7930529
0.98388326
1.3688921
1.2293586
1.4869467
0.8877851
1.3988354
3.379512
0.92641664
0.468709
2.6709728
2.6030197
1.2426324
1.4334579
1.5227067
1.6305617
1.6331251
1.0775473
1.8602829
2.3169878
1.8357027
0.37835857
3.4591541
2.3136
1.6922712
1.3173101
1.2053704
2.2143955
0.8851128
1.2686372
2.1061082
1.7838234
1.0987127
1.7455442
2.464248
1.7456594
1.2127597
1.5028297
2.3395028
1.7443005
0.8607378
1.4103076
1.6879934
1.649632
1.525976
1.5054153
1.5614569
1.1283839
1.5685592
2.1232677
1.4748778
2.8008635
0.6296716
2.6217005
2.2908912
0.50447536
1.1460156
2.6248136
1.8698621
0.6243192
2.6994572
2.4550486
1.7769742
1.9128656
1.3550398
1.4278936
2.3925843
2.0903428
1.3762976
1.6137074
1.429286
1.3551016
1.2190819
1.7740971
1.4038689
1.7574501
1.0047249
0.7836752
1.5996363
2.2301123
1.9913079
0.8761176
1.3993597
1.8802212
1.1925571
0.956139
1.6753126
1.7007469
1.0225296
0.4697896
2.159
2.104703
0.9508442
1.0982931
1.6499457
3.1795897
2.8724818
2.0107172
0.7996096
1.0440451
2.1834002
1.7711203
1.1400852
1.4559041
1.7482165
1.1227214
0.9298841
2.0901
1.5939751
1.5197151
1.1899229
1.7402772
1.7220266
1.8755596
1.9446045
1.5254583
0.9902086
1.2659879
1.5317378
1.559345
1.7109522
1.8840156
1.3828292
1.3447255
1.5103106
1.616164
1.2410495
1.3637217
1.592962
1.7840525
1.8322825
1.5203418
1.3909347
2.6086123
2.18467
1.6323959
1.310801
2.1184468
1.6507318
1.2667594
1.3685604
2.0954325
2.2634254
1.3643942
2.0801976
