1.1123699
0.88271356
1.4210613
0.88719004
1.1405544
3.3998904
0.9070577
1.6030202
1.4695477
1.6061959
1.7847044
2.18111
1.6588703
0.8277087
0.87676555
1.5688636
1.0793326
3.3070507
0.401372
4.0434694
3.5891647
0.77915937
0.8727262
2.7708707
2.06285
0.859746
1.1766924
1.0700032
0.90723526
1.1659329
1.6139257
2.0137618
1.6405691
2.832449
0.976519
0.99818075
3.9496112
3.3463702
2.4142447
1.8152784
0.6298131
1.6366519
2.4901888
1.9605236
1.3513365
1.3977358
0.29385126
1.1713731
2.1826046
1.5677803
0.8284028
0.8069468
1.5442971
0.64406484
1.2357213
1.3912187
1.3013895
1.0444546
1.0364544
0.8135786
2.396676
1.3734804
0.7046441
0.56287825
1.9992021
1.612462
1.338681
0.8047682
1.5102322
1.6858132
1.5287256
0.8058741
1.1345909
1.1871575
1.3776193
1.5023888
0.5730786
2.0274127
1.4774649
1.4240999
1.4016708
0.76641905
0.8782735
2.4388113
2.400628
1.3723682
1.2325457
1.1779689
2.8302546
1.8353989
1.2232894
1.223168
1.3907546
1.6214588
1.8251866
1.1678741
0.7727648
1.384891
2.0303347
2.1583512
0.8276179
1.9423157
1.5396065
1.2031376
0.6740743
2.2541308
2.0070262
0.8019521
2.1538522
1.8167347
1.1753408
1.5674945
1.3080292
1.3518254
0.40210986
1.2320378
1.8010609
2.3630602
1.1756403
1.2118107
4.8806715
1.7632633
0.8497392
3.2426543
2.571972
1.5229542
1.6834872
1.5279
1.6237315
1.2194772
1.7556524
2.5414238
1.0655799
0.8159806
1.1567755
1.7425009
1.7996309
1.054182
1.269518
1.4670655
1.7785788
1.0903265
1.6331288
1.2506009
1.681648
1.7076788
1.2812008
3.081311
2.3109279
1.0725782
1.2113116
2.1742427
2.2797692
1.8266538
2.5036888
1.7412317
1.6529329
1.599547
4.4780674
0.19523406
11.706635
4.5290337
1.0668999
1.3440061
3.9458787
0.2643562
1.6486766
6.6375556
4.44683
1.7943332
1.048709
1.414218
5.086719
3.6227307
1.0672727
3.0206835
2.6533208
1.2192684
1.7646638
3.4297657
0.80008
4.084714
2.7111404
2.1063104
2.2226417
0.98108226
1.6396048
3.7516007
