1.1376777
1.0684328
1.0971371
1.1366671
1.0438036
1.2488453
0.96097195
1.2778938
1.0978259
1.0992627
1.0416366
0.93986595
1.0091449
1.2186263
1.0843632
1.0539706
1.0721335
1.0988142
1.0629542
1.1012081
0.97720635
1.0281932
1.0709887
1.1527998
1.0926237
1.2588414
1.0748549
1.2280818
1.1318121
1.0702925
1.0849411
1.0955398
0.93703306
1.1223438
0.98641336
1.1486187
0.99093044
0.98310435
1.1555505
1.0631914
1.2064517
1.0526607
1.0482416
1.2006333
1.1097114
0.99156404
1.2803351
1.0080508
1.2763672
1.1036623
1.0611118
1.1371956
0.9411997
1.3077639
1.0347006
0.8518971
1.3965628
1.0805802
0.942801
1.4797848
0.9716403
1.1171724
1.2611504
1.050648
1.0415502
1.2753876
1.082681
1.0585303
1.1330489
0.8918474
1.2093312
0.98692024
1.0461187
1.1075572
1.0431472
1.0086331
1.0067719
1.0884084
1.0825475
1.3489263
0.8929552
1.0683911
1.196604
0.9541888
1.004686
1.1343625
0.96049714
1.1232644
0.92776775
1.0592065
1.1365813
1.1036558
1.1808898
1.1146544
0.9730474
1.1194535
1.0732167
1.0735697
1.2102956
1.0393782
1.0410514
1.1741676
0.99786437
1.0776186
1.0063235
1.0517894
1.1056688
1.0511291
1.1622097
1.0662951
1.1435516
1.109989
1.1423054
0.9921266
1.3436441
1.0891757
1.18834
1.1420555
1.1784756
0.9422977
1.2106538
1.0187616
1.0447965
1.1516566
1.0152512
1.154417
1.2178888
1.0655601
1.1497597
0.96016395
1.0202959
1.1074882
1.106409
0.995872
1.337732
1.0148493
1.0322089
1.2638485
1.0043163
1.0861864
1.0557052
1.0500783
1.0822313
1.0800898
1.0765696
1.2227566
0.99352944
1.1404138
1.0392745
1.2969577
1.0718637
1.0231075
1.1858066
1.0313613
1.0445793
1.1914496
0.95617336
1.2453378
1.016351
1.1771286
1.10243
0.90142006
1.219
1.0862134
1.0686907
1.2359933
1.0858434
1.1495932
1.104722
1.0719571
1.2202281
1.0280128
1.131271
1.0623595
1.2479224
0.91011417
1.2833818
1.0330287
0.9708128
1.1486634
1.0622978
0.99409217
1.1788486
1.0393717
1.0719352
1.2875426
0.9606936
1.2260959
