0.6763411
0.3819791
1.9735805
1.0443451
0.38988584
1.7547281
0.8037834
0.4230649
1.8737177
0.7973697
0.81983626
1.396431
0.5153723
1.7192472
0.66798437
0.801959
0.63348675
1.0775286
1.1457865
1.3294814
0.42526406
1.6632824
0.4721611
2.17341
0.32205927
2.333715
1.0803088
0.3787868
1.5200825
0.8167407
0.331953
1.1919822
0.8661988
1.157038
0.5957254
0.71839076
1.72845
0.5619695
0.9849278
1.4510127
0.35036716
2.4456627
0.5615717
0.87808156
1.2779052
0.6862736
0.98692894
0.6482265
1.3709819
0.5262237
0.5657456
2.280799
0.34796184
2.0315645
0.4095831
1.4909
0.7423742
0.46039507
1.6158926
0.8594456
0.4607705
2.571795
0.26143575
2.3688378
0.7671615
0.76031864
1.1959224
0.85861695
0.9787224
0.72740674
0.7504511
1.5099819
0.719231
0.5373939
1.8467813
0.46311805
1.1766261
0.70240504
1.2836373
0.65667164
0.51466686
1.8052459
0.43320394
0.9288795
1.1771228
0.79588896
0.5287963
1.1175015
1.35461
0.49463275
0.98933405
1.6973174
0.226648
2.5513954
0.47896305
1.108604
0.80268824
1.2557609
0.36128938
1.5816952
0.6997898
1.2956173
1.3809063
0.6134005
0.9119861
1.2508118
0.38605934
3.2123325
0.25090808
1.8403435
0.38819808
1.4854045
0.4860201
1.1908045
0.5940949
0.94155514
0.95058936
0.7485205
1.1994469
1.1454027
0.8487754
0.7406775
1.1027639
1.6827215
0.28222504
3.9419045
0.69603753
0.47372076
2.116485
0.76837826
0.3302813
2.4591835
0.49952668
0.95949346
1.5566801
0.58372575
0.873585
0.85329187
0.96018726
0.84314257
0.60437155
1.9643285
0.42134637
2.957478
0.5434876
1.1149917
0.9782018
1.1935253
0.23628624
3.6680043
0.20939969
3.2461371
0.7437419
0.84674287
0.83391637
1.0716366
0.4531674
1.197326
0.5057062
0.88200945
0.6520392
1.2583575
0.48795193
0.8980967
1.6881971
0.46930358
1.6819432
0.42175087
1.7272526
0.7539811
0.72837114
1.6251053
0.40761697
1.7295907
0.83389556
0.6028199
2.4583356
0.30370957
2.0202324
0.56491137
1.7303843
0.71872413
0.9892861
1.0072684
1.208436
1.1229298
0.49473804
2.514002
