0.15169615
0.20950566
0.13895607
0.10916222
0.110144466
0.40791777
1.3735726
1.1128592
0.6492355
0.45859993
0.20217134
0.14783305
0.37236091
0.3321602
0.15340705
0.1582864
0.12834398
0.1991624
0.26353037
0.20575318
0.1797021
0.13274524
0.20932636
0.19103324
0.15170623
0.17934439
0.14734273
0.16288687
0.16091728
0.14424676
0.3874184
0.7233379
1.5945855
2.131838
0.20758657
1.1337235
3.1773262
3.5394857
8.900907
0.57722557
0.47571406
0.6783553
1.0557966
0.54986525
0.297711
0.7095842
0.54383343
0.7759417
0.55748945
0.5691683
0.29430842
0.23804918
0.29106045
0.32747862
0.4416258
0.30021507
0.21171415
0.82337564
1.8945733
1.648569
0.48921937
0.30307448
0.25144106
0.49496776
0.23004018
0.80022836
0.47332963
0.23159575
0.33129364
0.37075168
0.64040554
0.21684282
0.24112251
0.27416334
0.43694586
0.61132246
0.80152476
1.0379244
0.40767342
0.20397411
0.51600564
0.7799142
0.85306007
0.44206107
0.24382491
0.34915608
0.22067523
0.42721778
0.22579464
0.38371474
0.40533373
0.2587052
0.308171
0.3665437
0.39178574
0.15418702
0.31100544
0.2556163
0.37269953
0.30934283
0.17995758
0.37024242
0.5795842
0.2789984
0.41239184
0.37965053
0.15142058
0.20266716
0.21085685
0.29166168
0.47848868
0.44267374
0.21112946
0.37095943
0.12243225
0.1280634
0.14917074
0.21836734
0.28091562
0.36373806
0.10429165
0.10388835
0.39587885
0.5881113
0.45960513
0.26254156
0.14734754
0.15724395
0.18529959
0.09472288
0.22867222
0.17340674
0.22016527
0.24710684
0.19944306
0.13126168
0.21600595
0.19214138
0.33884555
0.2901766
0.18456301
0.35145664
0.26768386
0.20848991
0.16075051
0.14260177
0.12599784
0.28437167
0.19452427
0.142142
0.25032783
0.21295679
0.2346017
0.22937644
0.26811776
0.10506241
0.66923296
1.3021917
0.38679105
0.17787865
0.29290795
0.14184901
0.2175292
0.76273763
1.0256021
0.80543935
0.37270403
0.09941906
0.5395611
1.0579743
0.4385433
0.45896202
0.25996724
0.12431287
0.13713549
0.18167314
0.36865246
0.57696605
0.2791301
0.30095625
0.23943102
0.2676647
0.23849168
0.15893866
0.25297266
0.13904844
0.24137768
0.10500315
