3.0097394
1.7372013
1.8091187
1.6147721
3.431235
2.5327158
1.8512648
1.8578644
2.3074727
2.502488
2.0588112
1.8363317
2.0661707
1.4811188
2.7919097
1.4894015
1.8718402
2.9560094
1.5417925
1.8609467
3.1494431
5.5990124
1.3268895
1.0777919
4.0543866
3.6655796
3.7875466
1.7751268
1.882739
2.0668278
1.6889068
1.4101144
2.0494277
1.9300671
1.929723
1.0864879
5.8368435
4.083971
1.1078712
1.8160921
2.9837008
3.3590379
1.5441353
1.256587
1.63593
1.401911
2.8100436
2.2353482
1.2882493
1.2903856
1.4774159
1.8548205
1.1417145
1.9702674
1.2224445
4.943123
0.83886886
1.8696535
2.633172
3.0115979
0.8540163
2.6952572
6.4810596
6.928111
1.3331327
3.4180608
3.8523679
2.73949
2.6683943
2.0288854
2.247809
2.6267908
0.47524896
7.3079348
3.0156493
3.0424223
1.7141614
2.0181584
2.63675
2.9300528
2.7090673
2.605058
1.0118812
2.7222953
3.0840802
2.390562
1.5506511
0.8967356
4.2410955
3.9200938
2.3277535
0.49458277
3.1264772
2.788795
1.7579575
0.8354371
6.4509387
1.458405
0.73402566
4.140251
3.562345
2.5558574
2.8670015
1.6528904
1.1440593
1.5875341
2.3889062
1.9494002
1.1401612
1.7484648
1.846827
1.4100893
1.6471168
1.6419629
1.2552522
1.3180277
1.3165916
2.2345557
2.1979322
0.90011597
1.4138627
1.6787305
2.1620576
1.2672424
2.0011072
1.8598864
1.9850066
2.300326
1.7159067
2.0468476
2.4109018
0.31812727
10.690193
6.6028852
6.0843954
2.6124587
1.2806326
8.281059
3.894175
1.723277
1.8959955
2.0548172
2.8891752
0.999229
2.373816
2.846601
2.8406358
2.4343848
1.3520174
1.6283499
1.9550933
3.4751935
3.2214022
3.084828
1.4536659
0.969405
2.1590137
2.5753908
1.7075464
2.3885608
2.0776508
1.7838298
2.4209473
2.0645113
0.88502765
5.9599485
3.605442
1.1603043
1.6020226
2.882679
3.2170696
2.5693266
1.7299833
1.0779017
9.587978
3.4949503
2.436679
1.4727147
3.035316
2.3591213
1.9049879
5.6526012
1.5758121
1.4741616
6.828235
1.325707
0.50077975
4.10744
