0.87085015
1.0233592
1.1396539
0.7525561
0.8095468
1.9901667
1.8502742
0.15935223
6.979482
3.5678985
0.67827296
0.24722561
1.6087438
1.3887682
1.0700006
0.864037
0.8460671
0.6338054
2.2122662
0.4944144
0.38852382
3.6063142
0.90585613
0.8176224
0.7178992
1.4238646
1.0985513
1.5688978
1.0734177
1.0926032
0.90266067
0.6864444
1.1936946
1.1818613
1.2775927
0.37181345
0.9788519
1.378447
1.4974461
1.1954215
0.6705086
1.2916105
0.9179814
0.42322433
0.9614191
1.5235898
1.2931601
0.30613735
2.1190524
0.66600466
0.49960703
1.1866704
1.2836075
0.25892273
1.252591
2.0617793
2.1382747
1.1795316
0.72374654
0.75764054
1.2945946
1.0304704
0.9793868
1.3281306
0.7100057
1.9175882
1.3443149
1.6669691
1.1676648
1.0240899
0.69306326
0.6389337
2.518228
1.1155262
0.8315094
0.6749507
0.9659534
0.8125428
0.8661475
0.95092094
1.1943843
0.3116853
1.0956656
1.2048972
1.168719
0.3226896
4.988908
0.72323644
0.515751
0.9588709
1.6642061
1.2302718
0.77621126
1.7127074
2.283092
1.0975991
0.44905376
0.41901514
0.8582524
1.4822795
1.0453448
0.93524504
1.3091464
0.5765648
1.0761453
0.8435293
0.7334067
1.3318489
0.56328285
0.7153437
0.78743625
0.9597942
1.2551146
0.7210513
0.28618237
3.187955
0.8786131
0.88241816
1.1423206
0.650149
1.0935059
1.3716258
0.9841182
0.9687774
0.6131971
2.4783325
0.14563487
2.6237936
1.8497125
0.81306416
0.5235966
1.408778
1.3557117
1.205649
0.77770776
1.3869895
1.3438421
0.99047124
0.9941899
0.96191186
0.95945626
0.64949346
0.9495207
1.2169154
1.3236413
1.0128319
1.2119038
0.9730041
0.9053037
0.8417307
0.45687732
3.455498
0.9123113
1.1835617
1.4159145
0.5201905
1.4933819
0.594289
1.3716898
1.2507887
0.71286935
0.8321196
1.5974925
1.0575998
0.9016129
1.2338519
0.97180647
1.3108041
0.14872052
0.8626362
1.9123893
1.8944359
0.21657816
0.67859733
3.8801932
1.9608126
0.19259848
7.729827
0.10257051
2.7692065
2.1516972
0.6390619
2.1621444
0.84485555
1.612678
0.9354589
0.8587329
0.9518652
1.7273635
1.59338
0.26483712
2.3863645
1.4876616
0.6187598
0.4539683
1.5469198
1.1778209
1.0706114
0.70507693
1.0549495
0.3379059
1.2047217
0.50708705
2.7856736
1.2913284
0.47504613
0.87135744
1.3727236
1.4128377
1.4613447
0.35530522
1.1092244
1.5282736
1.1689447
0.5493975
0.6349973
1.697416
1.5429105
0.322604
3.0143614
0.8521759
0.56313056
0.44937798
2.0547905
1.6520758
0.35229558
1.2260718
1.5867614
1.0736579
0.82173854
1.1239977
0.6922022
1.3330774
1.3445508
0.71391535
0.4414845
4.215513
0.11691514
3.3580773
2.1171234
0.45879543
0.64401495
1.1783955
0.9278743
1.1773496
1.0895476
0.29036728
0.9174557
0.8600118
1.0499493
1.4447377
0.17394702
0.5218767
1.5871463
1.443135
0.6724424
0.6308836
1.4072285
1.2019944
1.0867
0.8093723
0.9265789
0.7406746
1.1610212
1.6608816
0.2254695
0.80002487
1.696797
1.7859235
1.5109748
0.4721364
0.6098168
0.9904258
0.57262
1.0904335
0.8984213
1.0180844
0.629007
1.0735843
1.1538416
0.46286952
0.9834641
1.4462103
0.9783951
0.50499606
0.80568594
1.7738932
0.9996961
0.7690391
2.4049256
1.3555586
1.4709898
0.25481293
8.806475
0.09535238
11.837741
0.015813261
13.241921
0.30867854
16.804308
1.3078148
0.6870706
9.784008
4.3344984
0.23360309
3.0377626
2.3290653
0.32402444
3.5916286
1.0713785
1.5545269
1.296308
1.194071
2.479765
0.36982024
4.4142923
0.6923199
1.7728097
0.91689944
2.4729195
0.5171498
3.485882
0.40015638
2.851043
0.39701235
1.2172353
1.6564598
0.44711405
4.9908247
0.37557697
1.9806222
1.9821393
0.82577837
0.41677845
1.9093785
0.17733844
4.541612
0.5912546
1.3116586
2.252635
1.2680818
0.78956664
0.19997804
3.4830012
0.80125535
0.45751774
1.4061797
1.1783235
0.3590389
1.8005373
0.40848848
1.4785488
0.70806706
2.9423814
0.4072715
2.3156645
0.3741167
0.85721034
0.9986894
0.6873436
1.1834463
0.9683063
0.9536679
0.84040964
2.2489154
0.44643572
0.4458105
3.6180282
0.23912333
2.8009112
0.9856656
0.12772608
3.1359384
1.208838
0.5418687
