0.039406005
0.06587852
0.090108246
0.12215094
0.049359817
0.05095867
0.01319411
0.016760228
0.035650298
0.09744204
0.06785849
0.10107267
0.022093758
0.08177404
0.052187413
0.04295422
0.0576152
0.016328989
0.019665604
0.035964057
0.05441725
0.075460225
0.03548057
0.022127405
0.03609177
0.01501997
0.07144819
0.047036596
0.049164988
0.057733268
0.03822222
0.05892273
0.123177886
0.07562937
0.10019083
0.040158436
0.08300917
0.0668681
0.059694048
0.05981405
0.03652823
0.023125667
0.019274037
0.034233492
0.03502752
0.018434351
0.025990898
0.028014658
0.018281622
0.034534506
0.030060194
0.054554284
0.033236563
0.03443052
0.04919325
0.07382233
0.061599463
0.079522476
0.030403964
0.030375827
0.04867156
0.034548957
0.04561033
0.01673775
0.045675263
0.09696449
0.028234089
0.028977066
0.03877072
0.021796703
0.03222359
0.041518994
0.03216163
0.11423455
0.34417492
0.4384508
0.05585488
0.13646302
0.04414603
0.13175516
0.048299912
0.022381643
0.07057852
0.050426237
0.43742108
1.0989494
0.9539894
0.22016223
0.14051288
0.12200832
0.091239095
0.11411707
0.07016939
0.24536592
0.4044127
0.21060938
0.09700188
0.1181817
0.08122302
0.04546359
0.14572471
0.07553423
0.0708949
0.086377986
0.14065945
0.07468393
0.16370267
0.12544966
0.080814086
0.101463296
0.062048443
0.0878209
0.06772542
0.0788327
0.19617245
0.18300235
0.045838892
0.2907844
0.58682346
0.54525936
0.1582127
0.2833576
0.2486989
0.035532303
0.05549006
0.06758033
0.029943964
0.11243717
0.05422899
0.1660797
0.06540011
0.03621196
0.13840418
0.16304366
0.08554381
0.052311677
0.10724354
0.05305379
0.108716644
0.09437551
0.09932552
0.05811102
0.04332208
0.058361534
0.038845632
0.11289482
0.026387583
0.063354336
0.08278097
0.064633146
0.15831348
0.06137212
0.09117434
0.027989533
0.15147477
0.035606988
0.0464105
0.025606599
0.06303759
0.046489477
0.06416837
0.074213445
0.09108414
0.0353232
0.07979088
0.048375808
0.052317936
0.122464776
0.015206225
0.12567796
0.042491347
0.037612993
0.14929081
0.17605455
0.07666576
0.049314033
0.054606095
0.09285137
0.10172143
0.033060163
0.11284417
0.049894333
0.109169796
0.023005862
0.05959622
0.05735462
0.07403691
0.0756911
0.07194851
0.035177406
0.03898936
0.11860805
0.043849304
0.06918668
0.018231466
0.021022022
0.06955377
0.09439973
0.06423907
0.033508383
0.07216963
0.112112455
0.03109536
0.2551291
0.2681251
0.05921249
0.068326935
0.062906645
0.094309784
0.10088052
0.05235427
0.13672805
0.12970385
0.06111635
0.013588145
0.0625397
0.07276262
0.074875705
0.06605597
0.026234433
0.13345988
0.09706208
0.08272476
0.035497963
0.073779404
0.03249864
0.06942096
0.046189174
0.047736738
0.055352673
0.102923036
0.112760015
0.084914446
0.02620386
0.09027213
0.03504512
0.030744761
0.099472195
0.12453706
0.055928864
0.14862558
0.042099785
0.07602454
0.027668223
0.21145958
0.030642476
0.036920823
0.05611858
0.049225215
0.05377229
0.02639859
0.061071314
0.10864688
0.07587526
0.13431373
0.28528506
0.097693816
0.0800783
0.03075904
0.044306718
0.07926043
0.081872195
0.08639663
0.10844534
0.05507216
0.041277666
0.01702692
0.030179938
0.05074934
0.13548264
0.03691095
0.044699587
0.03456772
0.026875202
0.052093595
0.043400854
0.043932077
0.060150802
0.034341432
0.02840053
0.046906725
0.06775384
0.07799542
0.13716346
0.07112395
0.061818894
0.02837285
0.026167098
0.054324005
0.033061583
0.09023096
0.03592056
0.076551
0.06749725
0.06880396
0.074803114
0.04593245
0.03613668
0.03661078
0.041148156
0.07546396
0.0651358
0.06261613
0.042169057
0.039175212
0.020321516
0.020576604
0.041034713
0.09124566
0.09854655
0.030186974
0.11727161
0.04458509
0.012861976
0.08186425
0.010605079
0.11019997
0.027091745
0.10784174
0.017018732
0.024804648
0.055761322
0.042626817
0.083360866
0.038550716
0.063364394
0.07464725
0.07743761
0.029704407
0.0260023
0.024655284
0.05287835
0.011856727
0.026991311
0.014254702
0.06131906
0.062012676
0.020050868
0.06005358
0.0490468
0.033471588
0.018822122
0.024659261
0.05899573
0.1078464
0.019482581
0.088528246
0.02317799
0.061114535
0.03903775
0.037201304
0.021930564
0.042464115
0.010808119
0.034113247
0.091759294
0.03817048
0.06775385
0.028433144
0.025411801
0.037227593
0.073219776
0.060012724
0.054077588
0.03630983
0.2091864
1.0048946
5.1616435
6.118649
5.0770893
14.64708
5.5526724
6.1003113
3.1883125
2.921516
