1.0337789
0.42711198
1.7811859
1.5989151
0.666584
0.964622
1.0467446
1.5319297
1.0903423
0.3537181
0.8888455
4.004771
0.8120552
0.5672053
1.5089657
1.9588376
0.28346074
1.7022262
1.5410769
1.5864018
0.7947657
0.20742518
4.9604654
2.2902603
0.27174735
1.5315266
1.7093362
0.7940626
0.6709695
1.1030276
0.96909606
2.1350956
0.48293215
0.7695701
1.7414216
0.9946025
0.5976058
1.5793216
1.3070403
0.26735166
2.6437914
1.6943521
0.70092
0.8960661
1.5328863
1.9732335
0.6996056
0.5511514
2.9568648
0.89748716
0.7548636
0.9355745
1.5711621
0.79008365
0.7929988
0.7211076
1.4107459
1.0468993
1.2784151
0.95210767
0.22246489
4.041426
0.61414814
1.2089738
2.1387773
1.1418939
0.4610266
1.2833158
2.1347628
0.7120328
0.8224478
1.2914851
1.5725932
0.924376
1.024482
1.1171352
0.93370795
0.7832048
1.8857851
0.95963156
0.49765193
2.7200184
1.2701645
0.9493637
0.88937306
1.0249442
1.2252734
0.92570937
0.7367469
1.3098289
1.1158836
0.6041714
0.5039803
1.6145573
1.8124578
0.61827534
1.8388269
1.4429985
0.69406956
1.9061389
0.57182217
1.8682203
1.8954452
0.59897184
1.3021452
1.1588323
0.7482165
2.870944
0.44412792
0.77437955
4.1215143
0.14908084
7.2402425
0.5220703
2.4740248
2.241111
0.71729136
0.7884377
2.0452662
1.5066142
0.7836051
1.1771815
0.95842814
0.80617917
3.3903904
1.026542
0.50985074
0.755847
1.9121444
0.75644726
0.5327407
1.0011548
0.7354984
0.5941979
1.8792018
1.1105688
0.7076055
0.5647788
1.9785439
1.3654337
0.78018755
0.2923149
3.1667123
2.1370711
1.0041902
0.4530636
1.643063
0.9400532
0.8571421
0.91532266
1.2912791
1.4074143
1.2730995
0.9173435
0.85651606
2.0071654
0.3048427
4.946563
0.7837469
1.078316
1.3256516
1.4300339
1.1426129
1.8624394
0.7923038
1.1770015
1.4017739
0.6085988
0.6457796
3.0257292
1.489841
0.35823023
1.05706
2.364262
1.3177906
0.5611087
0.78563654
1.7066946
1.5668459
0.4060334
0.71337056
1.3432171
1.4636693
1.3174863
0.6207281
0.92941153
0.60951257
1.9019246
