1.2191207
0.699896
0.76471436
2.2046804
0.7322583
1.1807108
1.1603835
1.5593209
0.8800615
1.2055259
0.91202646
0.3897105
3.1205072
0.6985762
1.0778031
2.5804155
1.4002784
0.71994865
1.2314857
0.48530984
3.0754087
0.93246174
1.5792761
1.6479071
1.9016995
0.21913303
2.711617
1.3732065
0.38876855
1.3454609
1.6274424
0.71280897
0.93034875
1.8939981
1.0836153
0.66553706
1.502312
0.95770526
0.42887375
2.7263083
0.3546251
1.3245206
0.88522303
0.77068424
2.073435
0.49234563
3.1894474
0.41460496
0.9465187
2.0373554
1.4254422
0.5902028
0.88883686
3.403987
0.462211
0.9253136
2.6178112
1.5810919
0.4751495
2.7677808
1.6739109
0.21621817
3.6741617
0.96915686
1.5181191
0.6625962
1.9872303
1.5201945
1.6759987
0.5743476
1.7269815
2.5402164
0.92767334
0.21941924
4.1509953
1.5020134
0.48687047
2.4473946
0.96886516
0.71218634
2.665611
0.5271645
1.7501857
1.247238
0.52569085
2.400435
1.079008
0.53225106
2.1546986
1.5416727
0.40336895
4.3508267
1.8248093
0.32058373
3.5980754
0.60106593
0.7875421
2.3283367
0.7551023
1.4449704
0.42790464
3.1163976
1.6504079
0.5301802
2.0584526
0.95531356
1.236241
0.92092144
0.71966434
0.7925097
1.0786057
1.8522931
0.2730281
3.10738
0.717968
0.9178852
1.7188048
1.0332844
0.24997169
4.8394575
2.4934905
0.42536628
2.490439
1.2218772
0.4740553
3.5365586
0.7491863
1.9097338
1.0307133
1.3580711
1.192456
1.2060156
0.8249836
1.8910402
1.4102509
0.33909672
1.5830632
1.5920247
1.4448613
0.7114656
1.7467756
0.6603854
2.6198113
0.48732507
1.0213878
1.8598197
0.80233645
2.1593125
0.3444044
2.8092823
1.6172485
0.19753176
6.820903
1.0888351
1.0042306
1.2799245
1.4104422
1.0478728
0.9199065
1.4098773
0.9022499
2.0328312
1.8439734
0.7274848
1.1331348
3.3091545
1.2862449
0.5886172
1.5289749
1.8660705
0.518988
0.87850815
3.6927996
0.56210995
2.8831792
1.1855326
0.63699466
0.8699195
6.8865023
0.75635266
1.6221024
1.7434072
0.5246375
3.6305258
0.53925264
0.4591957
2.1884365
1.2589192
