0.60341716
1.166735
1.5491419
1.8291279
1.5042694
0.836993
1.0572225
1.5949566
1.6925952
0.9510817
1.1667645
1.275202
1.8754839
1.6888328
0.94944537
1.5044764
1.8443416
1.0498123
0.74319255
1.9646313
2.6273606
2.5105398
1.4567289
0.89338684
1.6945721
1.4118811
1.0445118
0.81504333
1.4348757
1.8021775
1.6120057
0.41113997
6.6993194
4.1341934
2.2021728
0.887321
0.94305754
1.3397181
2.1514359
1.5796479
1.3603762
0.9278101
1.5073426
1.6604044
0.41904247
0.58403915
1.2659264
2.3853202
1.7180495
1.380902
0.8950371
1.0557392
1.8231444
1.0029474
3.2097616
1.3046985
1.0907346
1.4261556
1.8873628
1.4210792
1.5191281
0.6324876
1.3410351
1.574613
1.2021544
0.67200506
2.2199848
1.230027
1.3020644
1.3329124
1.705265
1.1957422
0.6934599
2.0088122
2.0007582
1.1725621
1.1906514
1.5808489
2.0674334
0.672742
5.1655645
2.1378987
1.1084921
1.4030564
1.5534812
0.8931531
1.4301622
1.5124357
0.52129287
2.2062285
1.9162306
1.2420039
0.98119766
1.3544374
1.8230194
1.7160903
2.077362
0.9924327
0.96030974
1.4980426
1.5446959
1.5395123
0.97228205
1.0077655
0.5132953
1.7593286
2.0814176
0.86664534
0.79255354
1.4745475
2.4437313
2.0984015
0.20450184
9.015646
0.81467414
1.5420295
1.7506957
1.5355192
0.96352553
0.59087116
6.147393
0.068576045
8.058386
0.14459515
0.12695023
16.200462
0.44948626
12.7865095
0.07420863
13.538685
0.047294267
18.287495
3.238814
5.5428343
0.29835743
9.635206
4.0240498
0.21759483
3.764854
2.360506
0.46700633
3.2019215
1.2705233
0.6085789
3.3538938
1.1566439
0.57004434
3.2242136
0.8195655
1.3653061
2.249255
0.8188806
1.6270375
1.4320899
1.2291902
2.0350344
1.020217
3.9260585
0.5032249
5.7895937
0.5010574
3.7819223
1.9828587
1.2672609
1.2857066
1.5882509
5.840066
0.38744277
3.828589
2.1557183
0.3817388
3.3634262
0.17011447
9.731171
0.3600007
2.7155848
1.6793587
1.0497013
2.8138716
0.6938815
4.5798655
0.4380245
5.890332
0.9373061
0.5921321
5.712863
2.002779
0.3021905
