1.5327346
1.4572598
1.3558465
1.4473724
1.3811381
1.4754618
1.5172248
1.4902155
1.3796239
1.3719624
1.3208102
1.4724139
1.527413
1.3939096
1.3182408
1.4217465
1.2831668
1.4628416
1.3830562
1.2681975
1.3622015
1.4024038
1.6198318
1.5141697
1.4811617
1.4160491
1.2737001
1.6491853
1.6723692
1.5432534
1.4903524
1.4340572
1.4496121
1.4311564
1.6224929
1.5077119
1.3464557
1.4144859
1.5071225
1.4481064
1.5407932
1.4794366
1.4739287
1.4553208
1.3860463
1.4393618
1.3765149
1.4276481
1.5718863
1.4942821
1.4915042
1.3932302
1.514437
1.68836
1.5076802
1.3140991
1.427944
1.5308301
1.476094
1.4477262
1.3708758
1.3576539
1.5704093
1.3571566
1.4190977
1.5895028
1.3523717
1.5304304
1.5694807
1.4358481
1.3705907
1.4694753
1.6398572
1.4369124
1.4264464
1.4681747
1.7575171
1.4282181
1.41962
1.5225883
1.4179934
1.3915255
1.426093
1.5280576
1.5379323
1.3729451
1.467474
1.6824739
1.5556393
1.3952156
1.5875497
1.4354706
1.4172453
1.3984909
1.443593
1.3607118
1.3374145
1.5162241
1.4217349
1.3890631
1.4685218
1.4896913
1.5288146
1.5185678
1.4009953
1.5148535
1.5178285
1.4197607
1.4000361
1.3884404
1.412825
1.3219446
1.4438034
1.4710367
1.345965
1.4182832
1.3166864
1.3599604
1.4045957
1.4327835
1.549116
1.3582896
1.4145477
1.4865896
1.5011516
1.4259907
1.3644316
1.4528272
1.47084
1.4986941
1.4246686
1.4227437
1.4502575
1.2668498
1.2943347
1.3951516
1.5963827
1.67718
1.4229357
1.5030764
1.4143457
1.4681401
1.3429518
1.3909105
1.5641289
1.3993226
1.3951554
1.3255422
1.537464
1.5695704
1.5355484
1.4294579
1.4554515
1.3647548
1.3667518
1.4174676
1.5806532
1.5538653
1.5257555
1.5030177
1.3940275
1.2908506
1.3780378
1.5163634
1.578361
1.486367
1.466173
1.4579254
1.5357609
1.3931949
1.3693564
1.425756
1.3599967
1.3677301
1.4228604
1.4746002
1.4456737
1.4522607
1.2212074
1.3238137
1.5980661
1.5165684
1.5370235
1.575544
1.5269967
1.5907223
1.4892938
1.4922669
