0.07717126
0.04440488
0.31959918
0.769045
0.20693585
0.6173839
1.3796483
1.0450689
0.12091729
0.47987372
0.10322376
0.2593839
0.20177115
0.16549121
0.20625079
0.17225116
0.08531962
0.27059713
0.19088975
0.12343604
0.17424944
0.46901536
0.35029396
0.10993202
0.100097544
0.096454844
0.22234625
0.16943434
0.16357934
0.13193467
0.058764096
0.29577488
0.12777662
0.2753125
0.10109929
0.25459325
0.19470942
0.11325251
0.050083205
0.20311978
0.13272594
0.046233647
0.071138285
0.08176993
0.22925049
0.14613308
0.07201712
0.109248236
0.20998457
0.26523086
0.11020798
0.14355122
0.101514846
0.0826583
0.08066492
0.20365779
0.23559572
0.033395953
0.11950261
0.05075433
0.08413328
0.16445434
0.06054961
0.0862413
0.46058378
0.3675815
0.15767743
0.2979657
0.1614488
0.03948773
0.045570664
0.06739366
0.16198975
0.1891783
0.097686805
0.034139596
0.07997057
0.10357677
0.12554222
0.07405664
0.09387641
0.10135855
0.082784995
0.1329258
0.06631568
0.14717706
0.06517324
0.15135118
0.074572936
0.09753674
0.092342824
0.1075916
0.09047046
0.14250472
0.15084866
0.073161155
0.067897275
0.16901062
0.08215698
0.16265161
0.043316543
0.15331997
0.01344415
0.15291198
0.045874864
0.10593419
0.12516578
0.12909427
0.0774499
0.12948488
0.053300984
0.05553411
0.112532236
0.11016372
0.13812295
0.10519808
0.07867628
0.1060111
0.02891515
0.1785878
0.09671122
0.13442704
0.08214654
0.050779764
0.08334292
0.0521952
0.05163258
0.11202971
0.058731288
0.08080458
0.113153934
0.05205702
0.11214925
0.06588718
0.25586993
0.40632623
0.19584277
0.32778725
0.47546676
0.13365784
0.12397168
0.1206592
0.077960774
0.12507842
0.10513057
0.08550918
0.049316145
0.043771777
0.07738428
0.0607917
0.0789498
0.122833535
0.14453596
0.053249903
0.1065602
0.05296848
0.070679754
0.05839681
0.15313962
0.10954456
0.050649554
0.063163385
0.04816442
0.0582188
0.03919854
0.076930955
0.1090192
0.12965609
0.041316472
0.06459477
0.057783112
0.049837843
0.15680322
0.06785725
0.104906775
0.05577276
0.11816896
0.04311063
0.051793545
0.124874994
0.14727475
0.07262788
0.077239685
0.06631637
0.09564754
0.13107058
0.05377378
0.1288115
0.03863729
0.053300463
0.106631845
0.08349188
0.12079613
0.06673319
0.06327481
0.10333698
0.05031254
0.11848594
0.032542635
0.06779003
0.17046241
0.056104455
0.18602502
0.058965936
0.1953643
0.13660023
0.03654388
0.06025079
0.080293894
0.055777907
0.08262634
0.058241002
0.12755892
0.07612336
0.07804422
0.08939533
0.0810397
0.10516012
0.07005688
0.04622522
0.03039576
0.063794725
0.10910685
0.036290023
0.05551366
0.12703417
0.0680266
0.13449702
0.094895944
0.035617877
0.036029074
0.072606996
0.06736943
0.17334794
0.14291544
0.025994232
0.0689435
0.14021078
0.09790522
0.093421146
0.054107256
0.0641318
0.0724455
0.07170837
0.03827347
0.052021917
0.058438234
0.047303423
0.052133363
0.046784095
0.05095981
0.053893216
0.10860386
0.05959747
0.05443729
0.04675155
0.0700198
0.07963719
0.06685929
0.0263426
0.06971132
0.066539004
0.058158737
0.097167104
0.044967726
0.19179514
0.09158864
0.103363216
0.09239685
0.09305916
0.027557418
0.10478667
0.21659607
0.063601054
0.15325335
0.034810744
0.08180628
0.045303904
0.035723638
0.036950942
0.074287415
0.24353597
0.16915523
0.02763981
0.056464486
0.07471696
0.17081122
0.09285713
0.018245364
0.025984954
0.039436772
0.04485383
0.0602003
0.05056906
0.0724513
0.08661318
0.08361259
0.044770148
0.04173769
0.07121928
0.053338416
0.077971175
0.11345065
0.09132479
0.09200593
0.052519813
0.067234956
0.09358
0.11224997
0.06920258
0.051866524
0.121721044
0.023563461
1.3124436
5.522171
1.3546357
1.0309914
4.9971547
6.743867
0.48828635
0.42995164
0.48696953
0.31260133
0.48821935
0.2235707
0.5511402
0.32490474
0.3272153
0.3237707
0.36435696
0.10387918
0.1776332
0.22290213
0.81265897
0.20297602
0.15926054
0.045717575
0.21931371
0.32208818
0.109692134
0.05660555
0.21764845
0.5515
0.45126706
0.3679423
0.27902055
0.09545706
0.26736724
0.22734445
0.15643543
0.044923432
0.28838342
0.07180077
0.11916017
0.17544983
0.130119
0.0378295
0.13260457
0.16580434
0.26513973
0.042954348
0.10585776
0.11276546
0.16998169
0.18478665
0.11489849
0.13950494
0.05048134
0.13201578
0.15832023
0.037933208
0.09278124
0.06762172
0.18057421
0.19712257
