0.82469076
0.5873579
0.6211056
0.53121006
0.7927486
0.6807736
0.5602005
0.81504357
0.9663182
0.8152376
0.74244726
0.4516759
0.97672725
1.0322542
0.64060575
0.6778707
0.51028514
0.6329112
0.77560955
0.5695737
0.6216682
0.5767673
0.7249018
0.553383
0.9721573
1.3240159
0.5949019
0.5747241
0.8558294
0.7159077
0.7733766
0.98445344
0.9032218
0.5636723
0.5090539
0.81738675
0.82783556
0.9112543
0.7775644
0.8727308
0.98902583
0.8502534
0.95113534
0.80568385
0.6134781
0.73355883
0.63380754
0.62980634
0.5626048
0.4969051
1.0358741
1.2667507
0.8511977
0.6435828
0.8350114
1.0404763
0.8566467
0.7461424
0.6105634
0.87965715
0.5844929
0.57222944
0.8747366
0.6613182
0.51578546
0.6242497
0.62335646
0.969993
0.84565467
0.6891695
0.85816085
0.8718695
0.88940334
0.60286283
0.46041155
0.7483362
0.73831147
1.3296558
0.4234227
0.6469562
1.1091588
0.41111004
0.6113206
0.7041963
0.7859558
0.57301474
0.55859387
0.74580216
1.0020815
1.3615206
1.0456824
1.3453794
0.89689904
0.5816188
0.5913334
0.57778203
0.5423416
0.54485905
0.62706876
0.4655681
0.6671556
0.59180474
0.6658137
0.75710475
0.7330736
0.62673146
0.6568755
0.5874263
0.6380884
0.538906
0.576069
0.69674456
0.7439587
0.6549103
0.7486297
0.86082387
1.1357886
0.899302
0.4827635
0.71332663
0.6258527
0.4315377
0.6737403
1.013476
1.60365
0.8481631
0.72825706
0.8319879
0.93171424
0.60658073
0.5961948
0.7208797
0.5412674
0.6589359
0.5032554
0.44968784
0.7226379
0.67999697
0.46498242
0.65271515
0.5888036
0.6336509
0.6782103
0.6311869
0.454132
0.60196245
0.5983572
0.43838573
0.65480995
1.3315686
1.7825845
0.7474498
0.39685956
0.5649192
0.9540906
0.7646711
0.7614387
0.67111516
0.593807
0.4467664
0.7923339
0.82717675
0.75083303
0.7868522
0.9180583
0.83852303
0.5842271
0.77271223
0.9542942
1.1066611
1.0350264
0.7221668
0.553835
0.56209266
0.61867905
0.5432136
0.5767168
0.9714778
1.2290418
0.7388504
0.6111706
0.61571884
0.55683076
0.5148296
0.84579873
0.27755398
0.6643665
0.8038581
