0.081810534
0.0953172
0.10587698
0.08386292
0.07454179
0.20817982
0.09061764
0.07122229
0.044174172
0.07780754
0.08947482
0.047476728
0.046107847
0.06188871
0.28136963
0.1337159
0.08328836
0.04988572
0.047284048
0.05462882
0.11620948
0.3221882
0.117478155
0.05286718
0.13626626
0.054761373
0.05037638
0.03908676
0.083624795
0.06536414
0.043645058
0.081432976
0.06715949
0.106208295
0.04274343
0.053133138
0.04614442
0.12384828
0.1266864
0.03769134
0.07427155
0.024956478
0.11922226
0.10643462
0.054985084
0.03321227
0.06301479
0.0428508
0.048120618
0.045126777
0.055782005
0.06838069
0.11769399
0.061920248
0.13530509
0.13819215
0.6070853
0.9229295
1.3141185
1.2341129
2.928023
6.9107203
0.9688325
0.20236672
0.3957695
0.6193822
1.8342453
4.102707
1.8249251
0.18531425
1.1839886
3.319313
0.43881357
0.42998898
0.5111471
1.0099044
0.6193982
0.2758047
0.41826677
0.36695087
0.58170843
1.0053767
0.40619907
0.1971353
0.34319714
0.13086459
0.26372474
0.33676067
0.20257622
0.35511124
0.4300335
0.2706228
0.30763808
0.20472458
0.08523118
0.086464524
0.1511009
0.08696549
0.23587775
0.17676446
0.3942297
0.82165194
0.640827
0.14043468
0.37866762
0.23662117
0.20530856
0.18639873
0.12204736
0.4447532
1.2364678
0.759598
0.10833299
0.16060793
0.072833285
0.33046082
0.90169406
1.1526194
0.1881562
0.14053656
0.09384572
0.09683984
0.24637255
0.50836366
0.51444185
0.05085452
0.3498087
0.18300813
0.22521868
0.23167087
0.17670715
0.19454178
0.11554159
0.13610949
0.15184206
0.26898533
0.20125972
0.14005272
0.16179597
0.11840608
0.1485102
0.27190948
0.071750015
0.14738758
0.10563449
0.12449734
0.16093655
0.026003513
0.28197533
0.9782009
1.6765261
0.23067419
0.2280616
0.084841855
0.42082676
0.4532439
0.111475326
0.32361266
0.14909098
0.051752303
0.08697015
0.21792066
0.1804074
0.6321117
1.2756149
0.46390915
0.29416138
0.23741895
0.14280652
0.083052754
0.09166647
0.07296149
0.062489234
0.15060094
0.21321309
0.20195037
0.12782201
0.1290504
0.2700915
0.11298219
0.28399396
0.20868643
0.12731682
0.112177886
0.050826564
0.078904934
0.18239743
0.07271139
0.15365873
0.093891054
0.095113255
0.109972596
0.10607719
0.1010583
0.16674004
0.3784934
0.7452676
0.069981426
0.6651408
0.34378073
0.11852632
0.1848653
0.24444863
0.13149662
0.12841707
0.04674191
0.09746059
0.14550395
0.10768169
0.120003544
0.12983882
0.24914026
0.06571531
0.23701385
0.10457806
0.22635798
0.1117809
0.1473677
0.093114495
0.107736066
0.12192476
0.08729474
0.04983752
0.13247536
0.07219348
0.09544715
0.051121585
0.06967156
0.06767787
0.07709997
0.058435425
0.096487455
0.15409462
0.15780075
0.053626154
0.095093146
0.0332881
0.06817495
0.12552908
0.083393
0.06716136
0.12570225
0.085825235
0.10904351
0.12690493
0.082654014
0.10319662
0.08471167
0.13046212
0.05566273
0.08468418
0.08743828
0.13343163
0.051101387
0.03784576
0.06414148
0.06284772
0.13843702
0.27339798
0.46135774
0.07644363
0.2579316
0.10353573
0.07705677
0.5487611
0.7528799
0.09504982
0.081466064
0.15251464
0.079975426
0.50730115
0.5433204
0.09992207
0.20175734
0.09461178
0.17160283
0.1956338
0.16198556
0.07872431
0.40723437
0.15896806
0.3260182
0.14960983
0.065092176
0.08198719
0.05992928
0.13173065
0.11161043
0.031175956
0.27039826
0.07517105
0.12759885
0.09546809
0.04453476
0.19441023
0.18969712
0.053680196
0.20253627
0.119083524
0.12587604
0.086193666
0.07088688
0.14823326
0.070254944
0.0694384
0.07891188
0.024666639
0.26914734
0.4169217
0.30245078
0.10111095
0.04251718
0.1197294
0.1269902
0.103815734
0.07559168
0.07038391
0.049383342
0.077983424
0.045882657
0.14987312
0.12463767
0.21322045
0.117092766
0.05147455
0.28416565
0.25467044
0.06910144
0.14038755
0.016044835
0.06707484
0.049343728
0.066198
0.046386465
0.3212293
0.3789871
0.05218255
0.04213213
0.22009711
0.059212487
0.23825505
0.11279988
0.15965432
0.15114658
0.07252602
0.03779516
0.15361352
0.073870875
0.047516078
0.19876806
0.114535764
0.059394035
0.06290223
0.08966867
0.11820787
0.08287112
0.115685
0.13069648
0.16002755
0.09512994
0.09759256
0.052081592
0.06434016
0.06531606
0.055005796
0.053545408
0.041703038
0.099471234
0.093330964
0.19481611
0.09166179
0.2191962
0.16370177
0.21136957
0.15304846
