1.644555
1.2945492
1.539228
1.5948486
1.4849781
1.3944864
1.4492066
1.6103537
1.3783867
1.4403954
1.4907498
1.4769545
1.5229232
1.5818483
1.505024
1.7190895
1.8041115
1.6176529
1.3367254
1.409519
1.5277352
1.5881858
1.4247705
1.6253564
1.5567018
1.5605173
1.5565226
1.7847397
1.6457558
1.4673588
1.743865
1.8857391
1.7897596
1.5368826
1.5242815
1.4681749
1.4669092
1.5009689
1.4692545
1.6048684
1.5324699
1.5231197
1.3510907
1.5688323
1.4549247
1.5146937
1.6771328
1.56968
1.4345887
1.4646094
1.3563737
1.4615376
1.352714
1.3626842
1.4820737
1.5436262
1.5439408
1.5053173
1.4851325
1.4562421
1.3565965
1.6019192
1.6219361
1.5061944
1.6413114
1.3623235
1.5640726
1.4350319
1.4789579
1.4968255
1.5833342
1.6071312
1.5127085
1.4229107
1.3871633
1.4096135
1.5648136
1.4263654
1.3713887
1.5417575
1.6782243
1.554343
1.5103841
1.5663056
1.5281553
1.5746895
1.4575722
1.5582637
1.5300648
1.6315973
1.5443034
1.5948937
1.4127624
1.5081838
1.3030128
1.3828409
1.3427347
1.5379238
1.5452828
1.4768746
1.54444
1.3384355
1.4521004
1.4094234
1.4151069
1.5261462
1.3103333
1.3593545
1.4211171
1.5672618
1.4241124
1.5765471
1.9588245
1.7542156
1.2880731
1.4592593
1.501441
1.5035024
1.4469025
1.4571611
1.4963398
1.6233746
1.7647524
1.6479287
1.5881027
1.5071137
2.0576978
2.3947845
1.8836874
1.846437
1.6809297
1.5530249
1.371861
1.4556884
1.4270201
1.4251723
1.4809763
1.5457101
1.5189663
1.4559054
1.5107172
1.4847857
1.7409372
1.7138786
1.4651295
1.4049327
1.3417468
1.5075082
1.6144431
1.4623108
1.6671596
1.7061372
1.6785849
1.5644908
1.4213078
1.5287427
1.4291879
1.3045247
1.5846967
1.456045
1.445158
1.5312581
1.4065351
1.4824004
1.5673229
1.6119246
1.6228648
1.5142336
1.4096003
1.3654447
1.3592458
1.2448958
1.2532
1.4028709
1.535658
1.6500534
1.7412884
1.6598282
1.6353347
1.9010925
1.904454
1.6477072
1.4486611
1.5672843
1.496524
1.4543821
1.4704239
1.4965804
