1.7014221
2.117958
0.6363224
2.6060202
2.1258545
1.3691164
1.3425146
3.1943798
4.0061817
0.81148016
1.2373205
1.0192585
2.6848464
2.4346833
0.9378288
1.0022184
2.1270106
2.336779
0.827989
1.4884214
1.925328
0.7357079
2.9061322
2.3590565
2.2105942
0.22027598
8.247189
5.4358845
3.9178128
2.5953302
2.1287522
1.1662706
2.2360847
2.1944966
0.72389877
1.5961125
2.383994
2.9620864
2.227848
2.8718877
1.7324051
2.9713798
2.1837354
2.345509
0.9522001
0.7088764
4.8034706
4.584669
0.23472539
10.041853
6.559731
1.4492264
0.90940255
2.3278
1.9514259
1.5833038
1.6788291
2.5640552
3.1124196
0.5810278
1.438704
2.4523072
2.497065
2.0052462
2.0251489
0.8188559
0.96624017
4.7176247
2.2858706
2.1502118
1.876955
1.3250748
1.6150537
0.9782212
1.9143775
2.359505
0.4743894
5.9640317
1.2444043
0.96496344
1.6235787
2.5577435
1.438787
1.5391947
1.7958999
2.0490046
1.5975373
2.4183476
1.2687728
4.855442
0.22317144
3.5965457
3.1963263
2.1169534
1.189558
2.9767115
2.8596869
1.2632275
1.2899729
2.191752
2.455966
1.7453644
1.4555774
1.4678636
1.4997005
2.3491597
1.7456341
2.5282779
1.6470613
2.1870093
0.5447219
6.4515495
6.0094786
2.5685596
0.82697845
9.488701
1.0163269
1.0113285
3.4712682
4.889586
5.1598997
1.3666695
1.0954111
1.2020339
2.408457
3.2178712
1.8079076
1.4404234
17.319298
1.0848162
0.27486184
3.9430218
4.257825
4.592531
1.6924529
1.0882785
1.535406
1.8145819
2.548325
0.8776469
2.4363055
3.1145456
2.825708
0.60051334
2.3822994
2.4498875
2.720496
2.9412344
1.4528866
1.019321
2.0439508
2.8252907
3.402233
2.9637423
0.9251727
0.8930475
1.0283425
1.6632953
2.1550639
1.9654336
1.6372676
1.0470972
9.114351
1.7281836
0.49367073
3.6628923
2.7026868
2.276465
1.9234412
1.2665715
1.182335
4.266691
1.1059315
1.5614712
1.1507914
1.5784347
1.9365298
2.1471667
1.3005486
1.2499382
1.2345898
2.7027175
2.1677418
2.5647964
1.5715094
1.0616739
0.42706823
5.6164117
