1.1967514
1.0033166
1.3538053
1.0635366
1.2131867
1.1442828
1.263355
1.1296678
1.2107594
1.2437369
1.4283892
1.0912641
1.1714358
1.5194818
1.1532412
1.2916028
1.3247076
1.0559537
1.5625477
1.1754267
1.185826
1.1910105
1.4972472
1.4150703
1.4432627
1.1410899
1.2003785
1.3937058
1.2365371
1.2600182
0.9709419
1.3561648
1.0873184
1.0013614
1.2194365
1.2819973
1.1161413
1.2038038
1.3714579
1.1261046
1.27544
1.1482491
1.3897581
1.2770629
1.1004162
1.1010981
1.21772
0.9963026
0.9950346
1.287959
1.2294614
1.1291542
1.0836084
1.054594
1.2133968
1.0708773
1.38495
1.1951063
1.0751507
1.4420452
1.0001066
1.248519
1.2622827
1.0741178
1.1196349
1.2612062
1.0854986
1.3191762
1.6326203
1.447756
1.4986303
0.9909729
1.0225524
1.0512736
1.1084027
1.2860719
1.2115662
1.3484488
1.1788774
1.1454936
1.054989
0.9869611
1.1756797
1.0369971
1.1580719
1.2675226
1.054488
1.4414417
0.9573182
1.0664039
1.0467409
1.3695226
1.0220762
1.1869915
0.9922722
1.0067207
1.1275716
1.0496646
0.9636615
1.3395662
1.1365688
1.1822577
1.1978984
1.1032572
1.1433622
1.3178293
1.04631
1.1579356
1.3450518
1.0424575
1.0662938
1.1507114
1.351198
1.1164937
1.0444591
1.0499924
1.2373363
1.0499871
1.1623542
1.0290262
1.3600937
0.9384096
1.1271238
1.0964324
1.0860735
1.2525489
0.8934022
1.1699976
1.184273
1.1116135
1.1359601
1.3692112
1.0285432
1.1656339
1.34569
0.8924277
1.1245602
1.0052555
1.085818
1.0491287
1.0405694
0.95560735
1.1241572
1.1515684
1.1587763
1.4068863
1.1483706
1.351562
1.0987325
1.2418773
0.99741304
1.0846525
1.2235955
0.98885626
1.0435067
1.1499083
1.0496539
1.075855
1.2236012
1.0211359
1.0476278
0.9155303
1.1812348
1.1218309
0.9331691
1.155982
1.0202047
1.1258857
1.0955898
1.0141015
1.083936
1.1881909
1.0597346
0.96096504
1.3144801
0.91176903
1.0367273
1.1454561
0.9137422
1.1709032
1.1549026
1.1781144
1.0966488
1.1247089
0.99767196
1.0465393
1.1848861
0.93008846
