0.47113273
0.4240595
0.5930617
0.34506178
0.6810391
1.0063666
0.47806615
0.5240515
0.47011492
0.41199586
0.729248
0.35106578
0.4275208
0.47090718
0.5411351
0.7847234
1.1220188
1.3393663
1.0404944
0.5248298
0.3147263
0.918733
1.0202428
0.79531246
0.32884425
0.7021486
0.6884782
0.43427533
0.58276564
1.1902989
0.8246406
0.405486
0.62369627
0.5862021
0.5680731
0.4379571
0.412193
0.3347257
0.6015046
0.49513632
0.47892874
0.48662728
0.8629008
0.57208574
0.3710519
0.7088441
0.59474
0.324984
0.63779765
0.4636367
0.25530687
0.6649205
0.38929355
0.4646311
0.4731026
0.6458757
0.474053
0.2933535
0.48211032
0.49793568
0.6021563
0.43477294
0.2830661
0.4220456
0.29675862
0.41771463
0.33511025
0.32170466
0.26021105
0.25285125
0.45603448
0.38583043
0.37651813
0.61741847
1.4578301
1.2157902
1.0788507
0.5657885
0.3572843
0.56649625
0.53313506
0.7234795
0.52816004
0.7459022
1.357564
0.9092632
0.35013178
0.3517825
0.40786114
0.3309971
0.44202325
0.5729632
0.21891841
0.49211216
0.41716498
0.2256152
0.3818121
0.30720672
0.5188941
0.38857672
0.30924797
0.33780003
0.33423364
0.53778064
0.80194736
0.6159558
0.29954
0.45260245
0.31795293
0.31975436
0.6148454
0.59365296
0.5753596
0.34184194
0.514944
0.57315135
0.7362999
0.82690847
0.45718527
0.6194679
0.45270216
0.5014934
0.8191521
0.7477116
0.6138663
0.6469275
0.32600912
0.22625089
0.7094195
0.6150949
0.31253386
0.36202163
0.38845864
0.50616235
0.64440393
0.6966656
0.28432393
0.50665367
0.40469047
0.31095046
0.33604258
0.22157346
0.40239567
0.30347475
0.48007202
0.37543598
0.4760161
0.6921534
0.45170268
0.36802006
0.30206892
0.52837366
0.26375586
0.16334257
0.40169042
0.40404296
0.45889547
0.32735166
0.44618165
0.3971317
0.44934568
0.50756854
0.24591553
0.45562124
0.52535725
0.32124832
0.22186607
0.44637024
0.5593834
0.16194354
0.62864286
1.4650314
1.810079
0.64969033
0.46843344
0.32066572
0.4377487
0.53789693
0.3464301
0.4595455
0.4494946
0.41733116
0.30295932
0.4732545
0.46796256
0.34542793
0.72630167
0.4360589
