0.08934671
0.38859633
0.3387743
0.23509888
0.21981856
0.077382
0.127087
0.109421074
0.1824691
0.11778954
0.16063407
0.045032337
0.1210051
0.16044411
0.38294777
0.074432515
0.3164782
0.40801018
0.31266987
0.14170517
0.2363557
0.19061895
0.4915024
1.0131108
0.36284047
0.25906438
0.57363456
0.44528335
0.21510349
0.12739776
0.22700042
0.23964402
0.10424033
0.17573163
0.43584952
0.3036818
0.60300547
1.4062274
0.70106566
0.072883
0.051380225
0.23574021
0.18972103
0.19124343
0.076065324
0.16984165
0.264771
0.90146834
1.3561536
0.068169944
1.1850433
0.36355737
0.34007257
0.09136554
0.27269575
0.25168416
0.3221914
0.32144558
0.25924283
0.33197644
0.2993845
0.14619973
0.26692268
0.07873537
0.12006057
0.118050456
0.097723104
0.22190365
0.1183631
0.053509332
0.12486085
0.35333246
0.37520432
0.5598321
0.12849757
0.12796257
0.16620004
0.11093137
0.29016846
0.10607953
0.06485963
0.3484775
0.25879285
0.06300056
0.11779761
0.29493928
0.2575586
0.11740031
0.12758087
0.22662556
0.1163396
0.15650074
0.23893803
0.0930219
0.10605826
0.07660249
0.14293602
0.3330981
0.08839458
0.30456588
0.4130474
0.09847969
0.1836596
0.23320505
0.22764327
0.03944075
0.13203506
0.16585594
0.23502669
0.07744359
0.122471884
0.115020916
0.067947924
0.16509548
0.15587595
0.24220301
0.07221986
0.08212456
0.14042988
0.09208037
0.14971595
0.096414685
0.15929282
0.32371876
0.13093221
0.09052634
0.03373857
0.0511776
0.22327176
0.8252989
1.605131
0.5647416
0.1075292
0.26940647
0.2423217
0.36398375
0.4448284
0.28171897
0.06062844
0.068986446
0.09831925
0.26441908
0.027789194
0.14971258
0.21706593
0.09275827
0.06424042
0.06121415
0.16164666
0.18663369
0.100722015
0.055142045
0.11227721
0.13978507
0.07488816
0.2220318
0.11209953
0.20121668
0.16336247
0.14063522
0.100520745
0.10504615
0.16101249
0.068061836
0.435578
0.34085438
0.14423017
0.10365678
0.17736414
0.12476402
0.08923411
0.09183334
0.097292766
0.4027519
0.6220616
0.09811977
0.47292906
0.16535243
0.46253884
0.85707766
0.16604134
0.27467066
0.116684966
0.2054555
0.12034058
0.12443498
0.1495518
0.1231896
