3.028008
2.0806906
1.4714873
1.2895737
1.2556567
1.452229
0.98452985
1.0391256
1.2188907
1.9932961
1.0031673
1.9600339
1.0423504
1.3246622
1.3973172
1.9906124
1.2921954
1.0950549
1.5674009
1.4137286
2.0236535
1.5107799
1.158448
1.4832313
1.012851
1.0964013
0.95129275
0.6209414
3.1881409
1.2135973
1.8382931
0.90681994
1.3982552
1.2810645
0.985518
0.63883793
4.5247397
3.7846003
2.7430608
0.33446294
6.045659
2.1941931
0.53428483
3.7689219
2.7153077
0.75888187
1.40024
1.5371346
1.8514524
1.5076689
1.6626184
1.6873183
1.7248886
1.3615029
1.4656086
0.83295935
1.0990045
1.4220567
1.8328061
0.80398047
1.8025919
2.3226945
2.3429785
0.5365926
2.473877
2.3239207
0.93812394
1.559336
1.2485867
0.83691585
2.878276
2.0149446
1.3472748
1.875113
1.7234097
1.6333016
1.2203665
0.8486628
3.4043849
2.6494858
2.5031247
0.5618439
4.6845183
2.7430005
2.006443
0.92801934
1.5365767
1.8713852
1.5189307
1.7765901
0.53425765
3.696363
2.3095791
0.95557135
0.8876321
2.6872087
2.6038156
1.8603218
1.3957322
1.5011992
1.533475
2.2487397
1.8774986
2.391965
0.5849265
3.4674423
2.7970006
2.4390204
0.59857947
3.840788
2.7302516
3.09696
0.88134
1.4333702
1.9359047
1.4986745
1.7144774
0.517562
6.043379
2.3162758
2.294887
1.7360132
2.123634
1.9399812
1.7766672
2.290225
2.0024443
1.5014093
1.5225892
1.4728714
7.7966976
2.9859295
1.4046359
6.803121
2.8473225
1.4884734
2.4170263
2.8754597
2.2400336
1.699413
1.1900011
2.2839842
2.5511298
0.89381427
0.97217524
3.977017
2.8400478
1.9367306
0.23402539
4.0441647
2.8511832
1.5126157
1.4619708
1.4244077
1.7190301
1.590421
2.759038
0.9547546
1.5650306
1.6752849
1.0567786
0.93713826
0.59688896
1.8665805
1.0252576
1.8879724
1.6195376
1.5811497
0.71396255
1.2003113
1.7222947
1.7721853
1.2474122
0.8269627
1.0479224
7.7430134
0.24067216
2.540491
7.1721706
3.853171
0.9906605
2.1729438
2.4098663
0.55657613
2.4015198
2.6808856
2.3608189
1.5220428
