0.065328196
0.04819674
0.15822431
0.06727977
0.13032246
0.16882895
0.051161602
0.2085842
0.15352845
0.0662106
0.16900636
0.0657079
0.09732487
0.052382052
0.06330928
0.10587822
0.071287006
0.09412103
0.16815767
0.0440197
0.27294502
0.086345814
0.25121352
0.14980228
0.029500455
0.02342664
0.024861027
0.09913558
0.08669407
0.10253542
0.07561441
0.049551114
0.092330396
0.06245382
0.036067706
0.054031376
0.049123205
0.06029574
0.070613146
0.16317672
0.09909769
0.12783429
0.06952738
0.13530561
0.111866206
0.083767615
0.03503872
0.041061006
0.052615322
0.07020325
0.04246712
0.09936474
0.4308618
0.18027093
0.1715338
0.082477346
0.1090829
0.04330484
0.048276722
0.043458484
0.060635366
0.11058668
0.08120012
0.07973865
0.057753716
0.04989764
0.074998096
0.14075005
0.15058984
0.05591578
0.23887353
0.44112033
0.14569196
0.08118312
0.030680105
0.087902315
0.055277657
0.063170716
0.111634016
0.06102249
0.074301615
0.080136225
0.06193401
0.07779658
0.12579927
0.07472288
0.06116277
0.10787352
0.086488515
0.15060648
0.104678795
0.07612079
0.07094573
0.094708905
0.019936329
0.07174322
0.08841781
0.06388918
0.18803924
0.10287284
0.02217744
0.0736453
0.038602807
0.15184188
0.032317054
0.08458188
0.07067098
0.0997912
0.07306635
0.037496325
0.045193665
0.054612067
0.06725766
0.029876865
0.09880161
0.09234433
0.061452854
0.08126256
0.033944022
0.031438917
0.056822266
0.06597062
0.05328907
0.047984168
0.041884713
0.0642651
0.07706912
0.12995042
0.12226521
0.04439474
0.042879023
0.025635883
0.054115046
0.07414548
0.055422023
0.042783674
0.04844661
0.05164921
0.04063379
0.04587212
0.08152218
0.019007996
0.044158135
0.04726453
0.027238779
0.09194744
0.036350578
0.08618091
0.052539453
0.029729877
0.08798414
0.096035406
0.1481231
0.042445816
0.02916896
0.04038755
0.07679976
0.06357169
0.083261855
0.037640635
0.09371653
0.083496906
0.05220131
0.032227866
0.066809595
0.051898852
0.09286198
0.044338964
0.06690188
0.121656224
0.059785895
0.035051078
0.033015393
0.09819838
0.19106098
0.03688817
0.24898134
0.11327455
0.11558533
0.028936507
0.07443367
0.02494013
0.1026271
0.08524908
0.2164582
0.1926147
0.040431518
0.053629875
