1.0372088
1.1602081
1.2585964
1.2658949
1.036017
1.2543523
1.0899493
1.324646
1.2048123
1.1240635
1.0953288
1.171655
1.3953016
1.2351136
1.1186974
0.98857194
1.3029821
1.3849417
1.2219133
1.0706086
1.2059801
1.0625119
1.1532664
1.2152828
1.2047076
1.045016
0.92637914
1.493632
1.6467752
1.1698632
1.418181
1.5497757
1.3871037
1.3843257
1.0164354
1.2196108
1.5325532
1.1859062
1.178216
1.2603829
1.1888247
1.2692852
1.249016
1.2699184
1.0708929
1.0702672
1.5273728
1.5209816
0.8575999
1.0674077
1.073623
0.99290097
1.1358538
1.0104152
1.2932476
1.4025261
1.4371692
1.387882
1.2073464
1.1538198
0.94739664
1.2353568
1.6015671
1.6111561
1.8245525
1.4676425
1.319947
0.9893067
0.9275124
1.0859361
0.97562987
1.2848061
1.1528357
1.3004138
1.227653
1.2151198
1.1870316
1.3246717
1.286666
1.274708
1.3473938
1.1263902
1.1046889
1.0526757
1.1683946
1.1692247
1.5437577
1.7530372
1.3705525
1.2395145
1.0245706
1.3804913
1.3565573
1.1380203
1.0234034
1.0403686
1.0652101
0.9599101
1.1536977
1.198586
1.0949394
1.1666906
1.1333425
1.1441307
1.1596117
1.2992053
1.0725834
1.0301785
0.99240303
1.2294719
1.1490335
1.7147965
1.7891104
1.0860846
1.2810793
1.4450703
1.1548295
1.0221025
1.1675065
1.127114
1.0286574
1.1869085
1.1159058
1.2345363
1.5296104
1.9849408
1.1548579
0.89307284
1.154944
1.2424483
1.2481488
0.9758157
1.0807755
1.1434389
1.3917801
1.6845403
1.5143265
1.267919
1.2539606
1.0437368
1.0902419
1.0122874
1.1142421
1.1328254
1.1681454
1.3679941
1.3242863
1.266677
1.0386813
1.2843883
1.3383331
1.8269914
1.4892912
1.4522939
1.3375671
1.0881256
1.1248775
1.0235553
1.2424886
1.1215897
1.079889
1.0972209
1.0313838
1.0957115
1.0354426
1.1252666
1.2580113
1.2345651
1.1383333
1.010938
1.3404382
1.5386006
1.6556497
1.4608145
1.0164325
1.0529282
1.2360823
1.3114133
1.1426904
1.102822
1.0769522
1.0659292
1.2231972
1.2030554
1.1226063
1.1041027
1.1568768
0.93669784
