0.15189764
0.15281096
0.111631714
0.15222816
0.11318646
0.13716425
0.16350225
0.13671917
0.18794979
0.112240024
0.09354531
0.17904538
0.07583844
0.103419766
0.13753444
0.3360014
0.3076682
0.088924564
0.1595085
0.18449356
0.117457114
0.112890795
0.13818714
0.07844062
0.099087566
0.32848117
1.0169373
0.6275084
0.31566364
0.61400867
0.15358347
0.50687486
0.39201248
0.15563294
0.75006086
1.9193004
3.2439365
1.7512501
0.9255375
0.14353898
0.5037719
0.62481344
0.6946186
0.31705
0.21636786
0.20891316
0.19659849
0.12569806
0.14279869
0.48491415
0.5604937
0.3402751
0.2805605
0.4499616
0.40932867
0.59919953
0.13371882
0.37774935
0.13003713
0.3131114
0.22771753
0.47571915
0.09167698
0.28286844
0.2649585
0.22010854
0.18844725
0.28656843
0.24623822
0.3848521
0.19715823
0.35009038
0.17534718
0.22186163
0.15121435
0.5062028
0.23753682
0.19243225
0.24125673
0.23646134
0.15258148
0.20068625
0.19379056
0.18747038
0.21054849
0.22398725
0.05796721
0.17306349
0.15428275
0.2782039
0.49884474
0.30769292
0.2284438
0.24710937
0.20448712
0.17430505
0.10007349
0.11339469
0.10807972
0.13505843
0.17747657
0.31156048
0.11704026
0.4247601
0.5177511
0.05687808
0.50888836
0.34505415
0.17813447
0.7155404
0.30879292
0.2507203
0.15848568
0.313476
0.4614578
0.27788952
0.2541563
0.16973352
0.3215185
0.22580363
0.11943953
0.07339726
0.1560425
0.21935372
0.14827937
0.11520339
0.17163375
0.1606923
0.14799556
0.08258204
0.10098033
0.15751344
0.09428575
0.10182686
0.20074585
0.21715914
0.24074511
0.14043374
0.105722606
0.14886773
0.18475471
0.230501
0.1349075
0.24072263
0.061613545
0.22254808
0.15260985
0.26211888
0.22623205
0.19793874
0.50272286
0.3048537
0.32152802
0.17862797
0.15376426
0.22303104
0.16042982
0.23778443
0.12943773
0.08096139
0.14056118
0.7827666
2.1227744
0.7989855
0.33550283
0.543238
0.43757492
0.09419582
0.2997729
0.40370888
0.286946
0.28418612
0.35307017
0.6954085
0.5061808
0.16337386
0.15104818
0.35160235
0.5138947
0.36553323
0.17441176
0.16981837
0.13926211
0.22835217
0.1733367
0.16398628
0.15001978
0.16818139
0.16424084
0.49253514
0.5312927
0.11173287
0.22774535
0.29499707
0.4681819
0.13964756
0.17879131
0.115012795
0.22595078
0.28446114
0.11555393
0.31093273
0.13429779
0.22798467
0.16817118
0.2550702
0.36225262
0.0948164
0.40507966
0.3224792
0.11156875
0.13925903
0.12294796
0.14313936
0.335299
0.23162276
0.25149113
0.43195787
0.30955994
0.13353392
0.097173825
0.18480612
0.09046835
0.082972236
0.16339453
0.15255499
0.10139136
0.14144735
0.06667785
0.16169573
0.23945162
0.11846051
0.17644165
0.16177626
0.16444764
0.3199103
0.4734849
0.26141268
0.1878538
0.16513625
0.16878745
0.1359193
0.1472477
0.24185258
0.1178865
0.09351544
0.20623647
0.14273249
0.063856095
0.12191191
0.09084268
0.1493493
0.09261416
0.16045235
0.14078087
0.208882
0.16531095
0.111392826
0.09410708
0.19835103
0.12048797
0.14793855
0.06994727
0.08347133
0.14639871
0.15376584
0.0983845
0.3865286
0.7611676
0.63056386
0.08997275
0.20341934
0.14151236
0.12690988
0.23198101
0.25855565
0.33495802
0.23716496
0.13714054
0.14467545
0.29470965
0.29478502
0.08952032
0.114477515
0.5474756
1.0994989
0.5571086
0.10121444
0.47172424
0.2590732
0.080525376
0.24613762
0.32331014
0.14055693
0.27325886
0.15388195
0.22839932
0.30182257
0.11441699
0.053430393
0.103207365
0.19409877
0.16724868
0.4137891
0.24674143
0.45792076
0.65436786
0.1613097
0.2615785
0.21768099
0.21118657
0.16450293
0.14438482
0.23421669
0.15326178
0.070907675
0.084777385
0.18120277
0.16748442
0.11695765
0.094673954
0.18948674
0.14253306
0.124077484
0.19820845
0.1367122
0.13132973
0.20960088
0.05737668
0.21253425
0.17132464
0.22381443
0.19523618
0.086022325
0.27422905
0.20437011
0.13859975
0.257312
0.19821644
0.0844416
0.060302675
0.11501548
0.12006165
0.16039495
0.09253599
0.13282962
0.12786251
0.06181642
0.24602836
0.16010547
0.091402814
0.10352659
0.14466959
0.050067928
0.14083304
0.13714245
0.080175936
0.08316155
0.1715328
0.3069616
0.26157308
0.08018079
0.12683122
0.13268298
0.1194593
0.23401204
0.14870332
0.096842274
0.1402717
0.17753613
0.086772725
0.13235922
0.07249005
0.065190226
0.13003969
