0.55250204
0.722147
0.2672542
0.45809138
0.3182577
0.17740604
0.37025672
0.28229836
0.15641454
0.34037718
1.0205767
0.8314314
0.14884683
0.095365405
0.3457505
0.21523999
0.37156847
0.3402687
0.23059708
0.2945003
0.2183187
0.5207927
0.29497463
0.43718445
0.39046508
0.19950385
0.15959318
0.16169405
0.26299286
0.44046757
0.28288418
0.14271146
0.1579844
0.29274172
0.45512077
0.3617418
0.21498108
0.6510203
0.3477674
0.18914782
0.15332878
0.1596787
0.16675979
0.16082703
0.26611888
0.2846392
0.2678892
0.20536159
0.27067804
0.32979345
0.20313777
0.14093754
0.15347195
0.17415205
0.14142424
0.20172644
0.35608518
0.5600796
0.3713786
0.1123324
0.2120536
0.17686966
0.07796359
0.253637
0.14185262
0.1940259
0.4690344
0.8458081
0.26292625
0.619258
0.41330424
0.11540796
0.08345115
0.084335305
0.06175577
0.32810777
0.22104877
0.26829222
0.1411519
0.31341255
0.8989976
1.5690734
1.4977442
0.13154203
0.2615443
0.18926904
0.17406519
0.25608575
0.30035987
0.15272383
0.42018777
0.3142751
0.19818336
0.21514852
0.13685752
0.27469063
0.21107563
0.39604908
0.12678704
0.40602142
0.19318686
0.23489055
0.3019209
0.33714047
0.25858295
0.15623598
0.21881013
0.23792633
0.19449857
0.10744631
0.14991091
0.22371821
0.18088284
0.18567643
0.13097748
0.1728232
0.3044335
0.11998865
0.25634223
0.1440143
0.4075466
0.29677477
0.078022845
0.16296643
0.17638168
0.091990404
0.2741608
0.16665107
0.09128133
0.19744313
0.2930677
0.15464623
0.3219499
0.20797369
0.3214453
0.60357004
0.52773714
0.22464563
0.1207279
0.14441581
0.3199734
0.28836292
0.09273237
0.188427
0.12742701
0.14532751
0.1426214
0.35353506
0.13988677
0.17934726
0.15792215
0.20927992
0.12262887
0.20508526
0.08925435
0.21885908
0.09575406
0.23286866
0.1353524
0.20360254
0.22145313
0.13352507
0.06797078
0.17923567
0.13869286
0.3064913
0.1426743
0.084286876
0.17330429
0.12699449
0.18615411
0.07767309
0.22355801
0.14493965
0.1257211
0.10079402
0.16524258
0.18795232
0.14718632
0.23727119
0.27802548
0.08390157
0.03221392
0.17746489
0.20664594
0.14168897
0.11234853
0.15385239
