0.24739948
0.44800943
0.61392695
0.44011658
0.28890285
0.513546
0.3064019
0.37690473
0.44183388
0.41459554
0.3013952
1.1574352
2.0469913
2.2947237
0.5839647
0.60831916
0.5682541
0.7150417
0.58179706
0.54118234
0.4285031
0.4491017
0.48706368
0.5284479
0.30239803
0.53074443
0.7408639
0.27493483
0.6555692
0.5264435
0.49512202
0.29377443
0.56743604
0.45862672
0.3601286
0.48781133
0.44396687
0.3893792
0.43134195
0.42382056
0.31927973
0.37200004
0.32150418
0.55489683
0.34217882
0.37910393
0.40130022
0.35722053
0.60830677
0.6544591
0.3570066
0.45270404
0.6039423
0.3776098
0.31118193
0.41894895
0.28674567
0.21524155
0.3176281
0.28502786
0.2596112
0.38471347
0.498283
0.60369754
0.43159184
0.3602943
0.50571984
1.110377
0.9168323
0.14860994
0.9416222
0.33834162
0.61351854
1.1675124
0.909606
0.20354757
0.3741527
0.32150888
0.27970728
0.59162974
0.40252656
0.32787794
0.5189699
0.2547367
0.34892333
0.3958359
0.26352087
0.5991318
0.29299837
0.29367158
0.5406907
0.5956842
0.34540346
0.3661984
0.59070134
0.33162177
0.43745652
0.5109183
0.32665724
0.34692144
0.36693364
0.33067226
0.39527142
0.5331556
0.3772244
0.26826644
0.3039446
0.42231488
0.72845554
1.3993168
1.5277195
0.47433758
0.6445553
0.7214014
0.29683834
0.4614038
0.37403232
0.45941657
0.40103868
0.38871977
0.3119752
0.3153901
0.4018686
0.6334379
0.94951
0.49321717
0.45812672
0.64458174
0.34462172
0.45800102
0.2951867
0.24731237
0.4797346
0.3651303
0.32601732
0.46669614
0.99121535
2.0058277
1.2478013
0.23727456
0.38195893
0.26908833
0.35313308
0.51259285
0.9488465
0.47006783
0.2879572
0.44282046
0.42958423
0.65544474
0.17029458
0.56604356
1.1587589
1.2268293
1.6931325
0.649
0.33707827
0.53061736
1.4850116
1.9366224
0.5975853
0.5065804
0.30723417
0.41429162
0.5425923
0.6384882
0.30954868
0.5449776
0.79982954
0.24531741
0.57426506
0.69188
0.34643292
0.41306064
0.5261106
0.37626594
0.45630747
0.5537699
0.60739374
0.38143095
0.38920683
0.5957256
0.57201344
0.28983372
0.44660714
0.16974705
0.21152556
0.3050744
