0.5710141
0.8494977
0.97788554
1.0590774
1.3311849
0.7665077
1.4153606
1.0542693
0.4269461
0.6507218
2.2248628
1.6651163
0.62708426
1.0674187
1.357699
1.4513869
0.7648677
1.4357114
1.1071143
0.7830075
0.6201249
1.2241203
0.6816209
1.2450199
1.1389854
2.80091
1.8255867
0.21508607
1.1012747
1.9020206
0.9563476
0.67076445
0.8615373
1.2331699
2.3561487
0.8155012
0.9387654
1.3461307
3.4320292
2.621251
1.5663409
0.7053968
0.9436328
3.5342932
3.595151
3.822688
2.3609939
1.3683828
1.0782008
1.2910364
1.2075747
2.2003465
1.8694631
1.4914793
3.2243927
3.4833436
1.8189855
1.5145948
1.7621524
1.8568988
1.3379889
2.2285829
2.26969
0.78085357
1.0582607
2.4056325
2.781219
2.0713384
1.5002567
3.0837889
3.1483736
3.0488558
2.2572227
1.4743164
4.3504977
3.4034145
2.9550557
1.1270437
6.4115596
4.793084
2.7405863
1.713403
2.9713228
2.6276486
2.803363
1.7351377
2.6583862
3.4078894
1.4623407
1.1672002
7.3862724
0.95599604
19.53138
5.503953
2.249319
1.3255097
4.124869
4.097933
2.8854845
1.4666488
4.3763905
4.4095936
2.9676213
1.2351065
0.9493884
0.964442
1.0382732
1.1292613
4.2824073
2.4031246
3.009703
1.3243427
1.2086413
3.329791
4.4502625
0.6971301
1.4579937
6.609977
1.7861612
2.8846407
2.5161355
1.9182535
1.810504
1.5292363
2.0123062
1.5424803
1.3438077
1.7540039
0.7484172
7.3354626
0.3448954
1.6246989
2.3245912
1.6495275
1.9485759
2.5065675
0.90690184
0.94052863
1.3804522
1.3330759
1.3556958
1.1066301
1.1016992
2.6307468
2.0039563
2.3655462
0.6590179
0.2545867
0.6807269
2.92275
1.6463934
1.2349911
0.82195115
0.868595
0.434471
4.961441
2.0036516
0.2177487
16.063301
3.3847022
0.044992805
15.401264
0.63760686
9.489725
0.35494146
2.0183125
3.2776165
3.0783837
0.60066915
9.602412
0.36353552
1.1348765
2.0821018
1.680929
0.7319229
0.82005733
0.746302
1.4230586
1.3756791
0.6027143
0.71907264
2.387444
1.0402699
2.551158
0.43470764
3.7794826
0.6278576
0.98122436
3.254222
1.9782913
1.3987955
0.8886245
0.37513882
0.5056384
1.4911885
1.4681296
1.4645046
0.0848156
19.188837
0.3558588
10.48571
1.5597422
2.0164235
2.3612473
2.5639682
2.1475797
1.8381884
0.88288105
4.125842
1.3135645
3.1027102
3.345248
0.51985633
6.856945
3.2811959
0.14227036
7.296703
2.5576434
1.3247523
0.7949419
3.5141528
2.6703143
0.16265354
1.613416
7.1724787
2.901303
0.21471296
5.7494564
3.1691866
1.8092418
0.4654156
1.8044355
1.9929721
0.91071457
1.3291888
1.236756
0.3967055
0.85798
1.6388104
2.129324
0.68834794
1.1189007
2.0307665
1.1156998
0.32194996
3.3986866
1.7738969
0.8215632
3.3397903
0.5978645
0.58915806
0.9360418
1.9590759
0.62487066
1.5390452
1.9003947
1.660733
1.1877478
0.6222153
0.55931705
1.2649922
1.4363099
0.8808218
0.76726204
0.73728
1.0922356
0.39880997
1.0620298
0.54901135
0.83443403
2.2601752
1.898238
0.33804005
0.7524277
1.4563327
2.2597532
0.5418209
0.198609
8.344962
0.6248554
0.4151008
3.304922
2.2434392
0.9756646
1.1531639
0.5870939
0.59216857
5.256996
2.6413493
1.1925638
0.6215787
1.5957752
1.2130995
0.66398835
0.7849827
1.1643056
0.86858284
1.4719776
1.2981858
1.339689
0.9258137
1.0157148
0.56551546
1.0283397
1.3399762
0.8183597
0.91222644
0.48394424
1.4673629
0.9680074
1.004
0.98200095
1.0106752
0.8639447
0.6739342
0.46519905
1.9353813
1.6582788
0.19837412
0.55116343
2.0134125
1.6176987
1.352085
1.0838547
1.4802103
0.6893437
0.5870477
0.37626582
0.84942067
0.880268
1.2951498
0.9961488
0.94816613
0.9920002
1.2494423
1.2351851
1.0294683
0.90434563
0.43933576
1.2106845
1.131989
1.575309
1.2689295
0.7100725
0.5417955
1.5542802
0.06783855
3.5845156
2.5810533
1.0347041
0.41559076
1.5046582
1.8170882
1.1885934
1.2866303
1.9799411
0.6581967
0.73678666
1.559377
1.6722769
0.81830007
0.9467385
1.6346056
0.9281364
0.3633102
1.8363622
1.2864296
1.0053859
1.0741472
0.54715306
1.1393585
0.862042
0.6179997
2.1408157
0.896106
