1.5152614
1.4707406
1.2851312
1.5566747
1.4105201
1.325244
1.1964993
1.4475338
1.3279538
1.4819207
1.4521405
1.2706746
1.3964604
1.2574155
1.2686219
1.3688333
1.2643943
1.2576797
1.2141163
1.20665
1.0407838
1.2629514
1.0547744
1.2594287
1.3179715
1.2205203
1.2249422
1.2061208
1.308233
1.2902641
1.0722736
1.2112575
1.2830968
1.4946663
1.5258974
1.6695051
1.0867599
1.2320981
1.4614048
1.1643915
1.2798829
1.4327301
1.8567622
1.5199083
1.2541627
1.2331783
1.3553486
1.4603534
1.619677
1.490422
1.2563691
1.3760905
1.2739928
1.210119
1.2008669
1.4064052
1.1270335
1.1851084
1.2802104
1.3660737
1.4238019
1.5551273
1.7851205
1.7790009
1.5173246
1.4459283
1.3557328
1.2294102
1.2276411
1.4135673
1.1689289
1.4074728
1.729922
1.4303946
1.1107996
1.3609319
1.2591462
1.3657038
1.3953607
1.262468
1.3850297
1.2527509
1.1543146
1.5071236
1.2311044
1.313158
1.2888024
1.6165214
1.505092
1.3822348
1.23134
1.2638779
1.251276
1.3280616
1.2432116
1.3036124
1.2699654
1.4243536
1.226314
1.1690383
1.1755669
1.2710121
1.3713611
1.4881185
1.4949056
1.2293897
1.1538894
1.2079451
1.2966633
1.1455684
1.2789994
1.0648186
1.3612461
1.2363513
1.2889059
1.2698025
1.5037469
1.8829994
1.370744
1.0834193
1.2870488
1.389918
1.3147053
1.46439
1.5069301
1.3561127
1.1419997
1.1782737
1.2534101
1.2455664
1.3668973
1.6246054
1.2335923
1.2383084
1.3864913
1.3464563
1.436255
1.365447
1.3604608
1.2616717
1.0479397
1.1545923
1.2129297
1.2114652
1.33902
1.3987539
1.3191695
1.197592
1.2554957
1.164683
1.1782526
1.3779132
1.3007715
1.1858935
1.3621873
1.3064127
1.1312178
1.3641381
1.7086079
1.4230527
1.283747
1.2844555
1.1717939
1.2375398
1.3179379
1.2278059
1.2245266
1.2469854
1.3507159
1.4512429
1.2875236
1.2082827
1.5116606
1.3380045
1.2664976
1.1452079
1.2332487
1.4589698
1.5251579
1.5307547
1.2396846
1.3622861
1.4282684
1.5338138
1.4594742
1.2792683
1.3797028
1.3359654
1.3958023
1.5561154
1.2735617
1.3508368
1.2763846
1.178477
1.2669041
1.1213217
1.2173067
1.2768648
1.4857144
1.3327429
1.1584755
1.2383294
1.2504663
1.2495236
1.18052
1.2978804
1.2991667
1.3937733
1.480632
1.2525647
1.133137
1.3905213
1.5126828
1.3427725
1.2840176
1.2431245
1.3635815
1.2346392
1.2200799
1.094764
1.1887046
1.2113787
1.266136
1.3604561
1.3741705
1.129413
1.1800535
1.410343
1.6529764
1.2950428
1.3756435
1.349114
1.4713144
1.3855801
1.4472854
1.1927097
1.2238472
1.2313936
1.2346135
1.3204064
1.0915434
1.4166253
1.3701949
1.4190851
1.2116206
1.309414
1.3437794
2.3591685
2.56752
1.6714343
2.4293072
1.8083272
1.3895328
1.4526069
1.3652394
1.556689
1.6028737
1.4011207
1.501662
1.57761
1.4341766
1.4115434
1.4317997
1.1977179
1.2215061
1.2291551
1.226928
1.4046861
1.3335111
1.5336235
1.3959234
1.5325892
1.5712073
1.2170167
1.2162673
1.3186378
1.3405986
1.1730245
1.3855896
1.3564708
1.2447326
1.4442587
1.201551
1.3126229
1.4623194
1.419117
1.4588871
1.4617879
1.1484785
1.2513688
1.1613808
1.2282133
1.4126592
1.5435426
1.5200737
1.2267158
1.3367629
1.2445117
1.3393412
1.3602512
1.2472594
1.1824855
1.4338208
1.4162948
1.4268157
1.2018322
1.1455975
1.0444548
1.141772
1.2721028
1.0033118
1.3434563
1.2256769
1.2816265
1.4697725
1.2634292
1.2893163
1.3245757
1.331715
1.1946896
1.3882291
1.3662353
1.2159443
1.5194067
1.5026011
1.1747837
1.1724281
1.148936
1.3614707
1.2926124
1.4227667
1.5453244
1.3376596
1.2956011
1.2878577
1.4531506
1.3152854
1.2258687
1.2239399
1.3402407
1.2106978
1.1571072
1.1339579
1.1467016
1.3767307
1.2078626
1.2180958
1.2912837
1.4927392
1.5952029
1.3857007
1.1482881
1.241106
1.0578169
1.3064786
1.4854043
1.4271549
1.1989832
1.0742371
1.1938983
1.5039294
1.2122264
1.2393103
1.464416
1.3251743
1.3656348
1.3590705
1.227565
1.567632
1.3681018
1.3235382
1.54417
1.1833551
1.0602105
1.3347145
