0.3786167
0.70553625
0.8236741
0.7522697
0.7009227
1.0527967
0.88776076
0.78080225
0.3879798
0.33906722
0.48047256
0.5604993
0.5612619
0.39368337
0.7693501
0.93654317
1.0962955
0.8041929
0.582399
0.35349613
0.5587913
0.6726143
0.50042045
0.78316796
1.4131308
1.0335276
0.4295222
0.87124366
0.7035519
0.7116567
0.574092
0.983824
0.7553848
0.63310885
1.2495362
1.1328121
0.5832741
0.85567886
0.83549786
0.7069603
0.37567717
0.6082461
0.5765906
0.5234311
0.72670203
0.48831898
0.543317
0.7028712
0.4955205
0.42131713
0.8540219
0.67865205
0.5393445
0.49756077
0.51936376
0.5725052
0.6650389
0.4832673
0.4651725
0.5644083
0.592051
0.7238012
0.7143627
0.6273416
0.7627943
0.7750918
0.70521975
0.39555323
0.48289353
0.62712854
0.41896838
0.450764
0.5412526
0.67298126
0.62511027
0.5346611
0.46291366
0.53841615
0.44779122
0.57088524
1.1391767
0.8395858
0.91244024
1.1158003
0.6245666
0.70916975
0.8704637
0.61357677
0.44201803
0.61268616
0.9325389
0.88875896
0.4527346
0.6624969
0.69090194
0.39472854
0.59829056
0.7912803
0.7977227
0.65212756
0.60162157
0.50375843
0.474536
0.5091358
0.5276206
0.7698349
0.84972286
0.6708925
0.34665942
0.26854077
0.35222703
0.58676106
1.0212389
1.5165081
1.1046689
0.6340579
0.65820456
0.7561555
0.57850176
0.64623463
0.53808045
0.65443456
0.54285073
0.5820517
0.45244092
1.1944003
1.4368018
0.52372885
0.5307429
0.46579048
0.5341165
0.4232698
0.8174714
0.77772886
0.5928506
0.33089674
0.5681641
0.49900663
0.4489937
0.5192534
0.43858984
0.49379528
0.6451351
0.6247306
0.9163477
0.9041774
0.7779241
0.5080294
0.49888718
0.8065512
0.45976183
0.6319762
0.92274785
1.0709474
0.6782704
0.33094305
0.50422955
0.3859396
0.3813191
0.5552466
0.7148134
0.43236828
0.49072486
0.65130174
0.44623965
0.4610955
0.5145596
0.61694074
1.613581
1.7486728
0.5161925
0.85447776
1.0794773
0.9527875
0.6351272
0.78872526
0.6874281
0.57099724
0.47548184
0.58837485
0.37585258
0.36767817
0.42482144
0.6155901
0.38815883
0.38413084
0.6347933
0.54148054
