0.24614677
0.68190205
0.71014637
0.24050042
0.26238587
0.7265059
0.7787191
0.44829464
0.3397398
0.2784387
0.28119674
0.21321742
0.5415677
0.56825227
0.7739594
0.44039568
0.23805825
0.3847437
0.56483036
0.32529867
0.29463726
0.7979592
0.8146294
0.65541506
0.719274
0.67332464
0.3416221
0.22794831
0.3836796
0.44339323
0.52369744
0.67496306
0.8498136
0.7237233
0.36561355
0.40956986
0.4771606
0.32770228
0.41215485
0.8038648
0.48063067
0.69656837
0.24365337
0.34745598
0.6361072
0.4747842
0.17885165
0.6593093
0.83507895
0.44532943
0.36120993
0.456412
0.23621517
0.18818378
0.38839716
0.4913405
0.2206607
0.5193445
0.7147547
0.463806
0.27153593
0.45647094
0.46977946
0.34697515
0.33433902
0.4844392
0.56759876
0.52851003
0.39229983
0.96383864
1.1236403
0.3727464
0.35026658
0.3308814
0.3766986
0.5343393
0.39977282
0.3095355
0.34675506
0.25232142
0.2726686
0.38242948
0.36936644
0.24700144
0.5901929
0.32169557
0.20975733
0.50023055
0.47614127
0.34050936
0.29037747
0.40589792
0.28144425
0.24303688
0.29994956
0.19301328
0.49909103
0.35336563
0.21402057
0.33178753
0.2246967
0.5097951
0.45862848
0.6630037
0.6683999
0.80671895
0.5404674
0.22619359
0.35317028
0.48258036
0.2790675
0.4564357
0.32258955
0.40853697
0.3597028
0.20690215
0.2583338
0.19988398
0.25565517
0.2755304
0.4843144
0.42430663
0.4096788
0.42280847
0.19552699
0.36855245
0.37508386
0.30215
0.41359422
0.35829487
0.20207563
0.4205742
0.46678752
0.39393368
0.3915636
0.27405527
0.55997413
0.53128386
0.15875551
0.3909952
0.4005807
0.41298926
0.4021905
0.2095284
0.36973968
0.23903689
0.35096672
0.3448207
0.60612494
0.4571012
0.2052424
0.34950274
0.3033883
0.17242596
0.34015846
0.4009849
0.427227
0.22210318
0.3858014
0.28144264
0.45800626
0.5325993
0.70880723
0.27227336
0.49768013
0.5394194
0.39104235
0.45140445
1.1205093
2.339446
1.241468
0.8082223
0.47691414
0.41987428
0.40575707
0.5742011
0.8201389
0.7055931
0.5051462
0.34631324
0.43525937
0.4306516
0.40733474
0.6656106
1.3475769
0.7997666
0.3613138
0.31099617
