2.119357
0.56518006
0.93848515
4.1950865
1.725837
0.9230622
0.5832778
3.63058
1.3914328
1.0777986
1.1055341
0.5459454
1.1592361
1.2392281
1.0469594
1.4395626
0.79518276
1.1117527
1.299189
0.9400461
0.8418908
0.2072273
4.2028875
1.8043121
0.71364576
1.1145977
1.1929648
1.1372727
2.6326725
1.2466508
0.3515765
5.909254
0.2669168
4.616005
2.832199
0.7980454
0.91522247
2.446323
0.98489845
0.32576218
1.1666349
1.4661195
0.38837367
7.55269
0.82975173
0.66392905
1.2483534
0.812768
0.4701185
4.5879116
0.5269009
4.3996067
0.85513085
0.74980164
1.8119547
1.5953854
0.91682374
1.395523
0.31630647
6.4929104
3.100721
0.5034291
2.8853385
1.0050029
0.7696266
1.0095341
2.3912134
0.6370781
0.75037426
0.82010025
1.6943845
1.5039834
0.5553826
0.68164486
1.4151239
1.4437991
1.066909
0.46799916
0.96008897
1.1764932
1.0707332
1.0383567
1.1206143
1.3947592
0.5022122
1.8070433
1.3848157
0.40456864
4.4572606
1.915982
0.95566404
0.7094019
2.5870414
1.6403446
0.77669775
0.67810774
2.1739295
0.3358745
4.743437
0.23630004
1.4108267
2.6378403
1.983134
0.46798116
2.016255
0.8831129
0.79781973
1.1681137
1.7263026
0.84763515
1.110997
0.78851
1.1396556
0.44037876
1.3879339
1.4261814
0.96633303
0.7160747
1.3171313
2.0885468
0.872964
0.88059807
1.6844239
0.7926822
2.1092792
1.316011
0.33391076
2.550795
1.5320919
1.1145325
0.52002287
1.1162901
2.5220556
0.41488236
0.9879711
3.2278934
1.4504018
0.4890751
2.1625524
1.8942512
0.60960287
1.0825535
2.661869
0.7288935
1.2332047
1.729177
1.5846441
1.4305658
0.5079869
1.8054142
0.9001571
0.63063574
0.9001249
2.817206
0.9483973
0.18187305
7.3745565
2.1588953
0.58089364
6.5633583
0.31171983
2.8445764
1.9536107
0.2634798
3.3815768
1.7882991
0.7546712
1.9424475
1.8424115
0.7392491
0.8482009
1.8152634
1.4322126
1.4899846
0.66435516
2.1088142
0.7995788
0.7419766
2.3066564
2.1992936
0.7684394
1.550668
1.9515445
1.5539012
0.93618155
1.7128563
0.8258717
1.2551522
