0.9729649
0.8752016
0.68860096
2.2003088
1.673271
1.623083
1.3793154
1.6554897
1.6437724
1.6696197
0.9986375
0.8780954
0.71107614
1.575305
1.3766963
1.307191
0.5341798
1.2173293
1.1341074
0.9811908
0.904584
1.4145463
1.1682327
1.5249486
0.78260195
1.6718915
0.47166345
0.6666453
0.74615437
1.2488123
1.7331855
1.1205932
0.40183133
0.5491395
1.6047915
1.5728397
1.2650726
0.9863213
1.0003289
1.3560505
1.3341911
1.4848903
1.4950597
0.88958544
0.96603554
1.1116068
1.0344276
0.90944624
1.2271817
0.9448786
1.398944
0.95266056
0.92063546
1.1447392
0.71619904
0.80970186
1.2333448
1.8009948
2.0927591
1.6802896
0.9063473
0.86357874
1.1540899
1.545228
1.1635393
0.6140269
0.7118237
1.1584599
1.0399553
1.2040352
1.2169604
0.93931794
0.7352593
2.0649295
0.105018765
7.856006
4.039783
0.94166595
1.29031
2.2392073
3.1902437
2.1075568
0.858323
0.83069086
10.113691
0.15717334
8.989641
0.86173165
1.6359949
2.1396327
1.0163858
0.5416542
0.80401045
5.285655
0.23532039
1.3817173
3.0460012
0.80338764
0.8238533
1.2588758
0.60494566
1.1379547
2.1537051
0.6216115
0.26762548
1.0101062
2.255136
1.1034575
0.49208522
2.2622619
1.5728266
0.56935465
0.32931507
0.8421359
3.4543476
0.8983825
0.482885
5.041834
0.1227946
7.3868227
3.4062963
0.3931861
2.9410067
2.2649493
1.2258239
1.3708117
2.2258487
0.34766763
0.5726725
2.6219094
1.5139045
1.7812693
0.54289174
1.5882871
1.978768
2.1125708
0.6010954
0.50810283
1.3088219
1.6185387
0.9514563
0.6217243
0.8717698
0.74624884
1.3281951
0.8304168
1.840308
0.8828317
0.6210022
0.4739178
1.8814781
1.9751614
0.41187146
0.8489782
1.8779572
1.392802
2.6114068
1.2079803
0.6530999
0.79654044
1.3161521
1.6167929
1.0029283
1.116868
1.4433451
1.011612
1.104694
1.7478361
2.5892012
1.1083758
0.725509
1.1141639
3.266181
0.7585004
0.74851316
1.1215448
1.0381358
1.2079371
0.7090034
0.8493093
1.8749182
1.4193492
0.51817644
0.7189488
0.8126479
1.5662172
1.5310069
0.4405724
0.79725325
1.0368266
1.6190854
0.57945645
1.3009948
1.8267804
1.8803537
1.3912398
1.1027966
0.7331443
0.8888526
1.0897754
1.3722866
0.7517945
1.1451981
5.5093727
0.89944875
0.5694344
0.8196577
0.8787198
2.101731
1.1415551
0.7099782
2.1073506
0.90950656
1.9205511
1.406794
1.1141914
0.9883231
1.0860124
1.9929485
2.4311147
0.44904912
1.0701497
1.4912332
1.5223261
1.6835005
1.6476052
0.7515401
0.5173297
1.1332166
1.2184917
1.6769711
0.5385146
1.2702074
1.8912613
0.92879295
0.53232515
1.1929042
2.4836278
1.0292635
0.5384275
3.0501888
1.8383579
0.9499897
1.1451275
1.7586925
1.8057055
1.1353791
0.93718034
1.2724853
1.1175997
1.245326
1.7305636
0.5057792
1.0362066
4.193131
0.1766523
0.4809055
1.9278586
1.6331956
1.2652736
0.5371406
0.76130223
1.1566062
0.6542199
0.4657695
0.66183954
1.074269
0.8858677
1.4498881
0.14471044
0.31368962
0.7021117
1.1722387
1.3147439
0.5663453
0.63214916
0.5482602
0.38387495
0.58924127
0.8445045
1.0903043
0.69176364
0.5197714
1.9117767
1.0962943
1.0721424
0.5882437
0.80419064
1.2218356
1.5006436
0.71108145
0.88179886
1.1911429
0.67483765
0.33909518
1.1294765
1.4229963
0.88204134
0.5572315
0.840229
0.69992566
0.85136306
0.70288974
0.83013165
1.2156
1.2641361
0.6836917
1.0774578
2.072526
0.76281744
0.75477225
2.2570634
1.9641135
1.5721684
0.9586524
0.77659
2.7954226
2.5855398
0.5420014
0.5732562
0.52252233
0.84424525
0.9246814
0.5972582
1.851124
0.9999783
0.5215618
2.0286992
1.4637864
1.2494141
1.6297009
1.0052751
1.2265772
1.2056562
2.0091128
0.6105666
2.0980003
2.9566793
1.5007025
1.4529247
2.0635564
1.3413581
0.92157036
0.67062104
2.0526938
1.7663267
1.1627467
1.4421952
0.8335706
0.69422454
1.0082725
1.5214905
0.88711965
1.4318807
0.81438106
0.3991693
0.8408117
0.6940603
1.2034128
1.4069054
0.94835514
0.80344474
0.81352174
0.4611382
1.0310662
6.8841844
0.030350043
14.4532995
0.14721866
17.109798
3.9527826
5.6801653
3.5429518
1.810486
6.481494
