0.9210973
0.83513963
0.9495754
0.7751284
0.9729761
0.65362346
1.3663621
0.56983274
1.4140782
0.7543944
0.9027218
0.93112236
0.7089795
1.1399599
0.95437497
0.8053173
1.0769626
0.7831984
0.90461886
0.95246375
0.9297739
1.0357261
0.83542836
1.5130585
0.29562742
1.6464531
1.0117266
0.61356515
1.26957
0.90657836
0.7136377
0.8024187
1.1931869
0.80257565
0.8802622
1.0253301
0.9637586
0.89361304
0.8014325
1.0817368
0.71456194
0.96358514
0.77013284
0.99646664
0.8141626
0.82594526
0.9783286
0.73722637
1.2123322
0.83817095
0.78584296
1.1179361
0.62824583
1.1828889
0.6100198
1.0883735
0.8806462
0.6982393
1.5518291
0.6565964
0.9446521
1.0573374
0.749187
1.0394418
0.8962538
0.79569155
0.88080525
1.2242942
0.7407248
1.1251445
0.7285981
1.0667692
0.9281482
0.93671286
0.8225482
0.97402096
0.88177204
0.91041255
0.9641336
0.82429725
0.8741631
0.9300001
0.7984637
0.8000893
0.9464199
0.767604
0.8554199
1.0678024
0.7899236
0.98281676
1.1593883
0.59590805
1.258556
0.83168864
0.7971167
1.0718164
0.7962278
1.0074975
0.8330534
0.981039
1.065938
0.6600078
1.2395792
0.8688365
0.8538587
1.4860065
0.53388846
1.1652954
0.73279476
1.2572773
0.7219469
1.1693683
0.78377247
0.8149717
1.4100889
0.6981034
0.7494259
0.8526535
1.1755992
0.7478263
1.1570135
0.7894214
1.3523617
0.6332804
1.4217744
0.70389557
1.0155051
0.8672204
0.92634773
1.1194015
0.6427832
0.9859873
0.8958422
0.9276619
0.98319876
0.74974954
0.7551719
1.3630788
0.5985389
1.1511495
0.81650615
0.9496745
0.5946137
1.6094558
0.53526807
0.7342408
1.367412
0.7197849
0.9041287
1.1442003
0.622542
1.1906013
0.8621529
1.0844864
0.55314094
1.4952235
0.74403584
0.640819
1.4192
0.61454964
1.136312
0.9207312
0.9416162
0.7973177
0.9817142
0.84703815
0.75797915
1.5193436
0.6694962
1.2110469
0.7500566
0.9969429
1.1691542
0.5035827
1.8157234
0.63335896
1.0523906
0.7751069
0.9063341
0.867486
0.84284985
0.70174956
0.846211
0.9664735
0.9411595
0.917633
0.99148023
0.8493077
