1.4126451
1.5009563
1.5147264
1.2929049
1.5584143
1.674938
1.7531804
1.7577698
1.4999352
1.5184937
1.5549319
1.500149
1.4448925
1.4542081
1.6561723
1.6198643
1.718702
1.7370524
1.6482
1.4501469
1.4669371
1.4556067
1.4753096
1.4072299
1.8154495
1.6830851
1.5421011
1.5483375
1.5804287
1.633982
1.7692251
1.7107449
1.6804402
1.5226557
1.4433144
1.5262012
1.5105343
1.5354776
1.5398264
1.5168967
1.4094143
1.3980165
1.4517692
1.4223945
1.3511579
1.4389932
1.6393831
1.9245305
1.8108208
1.6680065
1.342252
1.3918904
1.6645157
1.4929235
1.6104282
1.5683775
1.5468848
1.6055782
1.4436448
1.4912562
1.8056304
1.5790465
1.4606282
1.4612275
1.4572583
1.4639828
1.5095699
1.6145543
1.4831859
1.5249805
1.6635867
1.6760067
1.594799
1.5146631
1.5385959
1.4299346
1.534861
1.5574646
1.3883929
1.5022999
1.6387932
1.5979326
1.55392
1.542059
1.5296829
1.6168755
1.4184248
1.678824
1.7825763
1.7534144
1.8840584
1.3895721
1.4917977
1.526747
1.5632651
1.6313792
1.5147184
1.6562828
1.4638875
1.6554134
1.5105559
1.5448236
1.498747
1.5117855
1.4299215
1.3679414
1.389586
1.5273609
1.4841889
1.5892913
1.6519915
1.6357172
1.51124
1.5125976
1.5333979
1.5234107
1.4569993
1.7136861
1.6535823
1.5201101
1.7424407
1.6941972
1.5879748
1.587367
1.5017087
1.5354562
1.6356413
1.6017443
1.7947423
1.5043014
1.6547765
1.4938726
1.5437574
1.7832178
1.4106219
1.5264069
1.6255162
1.5179449
1.5822656
1.6286614
1.553933
1.5528669
1.4013447
1.53398
1.7330078
1.7071686
1.5854456
1.7203642
1.4500437
1.4364841
1.4022858
1.4790268
1.4353864
1.4332068
1.6205697
1.6625834
1.5574838
1.354296
1.378811
1.3819058
1.3438082
1.5185142
1.4856745
1.5046895
1.5211054
1.6138079
1.805507
1.7988929
1.6487234
1.614072
1.3804578
1.4804606
1.622014
1.4736786
1.4452597
1.3823228
1.5193219
1.5676074
1.5531487
1.4660025
1.6426449
1.9761902
1.9970517
1.6874146
1.6245596
1.5587964
1.474763
1.4349849
