0.24216376
0.083262675
0.29974794
0.23114596
0.22369148
0.18874502
0.56434274
1.4551824
0.6949117
0.22346207
0.6676303
0.6357056
0.15582207
0.44476765
0.25719324
0.20292377
0.40753227
0.28621596
0.37473428
0.6071873
0.28621143
0.41994992
0.27101398
0.15581512
0.39926144
0.24267304
0.20192294
0.4926591
0.40042567
0.22295712
0.55384487
0.17154911
0.2440415
0.14059031
0.20197254
0.25664032
0.35202968
0.20550488
0.18547387
0.1796256
0.24701104
0.28758812
0.29253146
0.35309303
0.23364143
0.17131953
0.12021898
0.17107433
0.2259844
0.23443398
0.10584406
0.28769612
0.13568678
0.2713139
0.112104684
0.17695189
0.27980548
0.17319058
0.2677037
0.22739628
0.26592645
0.27277598
0.32356614
0.9402399
0.6229624
0.2296797
0.4148739
0.18991017
0.42763832
0.3103571
0.19681123
0.43924317
0.27453786
0.21445635
0.44675207
0.28204864
0.14236237
0.14484085
0.13852464
0.17488182
0.23220213
0.29261562
0.41436827
0.1855837
0.4036957
0.82856834
0.1819204
0.9036746
0.96960217
0.13299526
0.15703906
0.21972036
0.83904976
0.5721954
0.2555661
0.26630017
0.18900602
0.17497742
0.29845223
0.2844848
0.21539052
0.1402977
0.30049998
0.36287668
0.13201505
0.48374084
0.45792368
0.31548294
0.107704364
0.26367518
0.16347612
0.16247249
0.17349048
0.22335403
0.3434692
0.19142756
0.22683752
0.11299144
0.14000735
0.39955118
0.6162942
0.7745918
0.7357286
0.33303228
0.18187529
0.1339961
0.37190664
0.3009827
0.23699355
0.19263554
0.83232844
1.6766747
0.5890982
0.7976661
1.8779147
0.62839717
0.37739766
0.6809305
0.9512832
0.30814487
0.5397529
0.8684171
0.19586127
0.6049774
0.45799607
0.30698398
0.33910128
0.26568946
0.32361776
0.22157572
0.2460603
0.32461783
0.3463155
0.20909536
0.38524935
0.26893407
0.14959812
0.17378652
0.27070633
0.3236958
0.20423234
0.10766752
0.1775586
0.36461607
0.27131528
0.12531272
0.38608888
0.4167406
0.1197364
0.18616132
0.13093013
0.15442824
0.32779387
0.1829733
0.15635848
0.13827619
0.16407225
0.38300204
0.24606994
0.2092649
0.17585194
0.3126794
0.18821234
0.2393616
0.30746976
0.37886858
0.090741426
0.19276784
0.18331698
0.41862524
0.1428238
0.18331295
0.12292889
0.20530808
0.16364956
0.1416053
0.13009748
0.23960724
0.40893698
0.14117366
0.3320087
0.23742433
0.1771658
0.1382983
0.3494692
0.17233808
0.19535382
0.122763425
0.5278032
0.722007
0.23639421
0.21968967
0.1735754
0.095014825
0.15006922
0.34750834
0.16726935
0.07867235
0.35755885
0.63881767
0.22056754
0.27068302
0.47720218
0.12476763
0.17507172
0.18242323
0.18331087
0.11206721
0.22408691
0.26178718
0.118030295
0.27130556
0.15328453
0.17610648
0.11190667
0.27485684
0.25931963
0.19896822
0.48677373
0.2736214
0.18148348
0.2888839
0.25233382
0.35905835
0.15618022
0.2222052
0.42885047
1.1255853
1.0622625
0.39239013
0.75636303
1.6347657
2.1991062
2.4138331
1.4397483
0.998761
0.47357202
0.31947201
0.27989417
0.48526666
0.96025896
0.7626835
1.043472
1.2412858
0.5330235
0.23859885
0.20713693
0.31701428
0.29931897
0.412138
0.23448625
0.46610793
0.33231765
0.25226387
0.40541106
0.6885333
0.36870763
0.16833599
0.19746551
0.22146648
0.24655083
0.14039052
0.33021358
0.37318936
0.29796734
0.21282256
0.23623087
0.38605112
0.46905726
0.22686146
0.16822168
0.17926677
0.3807719
0.5243559
0.15648308
0.12675162
0.29107425
0.44116914
0.34940535
0.21116799
0.18605883
0.3013276
0.2308136
0.17966032
0.18673329
0.26803443
0.23545909
0.27220544
0.23004082
0.14450513
0.121701226
0.2625352
0.20098451
0.49187657
0.98415506
1.3331455
1.0342566
1.011668
1.612668
0.755231
0.34053922
0.24518639
0.1615878
0.3427256
0.42267913
0.42746156
0.19829336
0.2445423
0.3910137
0.7716321
0.4656592
0.4614693
0.59342575
0.3159967
0.17677131
0.5113577
0.25216657
0.14894605
0.22947066
0.28260782
0.3029554
0.22940326
0.12318586
0.22461648
0.123277694
0.14251564
0.18486543
0.20859808
0.33041456
0.2819065
0.1824259
0.1898111
0.1733391
0.09398885
0.39043275
0.22636786
0.30150723
0.31714645
0.25503862
0.70311743
0.42883986
0.23518607
0.37549457
0.2551094
0.14455095
0.2325245
0.25080204
0.36221665
0.19352542
0.3232323
0.31497088
0.23229593
0.24660516
0.16770236
0.27525604
