0.8023402
0.8236266
1.0885798
0.8295425
1.0379183
0.71013665
1.5206106
0.4512856
1.8322357
0.75922877
0.69064355
1.3097351
0.7178829
0.87234247
1.058651
0.82260436
0.9847483
0.83451813
0.8144661
1.0884457
0.8768563
0.7243267
1.016114
0.8260946
0.87146616
1.0319688
0.828466
0.87614787
0.730753
1.1606857
0.6569965
0.8503009
1.1971486
0.61819637
1.259495
0.82993674
0.95404345
0.8092807
1.0528609
0.9787533
0.7309648
1.2584982
0.5800059
1.4824533
0.67717785
1.0148717
0.88288915
0.81930685
1.3690462
0.7345475
0.8912346
0.92423415
0.81696033
0.79319596
1.2422158
0.6743187
1.2450823
0.6576785
1.367522
0.64366734
0.97198474
0.9070984
0.80348414
1.0620548
0.7577157
0.9581319
0.94343096
0.84199184
1.1313281
0.9051819
0.8002112
1.2667713
0.6816187
0.9865722
1.0790172
0.46556562
1.9286414
0.65948355
0.88506484
1.1470002
0.74661314
1.0344318
1.0163145
0.70646125
1.1899974
0.72691435
0.848382
0.91957873
0.94384766
0.8105882
1.1211057
0.7312491
1.1390188
0.6799691
1.0717087
1.0113652
0.76124823
1.3224012
0.6473723
1.4457083
0.61458135
1.1686971
0.7872686
0.8357589
0.95979416
0.83035374
1.1232302
0.6325342
1.0810933
0.8371637
0.82879126
1.0237474
0.66502106
1.0119832
0.97934186
0.8646303
1.0454047
0.60394603
1.676991
0.6615864
0.85228264
1.0372776
0.91835916
0.8482066
0.99318445
0.9411374
1.0862701
0.6533345
1.3031743
0.68207514
1.0796816
0.8247175
1.0187486
0.82493687
1.6740437
0.55303514
1.3593231
0.8589065
0.78265303
1.1407293
0.8794513
0.8762206
0.77773577
1.3375666
0.6772512
1.130313
1.0890238
0.5832003
1.3519094
0.7358111
0.92937845
1.0786651
0.928484
0.9804806
0.66759986
1.5093272
0.5867163
0.9296529
1.1948359
0.7619209
1.0688252
0.8084262
0.79036385
0.90487015
0.9948243
0.8960282
0.77101135
1.5555325
0.6194864
1.2763268
0.65888083
1.5132322
0.6834564
0.8589285
1.1719006
0.75622046
1.1531881
0.77590704
1.0015578
0.99325997
0.7012746
1.0674788
0.8083336
1.1441542
0.7470361
1.0233073
1.054569
0.69492793
