1.0668317
1.2998327
0.6814761
0.49850947
1.7667141
0.46093947
1.0538185
0.96425325
0.7469543
0.86026454
1.215446
0.90925205
0.61260134
1.9366779
0.561572
1.1213143
0.8896079
0.7707823
1.194435
1.31442
0.42107862
1.5901005
0.5426281
1.1974478
0.818956
1.0452089
0.8071773
1.1050193
1.020551
0.82351065
0.5858477
1.6034849
0.7840512
0.52614546
0.8882915
0.91843385
1.0673852
0.43450987
1.5611455
0.58431023
0.640196
1.8102067
0.6735955
0.8125477
0.81141126
0.84852445
1.1350126
0.611022
1.4568503
0.7148089
0.6396935
1.0603518
0.5899937
1.3873646
0.74327874
0.7919439
0.7916677
0.9599438
1.2602973
0.3774277
1.764809
0.56210166
1.2180091
1.2990731
0.45802882
1.1264229
0.98505986
0.6278097
1.0645397
0.7232229
0.7448377
1.0971391
0.71802783
0.6770822
1.0087659
1.2640201
0.633513
1.1852837
0.7250786
0.90302145
0.76344246
1.1799242
0.44556728
1.7273433
0.60177296
0.69322795
1.1632586
0.8122712
1.6083167
0.28533357
2.1098049
0.68561536
0.7820464
0.9047808
1.3078282
0.7641389
0.5503772
1.613702
0.63222814
0.88800585
0.9726752
1.0236332
0.7428223
0.5366527
1.8297532
0.507443
1.3036256
0.61523247
0.68372726
1.1721871
0.78492826
1.0822476
0.540909
2.0858831
0.6737021
0.5361716
1.4062121
0.67387396
0.76786995
0.8710186
0.8552525
1.631166
0.4027596
1.0249982
0.68128186
1.1354961
0.86766475
0.7107791
1.1738726
0.9735713
0.88042873
0.8887929
1.1046938
1.0071316
0.47634068
1.472853
0.3223208
1.976856
0.69334364
0.6179327
1.3649457
0.6509235
0.8694479
0.7970878
1.0629761
0.6508988
0.9322221
1.2868786
0.4762221
1.3734686
0.55807567
1.5004468
0.5452889
1.5166622
0.7133485
1.0610818
0.90467465
0.6231568
0.96033376
0.7975418
1.3421705
0.9537524
0.80918396
0.8445118
1.0145926
1.0434282
0.6411309
0.61205554
0.9799496
1.3821954
0.79187155
0.8544708
0.8046223
0.6117155
2.0527763
0.48330685
1.2886724
0.5042245
1.552203
0.6078379
0.7305166
1.0822217
0.86228836
1.0743413
0.65410733
1.2143362
1.0637364
0.3583308
