0.13889097
0.13164544
0.2752506
0.24805659
0.35392624
0.3451078
0.24386787
0.16521695
0.06293052
0.1963913
0.1913792
0.07912031
0.17693757
0.18088534
0.13993728
0.15342377
0.087196395
0.10734023
0.13181895
0.12455095
0.06396415
0.13955483
0.18314749
0.1527791
0.11443368
0.12762743
0.168426
0.14218622
0.23855191
0.20976785
0.13968188
0.12859958
0.15226147
0.28643683
0.25825927
0.15309693
0.15411344
0.06483157
0.093700334
0.2114754
0.079977475
0.108427145
0.23888808
0.25842732
0.1387083
0.12828818
0.10236943
0.13977464
0.25340575
0.38387114
0.35538435
0.15418398
0.16179402
0.1586394
0.18061519
0.105252884
0.22924638
0.09459464
0.13043976
0.19460517
0.16140802
0.13479477
0.19234265
0.099672794
0.12147656
0.077941276
0.17636946
0.14115925
0.08279231
0.12093407
0.12870094
0.106434256
0.1488227
0.24727313
0.34294894
0.11250531
0.30721778
0.39705122
0.07567478
0.18838671
0.22264704
0.1999563
0.118730955
0.09155861
0.18389127
0.26974612
0.2317361
0.13293767
0.19776343
0.22917558
0.10152521
0.10043675
0.13405493
0.12280453
0.14392379
0.055613276
0.10022631
0.22450426
0.22979194
0.14642961
0.08565799
0.1658098
0.10427482
0.09607508
0.064945266
0.10305031
0.1150212
0.1592315
0.12852304
0.10711805
0.27388275
0.65941346
0.6701259
0.06903531
1.3110288
3.036863
1.4153574
4.8528795
2.7381334
0.830341
0.35017616
0.43826532
0.36774236
1.2915659
0.73647344
0.4901091
0.35342154
0.48216343
0.35036522
0.4020393
0.43407524
0.4582016
0.42318928
0.38795698
0.26979482
0.23330922
0.27836472
0.23732188
0.40651673
0.5452288
0.34023118
0.38058004
0.8601441
0.4096694
0.38834035
0.56546944
0.43403405
0.40512255
0.20380515
0.33275363
0.42006725
0.26375842
0.14667867
0.23536667
0.19254404
0.21701017
0.17340139
0.28352416
0.15301028
0.31417346
0.4589454
0.46059847
0.21780223
0.17795672
0.27707803
0.53910434
1.0577433
1.3390629
0.8095658
0.14823371
0.4664425
0.40297994
0.292044
0.3559494
0.43886346
0.27236077
0.1958732
0.6517196
0.19891858
0.19048718
0.28521854
0.2640663
0.18648991
0.17540506
0.2861604
0.24140894
0.20564868
0.070666626
