1.4436692
0.9380608
0.56816626
1.006105
0.8021033
1.191318
0.5945165
0.9618277
0.9280406
0.6718714
1.4789283
0.72039074
0.6931582
1.4562173
0.6686435
0.83217704
0.88724357
0.6646786
1.1212457
1.0159777
0.41612163
1.0875883
0.88412154
0.7729997
0.75778127
0.90762854
0.8292407
0.74536484
1.1472863
0.7528119
0.78972816
1.4246169
0.733793
0.73928416
0.5643886
1.3914852
0.84962046
0.61873955
1.2048674
0.5121238
0.95828307
0.821219
0.8091623
1.0411228
0.7012016
0.8386507
0.9938697
0.5525522
1.3611338
0.87036383
0.5191814
1.508582
0.48700887
1.3433149
0.8550283
0.557969
1.3153535
0.89733815
0.69956505
0.8783917
1.0040402
0.63186
1.04784
0.8157395
0.6857983
1.2399299
0.77472293
0.6983727
1.2990578
0.5756571
0.96727693
1.1120174
0.65832084
0.72641134
1.0193634
0.9645084
0.6259401
1.4177145
0.37080562
1.4562004
0.6901079
0.7543119
0.9425672
0.9499639
0.9732559
0.76911116
0.85077584
0.96912014
1.2121793
0.39332187
1.325237
0.62459517
0.9105488
0.84084934
0.9675306
0.78317285
0.680442
1.2713062
0.64117765
0.9329859
0.9716993
0.9215395
0.85516185
0.7157361
1.046343
0.9901901
0.6053877
1.5861564
0.39144295
1.0545218
0.92220104
0.72545797
0.7814319
0.99211544
0.8093699
1.0033212
0.88123983
0.7085762
1.5030627
0.38429707
1.8177774
0.8263071
0.7079404
1.1607565
0.6260414
0.9257078
1.0505389
0.7316689
0.6458938
1.0954758
0.8232027
0.6518757
1.2375005
0.7934922
0.70982873
0.951456
0.8358696
0.8124633
1.0017456
0.6968184
1.2485977
0.6221546
0.97032464
0.8027343
0.8419868
0.8125782
0.8355428
1.01015
0.81380296
0.8308065
1.1493586
0.48289222
1.0966809
0.816219
1.2956202
0.49827304
1.5739483
0.6986085
0.6021377
0.9802472
1.2388427
0.7760141
0.6261083
0.8911844
1.1821568
0.7902202
0.89554423
0.6766499
0.83045876
1.2063222
0.70858896
1.2647808
0.45942575
0.88599175
1.1675525
0.86603177
0.87503374
0.9321128
1.3808564
0.4656164
1.0716678
0.84215266
0.6945095
1.1347136
0.5759547
1.2134249
1.002594
0.3129508
