1.8274652
1.945612
1.9090463
1.9398541
1.9326547
1.9059143
1.8392309
1.9247237
2.0829897
1.9317251
1.872575
1.8001493
1.8422651
1.7861918
1.8567226
1.8595369
1.8827373
1.7733318
1.820786
1.8303852
1.9035468
1.8659583
1.8979713
2.0196626
1.9659476
1.9629848
1.9349083
1.8728569
1.836791
1.7521677
1.8836433
1.8908452
1.8863571
1.930273
1.8956532
1.9294871
1.8230503
1.878583
1.7750967
1.8608254
1.9471557
1.8346286
1.8967288
1.7922976
1.8367864
1.8272965
1.8498588
1.8790613
1.8455737
1.8839988
1.8509893
1.8636065
1.8351806
1.9963872
1.8718219
1.8605286
1.9821545
2.0254688
1.8130403
1.6987352
1.7816482
1.86743
1.9639773
1.8367064
1.826827
1.8125918
1.8169339
2.0089889
1.7705531
1.8330259
1.8466026
1.8132808
1.8121171
1.8066654
1.8238748
1.7573407
1.8000112
1.8009627
1.9700241
2.1128578
2.0163586
1.9183125
1.8797567
1.8516412
1.982844
1.9161737
1.8393488
1.8251469
1.8274698
1.772555
1.7692395
1.8066474
1.8796606
1.8245506
1.6893743
1.8035948
1.8606184
1.9165956
1.9703245
1.9355037
1.8546703
1.8331397
1.8115603
1.7840724
1.8602931
1.7769896
1.7417865
1.82078
1.7640183
1.7660719
1.9014854
1.8744054
1.8793888
1.8505085
1.8123958
1.8749799
1.7595857
1.8429632
1.7414373
1.8858733
1.7778884
1.870709
1.8978522
1.7720742
1.8260874
1.7856162
1.8213439
1.8501806
1.850142
1.8660965
1.8176436
1.7900758
1.7591714
1.8040715
1.8146772
1.8266339
1.8045
1.7648361
1.9528913
1.8461891
1.8090434
1.8828866
1.8674464
1.8549241
1.7845156
1.7569709
1.7801108
1.6712514
1.9162762
1.7843306
1.7910507
1.7882559
1.8278829
1.7594236
1.8955073
1.8854806
1.8439536
1.8423467
1.888849
1.780544
1.6968552
1.7824476
1.7627022
1.919667
1.7836468
1.7576089
1.7579553
1.8955752
1.812177
1.8061074
1.7941626
1.7892218
1.758971
1.6828184
1.8383884
1.738151
1.6564233
1.841917
1.7528069
1.7337829
1.801491
1.8260938
1.8361732
1.9863701
1.8297491
1.6904912
1.7624619
1.7651472
