1.2003103
0.92674816
0.56092656
0.95846295
1.4523728
1.1465967
0.40323752
1.1721449
1.6104546
2.077093
1.1961756
0.7419592
0.88351417
1.4393277
1.6609167
0.54889596
1.4038599
0.8624505
1.2967457
0.70948863
1.401408
0.9883891
1.0710437
1.0051181
0.9284525
1.9193093
1.6010125
0.4131322
1.034018
1.5189894
0.786165
0.82266223
2.1256177
1.9308429
1.0456463
0.63857776
1.038617
0.83829415
1.3526422
1.1439495
0.9844548
0.4812124
1.1974905
1.4573218
0.90420294
2.017374
1.7015622
0.44340742
0.72676516
5.499507
3.0764036
0.35581237
0.68145555
2.2657878
1.2948952
0.59162605
0.69585735
0.9444942
1.1994485
0.6805349
0.6303882
0.61276305
0.7389747
1.2825733
1.0583185
0.91680455
1.0239065
1.1232519
0.99500406
0.8111221
0.9521413
0.5046276
1.2500688
1.5871515
0.9139305
1.06915
0.8129159
0.52338046
1.9133768
1.6167465
0.8721179
0.4134751
1.3977067
1.369405
1.2697008
0.16292584
2.5453882
2.052342
0.61235154
0.5364456
1.3377993
1.5136851
1.2526667
0.990713
1.7252073
1.3002906
0.7861142
1.2589028
2.1922338
1.070458
0.86809206
5.6888304
0.077862695
12.230454
0.08542199
6.507415
0.23658308
2.5734878
2.314271
0.8213223
0.08124721
5.064179
0.16874383
5.655695
2.1180274
0.31511012
5.3703675
1.295284
1.2894667
0.3932408
0.70968056
3.6063275
0.45606783
1.072418
1.1140578
0.5969148
0.3812372
1.9028275
0.36895603
5.03263
0.56438535
0.8669932
0.5943162
0.7724019
0.6710835
0.97249526
1.4842422
1.0528525
0.7454082
5.7411904
0.12774172
5.711076
2.170298
0.22241318
1.2235183
1.9223983
1.1796191
0.084791474
6.8585587
1.5022979
0.61791587
2.2645583
2.2208695
0.8407075
1.0504687
0.90953755
0.9398819
0.56289124
2.6669006
0.55195886
0.6353597
0.8143703
1.1309174
0.7454408
0.61820245
0.6713683
1.2663953
0.74709004
1.0455492
0.90498835
0.18262234
1.3434439
1.1508026
0.26175874
2.3756351
1.494576
0.7860538
0.78018
1.1136365
0.9032366
0.5342373
0.54541385
4.7641373
1.2433174
0.4097032
1.3370929
1.4127698
1.1963822
