1.2677206
0.35680664
2.2678308
0.5512926
1.2062263
0.90123606
1.3712689
0.95029324
1.1475717
0.67329746
1.3988931
0.5461192
1.5572319
0.49113363
0.9217269
2.065941
0.20996557
3.2480893
0.74685776
0.80400014
1.0751703
0.39039904
1.9018573
0.48937705
1.3068321
0.43796375
2.029317
0.500268
0.76768464
1.6879123
0.3187341
2.4686434
0.5775305
1.8746889
0.3236812
2.5829413
0.41419697
1.1522458
0.7918395
0.8272022
0.97438127
0.6939894
1.3188618
1.0624988
1.1992196
0.81207895
0.90025574
0.5687967
2.5934088
0.3526711
2.4367304
0.7192304
1.6246163
0.5836126
1.0266639
0.7358008
0.93541837
0.63612545
0.8870183
1.68384
0.39196643
2.06542
0.45058042
2.3514094
0.35166514
2.8617694
0.5750032
1.1186322
1.1867459
0.341906
1.6576908
0.942652
0.7356017
1.1600047
0.93086445
0.8167641
0.44359466
1.495373
0.727151
1.013136
0.48958504
3.2177408
0.34360975
0.8720079
2.304824
0.3816482
1.3070326
0.47846192
1.9056864
0.7823077
0.71655905
1.6758727
0.46368152
1.4774745
0.9629649
0.9028288
0.6005451
1.9587791
0.41093642
1.8818884
0.5095995
0.7769468
2.0261106
0.346359
2.4008818
0.63899386
1.0359446
1.404507
0.412109
1.3417495
1.1958934
0.33897
2.4937894
0.2495775
2.2550817
1.0532887
0.41129693
1.276381
0.82907194
0.92829806
0.76652926
0.8602123
1.3847791
0.609524
1.2784237
0.8331568
1.9992687
0.1996283
3.0038097
1.0354037
0.4187774
2.6044626
0.52573025
0.46816862
2.0168905
0.64813477
0.9561681
1.4297845
0.6970092
0.74426484
1.3151137
0.35252127
2.002606
0.60102403
0.9869313
1.0833378
0.46665892
2.0357707
0.23086077
2.7292442
0.526646
0.89661443
2.0722044
0.51877844
0.8348455
2.0685675
0.6271193
1.4615014
1.3107749
0.61314094
1.233737
1.0490146
0.7247254
0.9615573
0.78172725
1.085505
0.4393023
0.92432564
1.0550604
1.1711009
0.8928143
1.0017626
0.4425567
2.3365076
0.12153394
4.130227
0.60746104
0.6669226
1.5380335
0.50209713
1.991393
0.64798033
0.8758924
0.9665936
0.99757874
1.5480189
0.17257121
2.689293
