0.23978727
0.26526254
0.3181086
0.3192799
0.30989462
0.27460107
0.6573658
0.89820147
0.4011171
0.21598504
0.42061773
0.34211445
0.32598335
0.3516934
0.1715566
0.21459195
0.2539098
0.2371238
0.36080265
0.2638017
0.30954581
0.3711226
0.45828998
0.34579933
0.2319455
0.4716501
0.19983004
0.22329307
0.31918213
0.2764188
0.3189636
0.31798053
0.5492024
0.7615523
0.1631723
0.62258846
0.28169495
0.6872013
0.49231672
0.34518972
0.4931606
0.2258244
0.27292573
0.25456047
0.20274313
0.2358968
0.13855481
0.48287627
0.51593935
0.33566183
0.3083851
0.48716426
0.18899465
0.38286465
0.32418722
0.32822263
0.25621587
0.46836734
0.36109892
0.34723294
0.4012795
0.19381161
0.36449686
0.26357317
0.3014233
0.32212865
0.2384237
0.29260838
0.28099567
0.18287371
0.30934033
0.2527216
0.3233807
0.40407574
0.36953682
0.29421973
0.37114254
0.31666508
0.21686617
0.3695261
0.58547986
0.5397679
0.29318157
0.34947032
0.3168873
0.5428842
0.5684904
0.31695676
0.25788704
0.21685606
0.27194154
0.25729623
0.27247968
0.62353104
0.6511628
0.20370625
0.6043709
0.18182142
0.38277522
0.5424577
1.0600965
0.29324046
0.52067965
0.4395029
1.4331287
0.41365513
0.4642326
0.47380668
1.0861852
0.37918568
0.6788739
0.5666028
0.32782835
0.3142956
0.435265
0.29958698
0.4433021
0.34143057
0.76427054
0.50077415
0.27675754
0.46472096
0.2280013
0.2363438
0.27073517
0.28765628
0.28003332
0.34630167
0.23822
0.41377854
0.24219967
0.8920786
1.4265808
0.17540725
1.0311037
0.46709222
0.41462928
0.19892293
0.7089327
0.7282388
0.25577313
0.1978906
0.3807565
0.5269949
0.4300643
0.45534095
1.0274904
1.9769329
0.23844059
0.9997
0.5404196
0.32549006
0.29544818
0.4669361
0.24531695
0.3283701
0.306989
0.56175977
0.5003103
0.28311753
0.6240945
0.48356643
0.49053565
0.2676368
0.68789184
0.54476106
0.64521664
0.5447205
0.3677236
0.49031168
0.50413704
0.44429535
0.3610014
0.37998548
0.29355592
0.30736163
0.21540126
0.2125492
0.27838445
0.2471735
0.4632588
0.4977911
0.24304447
0.6622509
0.7046423
0.20489514
0.22964329
0.61837125
