0.11543107
0.09137663
0.11471368
0.038413484
0.088149905
0.09227815
0.12653
0.06735581
0.0860456
0.06888316
0.11854294
0.11442304
0.14494652
0.06920538
0.21039495
0.06213817
0.16317855
0.27943945
0.066983655
0.14832693
0.10179855
0.12689875
0.12675112
0.10522865
0.0824454
0.1322713
0.07786368
0.08518471
0.15839301
0.31223905
0.19229685
0.08723654
0.15756626
0.2560681
0.270529
0.07600942
0.09824704
0.12569395
0.19540587
0.15446898
0.10848006
0.20513448
0.047315054
0.25631434
0.07203247
0.07640878
0.08801308
0.27611017
0.15095623
0.20052499
0.07896998
0.102162816
0.07895604
0.05520799
0.07705259
0.23444994
0.06752765
0.093826935
0.08696573
0.13207133
0.21908331
0.2048223
0.07027677
0.14798842
0.08093582
0.11658609
0.055783182
0.083020166
0.0813991
0.042986088
0.13158008
0.10486176
0.11103958
0.07275692
0.086701386
0.0815288
0.12692806
0.11583326
0.06941229
0.13485786
0.11609463
0.1264005
0.13660607
0.06052998
0.11728725
0.06780622
0.06233188
0.13003334
0.07716277
0.07204433
0.079377085
0.03274657
0.13744518
0.2963948
0.060797773
0.1296437
0.034214124
0.051222667
0.08575493
0.028629027
0.062027484
0.04641465
0.06676374
0.073462695
0.054515366
0.13896441
0.043338086
0.23245057
0.112492
0.109981656
0.09732692
0.047817472
0.087405816
0.043847896
0.13412865
0.071146324
0.07115301
0.077922925
0.074803084
0.054131493
0.09406245
0.07596074
0.0819594
0.26699755
0.5500267
0.39436856
0.1427549
0.20193309
0.517761
0.37841716
0.041368105
0.08624113
0.12657183
0.09793578
0.10581266
0.062782034
0.17371018
0.094682686
0.098875195
0.113840036
0.08922464
0.5613283
1.9194632
2.484738
2.1686442
2.064197
4.152934
1.8251426
0.78717667
0.19691437
0.4211085
0.2685603
0.67860746
0.43575674
0.18521951
0.30816042
0.32393485
0.18629867
0.30223197
1.956361
2.2269208
2.3547294
0.8434013
0.3506559
0.4341046
0.41501272
0.4951009
0.52363014
0.26007646
0.20043135
0.67331123
1.2210622
0.87144655
0.3320486
0.7967386
0.3650742
0.50828886
0.20620964
0.20067821
0.23039356
0.16932242
0.32916152
1.0654186
1.0351462
0.06894633
0.62465024
0.12319358
0.38499805
0.17235555
0.47072107
0.20895855
0.3218181
0.1593961
0.11218481
0.1307087
0.123793386
0.116487205
0.119745225
0.24257351
0.15881379
0.3106608
0.20705366
0.35281727
0.2788799
0.0861762
0.19211131
0.11915074
0.098234385
0.18994328
0.21154161
0.3223981
0.1775226
0.2267071
0.29839712
0.25292796
0.08230534
0.17932627
0.2033276
0.40195143
0.41162303
0.10548328
0.36852485
0.1803475
0.11176764
0.14778915
0.08949889
0.10313657
0.20704275
0.2743424
0.5856979
0.64402264
0.2356935
0.047788076
0.13207598
0.08350743
0.18951455
0.26490545
0.57177615
0.41534543
0.10269274
0.5749781
1.2617519
0.54984164
0.18933275
0.22320777
0.14778732
0.09658171
0.0847996
0.2919899
0.10848996
0.09596626
0.215751
0.08679719
0.11104264
0.29676068
0.20665894
0.1724028
0.3071063
0.17033881
0.10194765
0.123729296
0.28560853
0.10123782
0.18524289
0.18487194
0.2916723
0.20250687
0.058246978
0.050906006
0.12391639
0.14545351
0.09593246
0.10697178
0.118251905
0.14185284
0.08406115
0.09554241
0.12941343
0.07322019
0.17543407
0.16229127
0.04594954
0.3016333
0.38380513
0.076408416
0.23078541
0.6941768
1.5214859
0.46098483
0.3951176
1.2029861
1.2485673
0.59725827
0.18224639
0.32012394
0.17237924
0.23066089
0.44713265
0.12693173
0.29897732
0.21790726
0.21141918
0.16584541
0.12198339
0.24329044
0.23128867
0.87208563
0.21101472
0.4817184
0.16248952
0.18427084
0.12272655
0.10643729
0.12728706
0.10437122
0.19550847
0.1558505
0.16198473
0.08161046
0.06909853
0.32033527
0.21823853
0.09656754
0.15376242
0.10632855
0.116067976
0.28983122
0.19062759
0.16212487
0.082020685
0.12378129
0.1591484
0.08648539
0.17564541
0.06755453
0.119827256
0.082013346
0.2974105
0.21690306
0.2630292
0.19189979
0.097671345
0.129184
0.06239001
0.1694815
0.07823101
0.052318748
0.22153598
0.34486562
0.109631814
0.089059934
0.10487297
0.100030154
0.097310014
0.076686844
0.19149628
0.18527435
0.152129
0.14414847
0.07627651
0.09615975
0.17629874
0.096327364
0.08243117
0.10713963
0.094453715
0.30248728
0.06121376
0.17747588
0.032488123
0.059523735
0.16737211
0.046159007
0.13227904
0.11043864
