1.2932856
1.2913035
1.233568
0.997879
1.427456
1.3422947
1.3341069
1.096305
1.5267125
1.2895302
1.3778493
1.2758313
1.0796051
1.2803311
1.3214667
1.106772
1.0334144
1.0329297
1.3060416
1.1737512
1.3083532
1.2198069
1.3196906
0.99570906
1.2972863
1.371782
1.0331631
1.1886134
0.99372137
0.9653378
1.1835573
1.2142429
1.0562803
0.9443798
1.1573294
1.2106452
1.4402486
1.1000811
1.0965219
1.2209642
0.94324726
1.0560355
1.0515926
1.156013
0.97604346
1.1827168
1.1587996
1.2204509
0.7419483
1.1432282
1.4581399
1.658077
0.9696554
1.2887108
1.1936561
1.1114136
1.0335037
1.1829633
1.2640324
1.5224322
1.263401
1.0336183
1.1540236
0.98670906
1.0531365
1.0458224
1.1395401
1.3141385
1.0138636
1.1011673
1.2771397
1.4601806
1.1336111
0.837847
1.0583072
1.1787751
1.0769129
1.5006429
1.5673945
1.0980648
0.9379132
1.0500216
1.0072788
1.026149
1.1230761
1.3741078
1.4832695
0.99202824
1.0735109
1.0334178
1.1940397
1.0846564
0.8705027
0.95949507
1.1639539
1.3309981
1.1937959
1.0057559
1.502198
1.6267912
0.9967696
0.97083396
1.3541381
1.1311593
1.2267618
1.7971444
1.2132463
0.94067883
1.3323928
1.1671988
0.96680224
1.0803556
1.0934403
1.2875736
1.1679866
0.9762851
0.9622506
0.9375324
1.0196755
0.8676615
1.296778
1.3390857
1.7200226
1.4771523
0.9050032
1.1909077
0.98441964
0.8628749
1.0458409
1.0223436
1.1011631
1.0622962
0.9847653
0.87333775
0.86295545
1.203253
1.1857836
1.1818712
1.0598594
1.0153297
1.1088002
1.1722877
0.89910066
0.9395318
1.1094913
1.0423527
1.3424081
1.3417542
1.1348056
1.1948506
1.1162914
0.9980115
1.077987
1.4429162
1.5274351
1.1785185
0.92151964
1.0093299
1.0644271
0.7227569
0.89929163
1.1211596
1.1758705
1.1625795
2.0187964
1.1323404
0.9046477
1.3013654
1.1865559
1.0496801
1.2444427
1.0698956
1.3703182
1.6669663
1.0879277
0.99263614
1.2976894
0.99876916
1.1091923
1.0350618
1.0587507
0.9811516
1.0394536
1.0580432
1.2098024
1.5714831
1.2283982
0.8843009
