1.3993212
0.7389786
0.55483586
0.7362821
0.94469213
1.3861723
1.0360698
0.9237452
0.96568847
0.7730005
1.8076236
1.2094448
0.112109914
2.122546
0.8167579
0.53861475
2.1532106
1.2276878
0.5040064
0.8156487
1.0728493
0.16591832
7.748423
0.32386494
0.3137435
2.2981596
0.27697796
2.5022807
1.4711883
0.66013706
0.4907238
0.83911616
1.307912
0.5382324
0.6407297
1.0689847
0.6013925
0.89372283
1.1008246
1.4337754
1.0826328
0.8800434
0.89661
1.0551405
1.6768868
1.1407995
1.1436629
0.61127716
1.1976779
0.8340511
0.40820116
5.1913104
1.4561042
0.27364942
0.71267575
3.5839322
2.2262552
0.8272371
0.44409415
1.7751107
1.2517767
0.49561203
0.79475427
1.1979235
0.7970087
1.1267867
0.96241516
0.9524909
0.5430357
1.7380747
1.3692065
0.2035106
1.3388312
3.2714555
0.32925606
0.6190163
1.1120255
1.85226
0.19844583
1.957257
1.6447339
2.0794923
0.27790207
1.0140839
1.2800864
0.74161816
0.663996
0.7817384
0.8969674
1.354311
1.1820078
0.38919988
4.1404476
0.14289391
0.78406346
6.8132963
0.4461342
0.25797856
8.875795
0.19963823
1.7375271
4.4024954
1.133513
0.45024368
0.75622
0.6548177
1.3604782
1.0641248
0.58038926
2.6161332
1.2441263
0.107577704
8.501008
2.3257208
0.9346805
0.5880567
1.1219363
0.6620545
0.9133239
0.8010388
1.0809047
0.8567505
0.8202584
1.6152159
1.0142624
0.34544897
1.4500505
0.7600634
1.4356046
0.8834851
0.45725065
0.5280694
3.2464037
2.2039661
0.556721
1.3015865
0.53109735
1.476556
1.6864276
0.19009541
0.6485497
1.241705
1.5992332
1.2822772
0.7492205
1.0545641
0.6825694
1.1840252
0.5042887
0.6262424
2.166142
0.7208266
0.77665305
0.81840885
0.8729062
0.8998211
1.1236587
0.767123
0.39127755
1.0235602
0.95393145
0.7542646
0.88975227
0.7822949
1.0380065
0.8014881
0.8173913
0.97810954
1.3078167
0.52783155
0.4248142
0.631616
1.552322
0.7808984
0.71632147
0.60960835
0.5363962
1.5985427
1.1700339
0.3885123
0.6887461
1.1881391
0.8850121
1.2480915
1.4069037
1.4828473
0.7875674
0.53426623
0.8446333
0.9365997
1.3768697
0.62823766
0.6761096
0.57775134
1.0056926
0.28271103
2.077147
0.73709667
1.1046122
0.80464303
0.4114185
0.5068704
1.2281425
1.1324676
0.516295
0.3287386
0.7535821
1.8971293
1.3954153
0.20633239
0.6496086
1.7038703
2.1611433
0.84486604
0.7419623
1.0955896
0.81454813
0.60270876
0.825027
1.269072
0.9757373
0.7716055
1.2841784
0.80410194
1.2840695
0.35726297
0.80478615
0.6724431
0.64081025
0.68213487
1.1495143
0.7342086
0.5961266
1.3382506
1.5031748
0.5819041
0.7215437
1.379843
1.4201033
0.17305994
0.45225418
3.006999
0.7211982
1.5188997
0.71756536
2.1339717
2.5182955
0.049571574
13.555494
0.08885781
12.756108
0.2571491
9.564472
0.038247902
10.482517
0.7822611
0.5921638
7.349245
0.15270996
2.5746562
1.8348877
1.0474235
0.09408629
5.277525
1.6768634
0.5833869
0.3782516
2.0379949
0.66263103
0.5402605
2.4687657
1.2513045
0.27910122
2.7151291
0.43036753
2.5852304
1.0517855
0.266975
0.8012973
1.3935084
1.1822239
0.08131534
4.9915524
2.266582
0.20742851
3.2246428
1.3562155
0.7390233
1.0542114
0.8040161
0.4890915
0.50615305
2.3558002
0.5716901
0.2547434
0.79945993
5.955422
0.5427519
0.19605228
3.4166257
1.8954266
0.4111574
1.9539723
1.2583153
0.61755365
1.041492
1.077326
0.37196946
3.9447834
0.8307433
0.60229826
1.4475513
0.36274436
1.9453458
1.0802453
0.575243
0.99203384
1.193975
0.73125505
0.55204856
1.9247079
1.1971248
0.40676555
2.1688519
0.17591764
0.50231737
0.8333584
1.1996235
1.0088016
0.29824048
0.6313071
0.63367957
1.1312675
0.9852401
0.17394139
2.1017723
1.204743
0.7873251
0.524896
0.73166585
1.085162
1.3073032
0.84351397
0.8921302
0.76201254
3.7613788
0.7004541
0.4798522
1.0771421
1.946331
0.5424708
1.0593946
3.8743749
1.904918
0.15393019
7.099417
0.6228236
1.157963
3.8601396
1.2123067
0.6068707
1.0130813
0.8340415
1.6215042
0.6211518
0.44474286
1.2746845
1.3697013
0.60434926
0.6531396
1.206059
0.79937214
2.2120376
0.6735613
0.73388606
