0.7220757
1.7758766
1.0811666
0.5864811
1.7043498
1.023553
0.8157064
2.1911778
0.49419507
0.51580787
1.2843002
1.3697093
0.5983171
1.2329683
1.6997817
0.70635414
0.8484002
1.0989823
0.71856064
1.3620757
1.1468476
1.1619247
0.45997286
1.8639727
1.0293254
0.2333647
4.1763783
1.1944227
0.37219185
2.20463
0.9516241
0.31318194
3.253627
1.2213385
0.6090324
0.4559171
4.055628
0.61005855
0.88213617
2.0559773
1.3513432
0.31918624
3.135344
1.0983859
0.6934704
0.7620756
1.7781079
0.31082836
2.9018588
1.0189695
0.63427055
1.3046929
0.3795153
2.12884
0.4882192
0.74565977
0.85741615
0.5905594
1.0725617
0.69160354
1.2664847
0.85727906
0.38848063
2.13711
0.66174567
0.5046288
3.5974946
0.81403095
0.6689756
1.3922834
1.0363262
0.62390393
1.877089
0.6876362
0.503379
2.7543423
1.3952664
0.38471955
4.16895
0.35722023
3.7958837
0.6557673
0.806643
1.8166907
0.9238442
0.4056519
1.9535136
0.5844064
1.8117028
0.9831562
0.5459115
3.1312532
0.51687247
0.7699081
1.4486217
1.2570077
0.46601075
0.8434085
1.3900228
1.6504877
0.50832087
1.1755306
1.8027881
0.23458841
3.2368855
0.3534903
1.8264692
0.40688258
2.102094
1.141023
0.17768228
4.3819942
0.48828542
0.49287367
2.5102437
1.1325669
0.4012181
1.8419155
1.8882077
0.43225247
1.0269504
3.4112334
0.68887687
0.22897264
4.306525
0.92645687
0.37409776
3.8308754
1.2035302
0.34643313
3.9571064
1.1613721
0.19052157
2.9028478
2.1755261
0.4633373
1.0592206
1.1188539
1.1110485
0.98116654
0.5497177
1.621346
1.1260288
0.33989477
3.8658156
1.1924235
0.1767289
4.2454367
0.74430937
0.6626972
0.5104432
2.351262
0.7094089
0.45140395
1.1579182
1.5797457
1.3659445
0.5006554
1.4629221
0.88895255
0.50540996
3.0111136
0.6877707
0.5122324
2.351187
0.98465234
0.77254975
1.2505007
0.51528454
1.1784599
2.1008732
1.025146
0.7029393
0.57616055
1.5489227
1.0805312
1.386035
0.4669405
2.0453846
0.8587855
0.40672553
2.591066
0.8339104
0.8370335
2.3553808
0.28281483
3.360479
1.8557291
