1.0460565
1.2875338
1.4940623
1.2847238
1.127939
1.0994232
0.9562343
1.1398057
1.1157417
1.202883
1.2737687
1.498368
1.541877
1.8378716
1.079417
1.3245673
1.4540246
1.2633938
1.1568149
1.2706968
1.1376566
1.2761284
1.3477963
1.3528388
1.2676615
1.0191128
0.9973904
1.2135792
1.3257506
1.2314091
1.1532887
1.3651063
1.1069884
1.0131512
1.1673434
1.1195912
1.1330304
1.1378853
1.1477953
1.2334275
1.4106492
1.6959925
1.4998137
1.1016524
1.2050192
0.9460926
1.220735
1.254005
1.0149798
1.0993975
1.0678655
0.90935117
0.98328936
1.1425668
1.4278332
1.520578
1.4882722
1.3233759
1.3614049
1.3033038
1.3273671
1.07865
1.102742
1.071123
1.1626297
1.0849843
1.0051409
1.1981169
1.2737432
1.1165843
1.0414073
1.374714
1.4585065
1.4049394
1.1927173
1.0311184
1.1693703
1.6699482
1.3283095
1.1253191
1.2117918
1.3406464
1.0613434
1.4561573
1.4325927
1.3977417
1.2063863
1.1498919
1.0486988
1.1079721
1.5040708
1.7249632
1.3573687
0.980199
1.1026266
1.3619862
1.353009
1.0232992
1.0050815
1.207517
1.2365429
1.217052
1.1376071
1.11354
1.1976848
0.967634
1.077488
1.0908799
1.1848947
1.1178575
1.1367263
1.5582681
1.4710126
1.4177877
1.4839768
1.2242951
1.1652248
1.1686913
1.1485558
1.0678368
0.961947
1.1751766
1.3953379
1.1240968
1.2241707
1.3086252
1.2807887
1.4705534
2.0429816
1.5441129
1.3429906
1.4483538
1.3967144
1.4943581
1.0653155
1.2775369
1.335562
1.1410015
1.167845
1.1229832
1.2474517
1.4010279
1.0046182
1.1720173
1.2758559
1.4323952
1.2262266
1.1802161
1.2531815
1.3311634
1.799992
1.4221201
0.997655
1.233736
1.255851
1.0819588
1.3293824
1.1031653
1.149557
1.0077322
1.1391435
1.0336256
1.0264479
1.2319355
1.2446433
1.1872058
1.4724073
1.2836512
1.3406407
1.215439
1.15553
1.1333973
1.2898767
1.4321225
1.5885236
1.6614074
1.299292
1.3021348
1.1488987
1.2986311
1.1600189
1.1156995
1.1601053
1.1914692
1.260082
1.2655085
1.230371
1.0513568
