1.9100109
1.9474574
1.9951987
1.9022044
1.9405825
1.9181621
2.0015182
1.9002848
1.9313202
1.9597781
1.9060798
1.8818119
1.9320848
1.8921471
2.0249214
1.9398303
1.9662147
1.9089751
1.9419246
1.9194841
1.9627383
1.937438
1.9374799
1.9631891
1.9534037
2.003281
1.9969205
1.9677643
1.9140993
1.8984202
1.93271
1.9927928
1.8795598
1.9895427
1.9552197
1.9378153
2.015338
1.9075599
1.9741013
1.9697165
1.8855495
1.927448
1.9191426
1.9038832
2.026778
1.893075
1.9670419
1.9451082
1.9594407
1.9100273
1.9125999
1.9158304
1.8914328
1.9282761
1.9612274
1.9661269
1.9119881
1.8759704
1.8928494
1.9373249
1.9009593
1.8352244
1.883497
1.9764318
1.9137399
1.9469091
1.9502194
1.9055125
1.8738911
1.875967
1.9671962
1.9498596
1.9497176
1.9154552
1.9309071
1.9221529
1.9318215
1.9455359
1.9891598
1.9428107
1.9647324
1.9615786
1.9485464
1.908341
1.9529004
1.923482
1.932762
1.8616626
1.9357948
1.9445632
1.9555385
2.027607
1.9226593
1.9201723
1.9525542
2.017392
1.9441441
1.9157095
1.9202684
1.9124564
1.9113853
1.9274675
1.8358473
1.8867323
1.8330824
1.8958514
1.954903
1.9401815
1.8927135
1.8801293
1.944504
1.9767553
2.0441267
2.0216842
1.9221963
1.9112911
1.8358425
1.9084492
1.9224396
1.9241208
1.8500769
2.013948
1.9853326
1.9436009
1.9330513
1.9549868
1.9549227
1.8941542
1.9718995
1.9400487
1.9141927
1.954712
1.9935695
1.9051454
1.9567838
1.9356716
1.9410284
1.9503561
1.923728
1.9957969
1.912077
1.8708122
1.8652886
1.8899221
1.8797
1.9312131
1.871088
1.8917162
2.0114799
1.8808913
1.951259
1.9574153
1.9180963
2.0012808
1.9881587
1.9450741
1.928189
1.955651
1.9541771
1.9063116
1.9569048
1.9012502
1.9340715
1.9706428
1.980135
1.9497517
1.957731
1.9196405
1.9598025
1.953157
1.8983154
1.9317302
1.9087579
1.9445255
1.9064684
1.9373469
1.9728246
1.8960769
1.9196644
1.9206868
1.8864222
1.8828261
1.929538
1.9518497
1.9126532
1.9377086
1.9328501
1.9240612
