0.12680385
0.08901167
0.16675183
0.1775307
0.28232124
0.34795517
0.22515309
0.13255525
0.07581602
0.070550404
0.09966394
0.15459827
0.18695834
0.2889843
0.03679058
0.26806638
0.08066099
0.122817546
0.13708316
0.10132398
0.31228524
0.22377773
0.22526023
0.08764938
0.123404875
0.0934865
0.11963967
0.19015266
0.0767714
0.33527744
0.36856169
0.12696871
0.07404958
0.20325528
0.024216024
0.22652824
0.12372792
0.15390256
0.18028553
0.056854535
0.08041307
0.116481125
0.104839094
0.14365593
0.1321936
0.24377716
0.15943548
0.06243804
0.080102175
0.09535847
0.074638665
0.087240964
0.19627212
0.0360913
0.08487276
0.28407833
0.2508984
0.036944665
0.04118698
0.06759322
0.15633878
0.27533853
0.05826424
0.04125623
0.13092309
0.048050433
0.19623718
0.11490074
0.077661484
0.1425871
0.108883664
0.12827756
0.08797963
0.11143763
0.12037416
0.101110056
0.08968174
0.17678364
0.14267175
0.107023515
0.109543815
0.093099736
0.07328446
0.06962581
0.07296273
0.12412187
0.04920084
0.048318382
0.16263366
0.12814492
0.16965681
0.08297481
0.14284953
0.095681585
0.09592761
0.16643181
0.1585883
0.1437993
0.124247305
0.058277108
0.072789915
0.0364316
0.050299786
0.061651096
0.064021565
0.05054921
0.13269386
0.19836015
0.08216842
0.0316149
0.1966402
0.15092546
0.18476683
0.27232105
0.10746897
0.0578464
0.044786338
0.07629882
0.104462326
0.1265356
0.2028915
0.07541481
0.10686577
0.128328
0.033754066
0.27509645
0.092984125
0.23277757
0.4100118
0.19394815
0.31041157
0.35334918
0.026952354
0.06070142
0.06666814
0.08678897
0.13808441
0.059011735
0.24394318
0.0918948
0.049964685
0.06338015
0.10195327
0.105226874
0.18671605
0.15807384
0.021952495
0.088287696
0.07131156
0.15545294
0.05715943
0.065507874
0.055203926
0.035131685
0.056946147
0.08216286
0.124797076
0.18786713
0.04301898
0.06069896
0.0933136
0.13879958
0.17471415
0.0880882
0.059794616
0.08403531
0.072533846
0.050623108
0.14498988
0.115016215
0.06992899
0.16712622
0.31362396
0.060759068
0.12864168
0.112149075
0.032209948
0.22816007
0.079392426
0.16564268
0.050475575
0.07806418
0.15067218
0.1342391
0.04781272
0.06821562
0.054690726
0.066457674
