0.085760616
0.078448996
0.18094084
0.217276
0.09747942
0.056426987
0.13157763
0.14636557
0.13384603
0.2991724
0.3880258
0.21990517
0.1723463
0.24244964
0.24478558
0.049173936
0.24021903
0.30759302
0.3046564
0.20713158
0.09022809
0.047323413
0.12761834
0.11790879
0.0794156
0.11920245
0.24203834
0.12484672
0.09807225
0.2515757
0.18622375
0.13314822
0.112746984
0.1050089
0.0748776
0.107268035
0.10365054
0.20848627
0.09196391
0.26123667
0.59904826
1.1055995
3.3653455
1.1604698
5.0901666
4.568332
10.675343
7.4761567
16.141354
6.6370807
7.6012273
3.8088765
2.6751757
2.525809
2.0679085
1.8399299
1.7470156
1.5388216
2.1519
1.53003
1.850929
2.0748675
1.4951307
1.4739609
1.9016562
1.6421528
1.5772969
2.043291
3.2688818
1.490948
2.7808375
2.8365755
1.6940603
1.1943876
2.1134458
1.2497759
0.99261427
1.3890691
0.67179626
0.6370411
1.2654877
1.588327
0.7035934
2.159526
2.644833
0.46363598
1.8441435
2.108783
0.8965518
0.6598452
0.8606304
0.894787
0.8916146
0.73739445
0.7660039
0.80682456
0.65737027
1.400036
0.8721101
0.7182651
0.77534866
1.1648825
1.6291146
1.0658735
0.25380793
0.70640415
0.37402436
0.73352456
0.5151451
0.5172497
0.34832975
0.39857227
0.5080116
1.0499678
1.1686645
0.3713546
0.41069096
0.60644925
0.6226373
0.55120003
0.25963995
0.40490097
0.49008924
0.4981319
0.66456974
0.41630265
0.12896137
0.5527788
0.652484
0.17719907
0.9273004
0.9523358
1.7561439
2.0578072
1.0611727
0.2862454
0.57109475
0.37703255
0.3798896
0.17086288
0.42712873
1.0361779
0.6025093
0.37331912
0.2883037
0.21074553
0.25624293
0.33010298
0.4854629
0.6365236
0.86969453
0.82150406
0.5582957
0.29660088
0.14758915
0.26552388
0.29150313
0.21724492
0.34266508
0.4289438
0.36883792
0.16207847
0.25486836
0.2538015
0.21861973
0.46530485
0.7851829
0.4111498
0.30986217
0.4410146
0.16929224
0.26212877
0.35740256
0.33205584
0.25678012
0.54418916
0.25784075
0.29143387
0.22516078
0.7782872
0.44173276
0.29535675
0.41799057
0.16281888
0.36900768
0.25188488
0.48214018
0.4677929
