3.8210578
4.39292
1.8474103
1.8579798
2.4247365
2.6603723
0.16020419
18.348595
0.4424997
7.1150265
3.373623
1.5531938
2.609023
1.2735466
1.2683144
0.6964305
4.5675735
2.296817
1.8455807
2.3791313
2.881156
0.5858225
0.52521384
0.85439193
8.976901
2.2650678
0.63338375
6.2292347
2.9840117
1.9768333
1.0004408
4.377619
3.4406707
0.96690345
1.6035737
1.6380144
1.6269721
4.2512493
1.8672926
1.8173977
0.97379684
4.059958
2.680334
0.8702104
2.2421134
1.2539594
1.5885587
2.146914
1.4075167
1.004503
1.9545069
1.2063589
3.2739315
3.0422182
2.0074446
1.0424728
4.6779613
3.161259
1.1667712
1.2767212
1.6598215
6.261962
1.6331602
0.71373034
3.5082328
2.1303635
2.0437744
1.8158419
1.6356027
1.1792729
1.5844896
1.2338393
1.6146439
2.240768
1.4980376
1.5644548
1.7035913
2.3251977
1.0726612
1.8801454
2.6789155
2.1604743
1.123546
2.1352618
2.0371318
1.790368
1.743038
1.7372618
1.1160758
1.8587258
1.5504048
0.99829996
1.3129282
2.5649588
0.86499906
1.6602831
2.645019
1.8811179
0.9465895
0.8335629
1.5809789
1.6546366
1.8071483
2.9648378
0.5111314
2.6786265
1.7957578
0.6385894
2.0470824
2.309897
2.2879245
1.3377845
1.5229511
1.6192899
1.3386979
1.0174787
1.6660411
2.305019
1.8618994
1.4666284
5.1514797
2.8144653
1.3457117
1.4890834
3.261102
2.6031165
3.0331142
2.2165709
1.9326781
1.5138997
1.8347216
1.6240854
2.2849107
1.8453128
1.1924317
2.8112273
1.7872984
2.549857
3.2299814
0.9995101
5.4437175
3.7676034
3.2389653
0.5064789
4.2883797
3.4157503
2.8606057
3.54388
2.3720741
2.5561333
1.8281105
8.840547
0.17148285
11.3412695
4.408675
2.0152478
3.9992576
2.9144647
2.0829036
4.08704
3.7832499
0.4888155
3.070674
3.3917089
2.4321713
2.2517695
2.2136726
1.8979322
3.7818756
2.1810274
1.4231875
1.6671255
5.4593
0.92330503
1.0257422
7.3544993
4.23426
3.3941135
1.7643044
2.3281052
1.9872035
1.8068497
1.4542693
2.0279386
1.7263525
1.0584259
0.60818374
9.498838
