0.19966353
0.38614026
0.22557542
0.30693308
0.27620173
0.2589173
0.26043376
0.24186327
0.36619943
0.5541523
0.40896547
0.20118815
0.13165203
0.24031547
0.23688093
0.11802922
0.29991278
0.42520645
0.23244189
0.27027985
0.17467833
0.1944747
0.37857622
0.23220599
0.25135434
0.20070808
0.3025009
0.2673835
0.30249447
0.20103532
0.51178163
0.95781446
0.4561713
0.075858
0.19006546
0.20522651
0.34553552
0.42303595
0.22342335
0.37371233
1.0489863
0.78596574
0.099745445
0.23883414
0.25936872
0.28746304
0.28771168
0.55242586
0.45111558
0.16871516
0.08618533
0.18054226
0.30356243
0.26887986
0.26827866
0.42912787
0.08891158
0.59018314
0.65396017
0.13178402
0.26718754
0.188456
0.15015888
0.13226452
0.119400784
0.23547944
0.4103585
0.27365
0.12560987
0.122793645
0.2322441
0.2597301
0.13254716
0.44540754
0.24575886
0.33192316
0.25794953
0.12154109
0.2275508
0.20957887
0.18577784
0.22103341
0.1666003
0.11792426
0.19841985
0.20764205
0.17284425
0.2881475
0.2696438
0.08013119
0.18558577
0.17185175
0.2550952
0.15704855
0.13818869
0.069833755
0.14493957
0.32928723
0.20538753
0.19087276
0.27194035
0.21633911
0.14402068
0.1994025
0.29675388
0.14962149
0.11159112
0.12620346
0.3181644
0.7135367
0.8976593
0.15754095
0.3519189
0.086015135
0.40730736
0.3674407
0.1794025
0.21436538
0.117731735
0.1500217
0.17467743
0.16093197
0.1272159
0.16992864
0.15963742
0.11184387
0.08311261
0.08749961
0.050694652
0.22194038
0.16848186
0.19218081
0.38668928
0.15181774
0.17914289
0.117310494
0.29320118
0.2200214
0.47005582
0.16864325
0.3514852
0.46134928
0.09432922
0.14636114
0.1142112
0.09929979
0.10080512
0.18719795
0.30075958
0.121625416
0.17071328
0.44970635
0.46903554
0.07611835
0.27547884
0.084591515
0.17637882
0.122028515
0.15195625
0.23531297
0.24840406
0.28653455
0.16889754
0.14512397
0.14778802
0.18563122
0.12515558
0.06607653
0.1087607
0.32255894
1.2143482
1.0891967
0.41222638
0.9419377
0.68538886
0.8428426
0.4457922
0.1288944
0.5685078
0.6919575
0.14308865
0.2805236
0.22800289
0.21342582
0.3762741
0.29937282
0.24805906
0.10698882
