1.1050634
1.6811994
1.9026859
1.1474273
0.46678138
1.7983947
2.135324
0.9880984
4.153949
1.5576575
1.3568432
1.6714828
1.0210567
2.4785008
3.5871384
0.58253765
2.8115964
3.1951745
1.6018622
1.7958379
2.7378886
1.944514
2.4756348
2.6017222
0.8121668
1.3110998
1.9928141
1.3866761
1.5617149
1.1132674
2.4572134
0.90177596
1.9441969
1.8340778
0.468312
1.4740039
5.025734
1.5825558
0.89808947
1.152038
1.9316331
2.1580782
1.8275945
1.11707
0.41396442
0.79447466
5.0744543
3.3623612
1.9273835
1.2554066
1.2563417
1.7601576
1.3092525
1.0446908
1.0457897
4.031553
2.1989257
1.6967885
0.9992722
1.45997
1.5207555
1.5622859
2.4264388
2.759758
1.4887309
1.5918841
1.6411557
0.94686663
6.3030643
1.1428125
9.217091
3.8954754
3.8925157
1.8254029
2.5145087
1.6262891
3.0103583
1.7972695
1.007667
1.100768
1.5442252
2.316138
2.2395937
0.22351119
20.622288
1.8040298
0.5692251
6.9026213
1.2482586
1.7881058
9.404528
0.80397475
2.4579568
2.9860137
2.929686
2.6385217
0.6824367
2.3999727
1.9849042
1.4213376
1.3766243
1.1046765
1.4244086
0.25227928
9.043325
1.3730513
1.7398031
1.4984004
1.6405547
2.7789745
1.0937903
0.6141253
0.5893884
1.460184
1.8502508
2.5416245
1.0584333
0.20928057
7.942983
3.1263855
0.57200855
6.987753
2.3559344
1.1736577
1.3346865
1.9941382
1.6717863
2.2591543
2.9081268
2.6551023
0.19251215
5.74708
2.3183844
0.51127756
4.610814
2.5604467
2.6231122
0.41168216
1.819021
1.3748894
2.1735027
1.2974312
0.7824486
1.3635845
3.384643
1.679723
2.1689796
1.5507457
2.366015
1.4248897
0.90817547
1.3394051
1.9422059
2.6452384
1.5898695
1.1742926
1.4874475
1.2207322
1.8869638
2.4639876
1.8111867
1.229826
0.87459004
2.945732
2.4756327
2.1077638
1.3799562
2.8358111
2.5712287
1.670423
1.4341362
0.6092075
1.5352224
3.7713408
1.3516428
2.5356731
1.3384762
1.3527277
1.3618342
1.6219835
2.1807754
1.8612517
1.007551
1.4951706
1.9650792
1.2917963
2.2435257
1.3122113
