1.1695198
0.97770476
0.59240556
2.9584477
1.3397032
0.46485427
2.1801562
1.4148059
0.31569883
2.6324782
2.5271895
0.7436224
0.64334905
2.8045974
1.7766342
0.17634147
2.7017102
1.997601
0.5360284
0.51453817
2.0757868
1.489496
0.7747637
0.78603125
1.126693
1.4571998
1.0718806
0.76451236
2.230505
1.8659868
1.0257695
0.9214959
1.5667529
0.9668031
1.3075342
0.56459874
2.3156004
1.535136
0.45952398
1.7776442
1.3259221
1.7511828
0.16634974
4.575511
1.1638671
0.2741519
3.9331048
1.2518133
0.27248892
2.4637427
2.341382
0.46115744
0.56330615
3.1719034
0.39237887
0.9993313
2.1552255
0.56010747
0.6059506
2.6696806
0.5973265
0.58713174
2.9504056
1.6538537
0.4888553
1.4263319
2.0153925
0.9459759
0.51024485
1.5010934
1.5606905
0.7912962
2.019249
1.0541692
0.47739506
2.4317307
1.8117855
0.4126113
1.5039853
1.6977904
1.1984638
0.9360921
1.0639958
0.80731875
0.677866
1.8578385
1.4074812
0.5634099
3.000908
1.3402922
0.46550277
1.6006718
1.4556758
0.66051096
0.89698184
1.1930406
2.0661006
0.6307441
0.43355274
4.0288787
2.2327166
0.53471035
0.9223553
2.1419435
0.89794934
0.6625563
1.223717
1.3002177
0.78389597
1.2215012
2.2670212
0.57454187
0.7463094
1.7448363
1.5463686
0.46302044
1.6220851
1.6073647
0.3810987
2.2381413
1.467108
1.0340776
0.7774129
0.94646114
2.905056
0.87918615
0.615973
1.9800776
1.7790763
0.3102195
0.7788712
3.228455
1.2181318
0.3160283
2.5814574
1.8876789
0.34843332
1.4424493
1.7207685
1.0597467
1.0033553
1.0788989
2.4219823
1.2235906
0.48422554
2.1482592
2.1971433
0.6438051
0.505339
2.5787177
1.8300934
0.67942667
1.2544541
1.095377
0.5834213
0.9658571
1.2675391
1.244676
0.5187602
0.838912
1.6214223
1.8704511
0.72369075
0.89239967
1.3187023
1.7271507
0.94791687
0.69101924
1.6521516
1.6609855
1.1784887
0.3924365
1.6534723
2.2120693
0.23079391
1.0515224
2.0953155
0.9341386
1.282261
1.1946435
1.08305
0.7482853
1.2445234
0.933192
1.3623047
1.4968299
0.6317953
1.1586254
