0.18146755
0.0623826
0.05891575
0.16659862
0.118002065
0.10417719
0.035888832
0.2356306
0.091632664
0.10537691
0.09411994
0.28485897
0.117999695
0.14080727
0.10642775
0.25792053
0.05082091
0.13168655
0.041608736
0.03402197
0.10066167
0.099349305
0.066886045
0.06465362
0.04383379
0.09368999
0.0816512
0.09282662
0.08931736
0.039709043
0.08560827
0.12822011
0.04886155
0.12264607
0.05626755
0.10172255
0.06678787
0.040034533
0.11853814
0.070209004
0.053815946
0.026042957
0.09734671
0.1242956
0.109075285
0.040831074
0.11433478
0.10760584
0.07502706
0.16749676
0.037579443
0.27052206
0.057194248
0.13377847
0.13596256
0.12353487
0.26119018
0.09466245
0.3952553
0.12877735
0.18491544
0.06250641
0.10572919
0.037882816
0.08424157
0.16075286
0.05778082
0.0767355
0.14644425
0.10913442
0.042599887
0.18068816
0.1267208
0.08315122
0.17562774
0.108343974
0.07252871
0.16073713
0.17464241
0.07169088
0.10333332
0.15946044
0.06186764
0.10890211
0.07869138
0.060458753
0.083535895
0.21877532
0.050629728
0.04864038
0.030155476
0.04843829
0.06492144
0.14426246
0.059487984
0.0447241
0.051805444
0.033649627
0.062720135
0.044142365
0.05347758
0.09242062
0.10817992
0.11485493
0.08083181
0.15357059
0.1906181
0.08699155
0.0770348
0.04484468
0.05902989
0.06687094
0.08989467
0.06294413
0.12985703
0.116846725
0.10080576
0.26746914
0.12445925
0.07393153
0.12117825
0.10723911
0.068235576
0.07859844
0.019230802
0.05558918
0.12589884
0.18341029
0.08961321
0.039681606
0.06309934
0.06426972
0.16943766
0.531779
0.8535354
0.21048632
0.10287863
0.12583101
0.097195335
0.096047245
0.09288211
0.13257687
0.118889816
0.03143854
0.040529966
0.6360032
1.8019542
2.7833087
3.5184467
1.3095545
0.63372844
1.3369628
1.1903503
1.7397553
1.3403535
0.43258217
0.38644403
0.76623595
0.3693039
0.13238862
0.32955503
0.24799219
0.18291906
0.49024585
0.14740999
0.26751348
0.14589849
0.37241018
0.647802
0.6457084
0.3622163
0.35326543
0.72544956
0.41163525
0.08286336
0.10371359
0.17927176
0.13890405
0.2855416
0.16454591
0.1805169
0.28310147
0.25098163
0.12799284
0.2894609
0.49630404
0.16557124
0.18862654
0.18481408
0.030519985
0.23308574
0.0718226
0.16287582
0.07774271
0.55285287
0.2606703
0.7540642
2.0866437
0.3681823
0.336036
0.2394783
0.36174798
1.1488465
1.2756188
0.25325695
0.21708792
0.157141
0.30987638
0.4041953
0.21430333
0.070000306
0.34119388
0.57147896
1.2359142
2.4857929
1.150149
0.20051923
0.17829692
0.20504598
0.2692219
0.25987327
0.20406833
0.12365385
0.09581599
0.2164729
0.3286123
0.34827876
0.13612476
0.2720642
0.072107464
0.051900744
0.3239877
0.2854817
0.1592578
0.10507706
0.22823581
0.14225061
0.079821676
0.13849922
0.24106535
0.29514912
0.2570585
0.15006994
0.12972389
0.08491511
0.097711645
0.22719532
0.16434452
0.10468957
0.12499966
0.15603456
0.21928218
0.087275326
0.0849695
0.14982975
0.091782756
0.18604197
0.30126184
0.14482704
0.2995267
0.27201998
0.099583164
0.13503414
0.18055966
0.08107974
0.060906783
0.18279871
0.3871631
0.31185657
0.20005158
0.099768125
0.20143431
0.07849484
0.16921003
0.18103284
0.16569218
0.14856243
0.13267596
0.12835343
0.100249425
0.085421965
0.16327365
0.13166417
0.22568437
0.060273685
0.31789315
0.08120701
0.15414461
0.022760794
0.080809265
0.11988346
0.1469858
0.14341317
0.095256045
0.16628793
0.10203684
0.069088705
0.14174683
0.032034077
0.04467758
0.10012268
0.1207472
0.06695269
0.06298599
0.2096838
0.1746943
0.042693213
0.10503249
0.17365333
0.20905691
0.07787599
0.2050235
0.049757533
0.1949302
0.26820672
0.14446455
0.073836595
0.061429404
0.055971887
0.053866107
0.09241806
0.15796994
0.12671992
0.10054475
0.3771308
0.29266983
0.07608182
0.29931322
0.4812595
0.27879837
0.06681993
0.03525581
0.10334609
0.1042247
0.030798573
0.029036704
0.04960249
0.06715472
0.13584824
0.098575756
0.07952025
0.26456416
0.4194655
0.2847063
0.06786462
0.09930866
0.151011
0.15707031
0.075396925
0.098682866
0.1323282
0.19870037
0.06516388
0.0673022
0.06987117
0.03590187
0.19229783
0.13257648
0.094105
0.10955915
0.09734057
0.0653985
0.073521405
0.14265062
0.08910312
0.13097845
0.12248625
0.057162397
0.27070475
0.27471602
0.12722602
0.10292907
0.12559856
0.07887997
0.13145778
