1.5639017
1.52939
1.76843
1.6916628
1.6754953
1.4429007
1.4439776
1.4727235
1.5166869
1.6596487
1.6109196
1.6538818
1.6339915
1.7019876
1.4881063
1.4517527
1.4667647
1.6049457
1.415497
1.3801498
1.6014646
1.5258362
1.6340207
1.8903782
1.710844
1.47964
1.3696549
1.5140616
1.5425998
1.6073709
1.729114
1.8557272
1.9210038
1.6889746
1.4006133
1.4859544
1.7167394
1.7747366
1.7156932
1.5798247
1.5253727
1.6002125
1.6238865
1.5332103
1.4579449
1.5072298
1.5783973
1.757442
1.6790428
1.4615322
1.3710269
1.467
1.6109324
1.8227667
1.6518492
1.5824308
1.5503215
1.7288575
1.6116552
1.6658657
1.449378
1.4990413
1.6060108
1.7518892
1.6969198
1.503513
1.5028983
1.3920963
1.3767042
1.4690342
1.5474288
1.4823684
1.4717395
1.5190759
1.4945316
1.4953873
1.4964328
1.6668959
1.7088078
1.6786947
1.5620031
1.5128623
1.5193751
1.6283481
1.6330981
1.585187
1.7122997
1.6059432
1.6361036
1.6805505
1.5238459
1.632648
1.5161729
1.326817
1.3935528
1.5399432
1.6844723
1.725698
1.5200295
1.6091485
1.7660068
1.6227912
1.5038327
1.4023523
1.3766146
1.5794542
1.5540757
1.7153372
1.7222756
2.0411108
1.8867455
1.4844551
1.5641062
1.608448
1.5427053
1.5682273
1.5812283
1.7360692
1.7775882
1.5690136
1.4821451
1.5029106
1.4753551
1.5265479
1.6966403
1.9048018
1.702891
1.6930692
1.6202128
1.6063204
1.612404
1.6709129
1.5301355
1.6262176
1.4048953
1.4569386
1.7109251
1.6004957
1.5404854
1.5154314
1.628382
1.6655226
1.5341022
1.6201224
1.6270747
1.6794858
1.5186275
1.4846773
1.723274
1.4964435
1.5918174
1.699322
1.691516
1.5208777
1.4918479
1.5074465
1.4505289
1.489497
1.4623901
1.4925032
1.4134839
1.5381352
1.5097609
1.638248
1.6531891
1.5362251
1.7669847
1.6592133
1.590579
1.4431971
1.501615
1.4559216
1.5780346
1.4943074
1.4282925
1.4248652
1.537471
1.4664302
1.4629374
1.388389
1.4684834
1.5082827
1.7267444
1.773372
1.761143
1.5196767
1.8089865
1.6289186
