1.015909
0.7158438
0.9240867
0.89295304
0.8018638
0.9724512
1.0655987
0.8265792
1.2108179
1.1847881
0.7724985
0.9439846
1.1838908
1.0035483
1.1998451
1.2717083
0.7327274
1.001311
0.8366698
1.2854686
1.4021682
0.8945229
1.0595393
0.930023
0.97471
1.0209651
1.160654
0.97958744
0.82849526
1.1098335
1.0568596
1.5641372
1.0183711
0.85237336
1.0971953
1.6856812
1.3226675
1.006116
0.90938294
1.0870299
0.8580488
0.83907187
0.67849874
0.86375225
0.8841224
1.1308515
0.99238205
0.821421
0.89776415
0.7800336
0.89844114
1.0137296
1.0604962
1.1629461
1.0734744
1.1932364
0.9948934
1.2702863
1.1687577
1.514053
1.241095
0.9591656
0.8900144
0.96079534
1.172408
1.375953
1.031019
1.1405509
1.3578672
1.159992
0.97130716
1.5303894
1.2717762
1.1079354
0.9799744
0.825429
0.8167923
1.0851063
1.1042148
1.0577872
0.9713876
0.9295806
1.142595
1.0631994
1.0302544
1.3117722
1.0287592
0.9311944
0.7570236
1.1551894
1.5246627
1.2668543
1.1608448
0.7801424
1.1500039
1.1137505
0.92354465
1.149775
0.9724822
0.8230319
0.8879315
0.9331924
0.9831826
0.95010835
1.0632453
1.1718153
0.90564287
0.7870078
1.0946712
0.8053254
1.0970062
0.7453648
0.8241031
1.0091326
0.66795695
0.934513
0.99319935
0.697857
0.8919493
0.84852135
1.014738
0.8999952
0.88877535
0.94381964
1.1518548
1.2774748
1.6315248
1.0679008
0.87832224
0.98830813
0.8893335
0.843755
0.8520963
0.68262315
0.8313095
0.9272301
1.0508316
1.002455
1.0103846
0.74843264
1.0906136
1.2378042
1.5950692
1.2074885
0.8260524
0.7957273
1.1018496
0.8516784
0.72546935
0.83435965
1.0391719
0.90107167
1.1333823
1.2827352
1.1671195
1.1105418
0.62886256
1.0788044
0.860854
1.1477761
1.3562028
0.9577478
0.9106538
1.186171
0.9501945
0.8086593
1.0468552
1.2114509
1.3307527
1.3045775
1.198226
0.87184775
0.8967636
0.9256251
1.0667393
1.1827401
1.1134624
1.190217
1.1274788
1.2961423
0.9854976
0.8766393
1.1121931
1.0407442
1.0768347
0.85756326
0.73255223
0.92416453
