0.80662125
0.92738783
1.5370065
0.7584776
0.7264769
0.8979653
1.0273429
0.78184676
0.8728336
0.92999375
0.88759565
0.720734
0.83346033
0.6595654
0.84505916
0.5679851
0.7508813
0.90289176
0.8818071
0.8457632
0.7218061
0.7615495
0.91140896
0.6736971
0.7610199
0.9014049
0.9819596
0.7882994
1.1291255
0.9249705
1.0807889
1.4542576
1.1438506
0.65600026
0.9056684
0.8917663
0.9549401
1.0209329
0.7860898
0.70155627
0.7478121
0.97526646
0.8538942
0.92860776
0.7822901
1.176676
1.2852287
0.9776428
0.9630103
0.7643194
0.931991
0.83274055
0.71788704
1.4579473
1.6887926
1.2072878
0.8992305
0.97037506
0.9938861
1.0570489
0.8605856
0.5377148
0.85573125
1.0185947
0.9867735
0.7862793
1.2845914
1.47548
0.91017115
0.9429594
0.9361367
1.0121559
0.9734522
1.1113986
0.959098
0.68337667
0.6881999
1.1032189
1.0751882
0.8236184
0.8649185
0.85415334
1.17936
0.91119343
0.85458815
1.0834864
1.070717
1.1423405
0.9310315
0.6377395
0.6242322
0.8244044
0.81691474
0.7988829
1.1161947
0.7294059
0.84490776
1.5517709
1.2835436
0.8016317
0.95180464
0.86780226
0.7100899
0.83706987
0.9894418
0.69315857
0.75649583
0.89186573
1.0922599
0.6891204
0.6809098
0.8534064
0.87096465
1.1157184
1.2223376
1.1209422
0.73708546
0.9492301
0.9616687
0.7135856
1.0574644
0.85562027
0.80974436
0.82865655
0.90612555
0.745852
0.7659321
0.75996095
0.91565055
0.93441546
0.73562586
0.6411754
0.77465045
0.72164404
0.8883271
0.7675115
0.77891386
0.824876
0.8803221
0.8108568
1.1717058
1.1707072
0.72935927
0.9706763
1.1205518
1.1536593
0.88518906
1.1210682
0.7410632
0.66330093
1.565864
1.4931135
0.7820535
1.0208882
0.9557377
0.8984375
0.82204217
1.1201496
1.023571
0.82133293
1.1547267
0.77565116
0.90657526
0.9572446
0.85776913
0.76916933
0.5789062
0.72254944
0.78315294
1.0183871
0.80163383
0.73135805
0.64743245
0.90717137
1.144547
0.7729305
0.9589654
0.6666676
0.802304
0.9947369
0.8434733
0.88669926
1.4817976
1.925159
0.88969606
0.98496693
1.1719456
1.4971204
