1.6052283
0.42014366
1.9921933
0.712845
0.64339805
0.99659574
1.0690384
0.7981962
0.97875935
0.97282183
0.83341044
0.7034049
1.109106
0.76953375
1.1159487
1.1113969
0.71099305
1.1353517
0.5601618
1.8830497
0.60158753
1.2181315
0.80978894
1.1222436
0.8040756
1.2834461
0.60546446
1.6665351
0.62624717
1.0440183
1.076072
0.6432149
1.6867645
0.6858923
0.9515527
0.97319984
0.82348335
1.0649189
0.9080079
0.7217865
1.2096577
0.7066968
1.4291575
0.7250007
1.3608699
0.6028285
1.4336473
0.48985776
1.6303701
0.6638484
0.99073935
1.3850627
0.5769675
1.1875913
0.8626415
0.76319134
1.355622
0.5936377
1.3859729
0.7905549
0.77715194
1.0789006
0.8331606
1.1487509
0.86188525
1.141232
1.1758473
0.859342
1.2933921
0.5798763
2.2860706
0.56630224
0.8703927
1.4730927
0.6112806
0.68617934
1.2389183
0.8016209
1.0395231
0.8941541
0.9007908
1.1615313
0.65432787
0.9099338
1.1846336
0.7652754
0.6959009
1.5452497
0.36613458
1.5641992
0.8158622
0.6325768
1.3700056
0.75020933
1.0076871
1.052416
0.85558176
1.0713639
0.7640537
1.4688593
0.50884366
1.5658121
0.7284169
0.8665409
0.9775679
0.78016174
1.8734204
0.3683252
1.7103323
0.7534323
0.9275195
0.7838558
1.059787
0.7287563
1.0892441
1.1976165
0.5900899
0.9850856
1.2131515
0.7612859
0.96526843
0.8902592
1.2280071
0.62452364
0.99334466
1.157452
0.6233374
1.1215694
1.0825044
0.7945052
1.0607722
0.82694155
0.76113105
1.1584463
0.83852744
0.8781346
0.9832071
1.1639436
0.8324044
0.8022641
1.6201935
0.48182178
1.2697675
1.006626
0.6009033
1.2183938
0.8448663
1.0610732
0.6652001
1.3631262
0.72485685
1.4721096
0.8169006
1.0934802
0.64946747
1.597699
0.6401984
1.759855
0.44858974
1.605402
0.7951269
0.93960667
1.0858192
0.56783867
1.0397048
1.068913
0.61978596
1.7810215
0.7108991
0.9510383
0.8285049
1.1192352
0.9417466
0.7823151
1.4761169
0.57354736
1.3948854
0.6960311
0.85290956
0.8627526
0.9356358
0.8007885
0.9814004
1.4448142
0.45782274
1.4323108
0.9567476
0.75503033
