0.72529054
1.0926185
0.43326986
2.2470875
0.23884812
2.9961505
0.69862986
0.38092622
1.5527394
0.7376596
1.2055099
0.8840316
1.0112734
1.1641448
0.56483567
1.5047159
0.8871005
1.0930007
1.0080462
1.13503
0.6743906
1.0408738
0.9193345
1.097337
0.73398376
1.2182065
0.8265809
0.85801965
1.4162731
0.4134137
1.630055
0.35318702
1.9995048
0.6824002
0.92355657
0.82559943
1.4477382
0.5477329
0.97791326
1.3618011
0.47378612
1.2468014
1.0212841
0.53137475
1.7727929
0.70992744
0.6190691
1.1700894
0.8324975
0.9003868
0.67362106
1.6379104
0.50781506
1.3979006
0.32770634
1.8314979
0.67253315
0.9380988
1.189074
0.6814742
1.3320466
0.7415961
0.7941468
1.8723346
0.41815907
1.3793073
0.81945467
0.9062555
1.2037469
0.5248515
1.8426125
0.6626706
1.0059986
0.8763976
1.1279699
0.6537651
1.166428
0.8069496
0.99544954
1.0233616
0.86118495
0.91194355
1.0437125
0.66138226
1.6187077
0.48556656
1.3818734
0.54140115
1.9264325
0.40380874
1.5063257
0.66554964
0.8242785
1.0649234
0.9513223
0.7974095
1.3156571
0.73176664
1.7277681
0.34190333
1.742043
0.7433909
0.78697133
1.3056636
0.5375517
1.470347
0.61437225
1.0577424
0.8267388
0.80432373
0.99696785
0.659814
0.9738045
0.7836561
1.1351929
0.6714536
1.1856768
0.50210243
1.6950347
0.51151
1.3458047
0.45420396
1.4615371
0.71895355
1.0273967
0.9078338
1.5142443
0.6258422
1.784676
0.63430345
0.80992675
1.1947451
0.47634408
1.8704922
0.6714119
0.9109222
0.82413435
1.076345
1.1179838
0.53445494
1.4195395
0.23455498
2.0105286
0.8865578
0.7987078
1.1254823
1.0400615
0.7230959
0.9945571
1.2744973
0.4599839
1.7432086
0.7886427
0.7755543
1.0441613
1.0737169
0.8455969
1.5754268
0.40998065
1.3617063
0.7122549
1.4057603
0.6216264
1.0151001
1.081317
0.61880475
1.7511902
0.33618182
1.9244978
0.7078544
1.026479
0.88942504
1.1145635
0.58839524
1.4863455
0.5647911
1.3884907
0.76568997
0.8314097
1.192126
0.5108843
2.1084368
0.46631807
0.93394977
0.86790264
0.9997901
0.984823
1.4013225
