1.703279
1.4370329
1.1065784
1.2165291
1.2877662
1.5005904
1.3573232
1.3287103
1.3690041
1.3571867
1.3360193
1.484225
1.3773501
1.3183414
1.2278466
1.4152182
1.4727713
1.6211433
1.2866993
1.2304754
1.3917695
1.3751535
1.4206104
1.4367912
1.4363376
1.358639
1.3795443
1.3856173
1.3236091
1.3727745
1.4457672
1.4567808
1.3245766
1.3708065
1.3866794
1.3656328
1.2211556
1.6063081
1.4435817
1.3245798
1.2966912
1.3298467
1.297101
1.4497999
1.2761308
1.4693712
1.4525447
1.4408422
1.505233
1.3628063
1.3903234
1.3156095
1.5139515
1.5247641
1.4547632
1.3274829
1.3731081
1.2814217
1.2025275
1.2270843
1.2624964
1.2452996
1.6342098
1.2931192
1.3641422
1.4115944
1.419989
1.3368804
1.4613729
1.3563504
1.3093879
1.4306407
1.5766146
1.5371921
1.2120101
1.390182
1.4449061
1.5517538
1.4236948
1.4547929
1.3889997
1.4058014
1.4257668
1.436372
1.4198585
1.2693316
1.3396754
1.5701661
1.4677279
1.2625308
1.5019848
1.2599558
1.34794
1.2675221
1.5248307
1.4071624
1.3704363
1.6767308
1.4098117
1.2885299
1.2931273
1.308774
1.4353426
1.4565103
1.5353479
1.2768676
1.2973034
1.5815685
1.4134626
1.3309033
1.2962754
1.3856155
1.3338883
1.3972611
1.2782544
1.4960454
1.4250348
1.3608328
1.3735521
1.3331162
1.7687175
1.5272595
1.257849
1.3540938
1.3997285
1.2498705
1.2423398
1.3010035
1.3789961
1.3904456
1.523584
1.321053
1.345184
1.1033347
1.4539976
1.2828372
1.4947081
1.4953477
1.6606846
1.362356
1.4489175
1.4302692
1.3593032
1.2581042
1.3226686
1.1175928
1.2815483
1.2709856
1.4100441
1.2880104
1.3534609
1.4619151
1.2743067
1.2349441
1.3392104
1.4045048
1.3102846
1.371351
1.3888174
1.3718576
1.6144036
1.3651948
1.3059527
1.2907863
1.3908347
1.2437351
1.2590423
1.2684422
1.2573621
1.4479513
1.4248121
1.3926363
1.2748611
1.3694153
1.3593931
1.2617346
1.31305
1.2634912
1.2235669
1.4986044
1.4586492
1.2861362
1.3295788
1.3488572
1.3147285
1.4518876
1.3681657
1.4401654
