0.035870828
0.20928559
0.06383095
0.11594498
0.13802004
0.060425147
0.016308472
0.046960793
0.16283834
0.2127329
0.022872906
0.092548095
0.09565504
0.058984466
0.06793335
0.0686631
0.02563504
0.035273083
0.06057181
0.024569571
0.09556287
0.039525412
0.0920135
0.071588844
0.10963714
0.07529116
0.031176107
0.028401218
0.12293582
0.20856145
0.09535294
0.058326315
0.05623059
0.107966766
0.062054537
0.088396475
0.0735101
0.015209126
0.056765027
0.108476385
0.087235406
0.085698485
0.06973021
0.0630095
0.032888133
0.08465259
0.105426736
0.13956764
0.068810105
0.14797005
0.057598885
0.046951517
0.03116346
0.022238225
0.06685903
0.09863411
0.075117216
0.074609876
0.03258007
0.069100365
0.04503385
0.056705907
0.07394161
0.023985
0.044900626
0.054070227
0.05199751
0.053582054
0.06618547
0.047257513
0.06778604
0.05098843
0.098644406
0.25611293
0.0709997
0.18967962
0.03372249
0.41998103
0.36388177
0.09488555
0.17711872
0.04097315
0.021136273
0.10603696
0.0635219
0.06625201
0.022482596
0.0854494
0.028894715
0.11373728
0.066988125
0.04037605
0.13848981
0.027554663
0.14624761
0.046475526
0.049024306
0.19462177
0.10324456
0.07295033
0.25575894
0.5190639
0.5741844
0.038527057
0.32138553
0.0673173
0.16861823
0.03853788
0.056884386
0.037329167
0.04857839
0.0139096305
0.0409011
0.08296087
0.11223717
0.05931772
0.067792825
0.048578627
0.04785164
0.15957901
0.13027851
0.10817289
0.051381163
0.105032414
0.054688673
0.036169693
0.042495012
0.030979432
0.13013044
0.083968215
0.16602543
0.07707983
0.098580025
0.06906265
0.059000723
0.054339454
0.060658753
0.03246555
0.049571417
0.02157399
0.060316674
0.051240332
0.051221967
0.056642305
0.07014409
0.16552745
0.10695319
0.043153826
0.05445295
0.040010985
0.14476338
0.20668063
0.057821445
0.067599714
0.023974515
0.03644259
0.06345475
0.07784104
0.06911175
0.025746044
0.03547223
0.038987316
0.036999293
0.030289864
0.14257051
0.06451718
0.08513047
0.07631865
0.04531303
0.076666445
0.107270196
0.08374501
0.038133204
0.1135116
0.0852043
0.034817174
0.05610288
0.06362683
0.04279453
0.23399372
0.042610828
0.054682933
0.11773486
0.040837973
0.04625595
0.0232458
0.09019277
0.051695164
0.10838048
0.06834675
0.03493437
0.019893328
0.035095602
0.05447667
0.08746779
0.050834082
0.037052
0.074635535
0.055418234
0.09209458
0.03254532
0.034097597
0.029831022
0.07625535
0.03773015
0.050087523
0.029378923
0.051205948
0.12351696
0.042480677
0.036610514
0.012305222
0.045504212
0.013114446
0.0698757
0.042670213
0.13155587
0.15373477
0.025742505
0.12544675
0.05939533
0.05738072
0.077825435
0.05147241
0.13999519
0.056277256
0.043095198
0.18145645
0.4285376
0.40107492
0.057506006
0.15690985
0.0070610307
0.072531104
0.24828756
0.29018378
0.028990109
0.050380565
0.056301072
0.028887408
0.1568247
0.08876387
0.045755967
0.076608755
0.08626092
0.10614481
0.035818122
0.071179986
0.097210616
0.03961575
0.056006014
0.03255188
0.017717635
0.020615544
0.007784403
0.00922597
0.41546828
1.1308911
0.5394738
0.09409536
0.4683088
0.588445
0.07303572
0.18985862
0.072790295
0.11375524
0.11758225
0.20507076
0.06273249
0.0699153
0.051917758
0.16963093
0.12891997
0.11078362
0.09520127
0.07174715
0.12488022
0.0320556
0.037653692
0.09202963
0.104980096
0.096111536
0.0508795
0.02526641
0.06378164
0.12319277
0.08213778
0.030361954
0.03537082
0.026837202
0.039655477
0.08461147
0.16698769
0.03554673
0.15614879
0.07854572
0.031106364
0.06786237
0.047865987
0.026837494
0.031992376
0.02893259
0.038839363
0.14124869
0.29689908
0.36238262
0.086501114
0.10998994
0.020722274
0.1269826
0.029021999
0.060043924
0.030339275
0.022474464
0.056504913
0.05153981
0.14330617
0.037592012
0.10849013
0.027684059
0.06627684
0.041386478
0.12449999
0.11666198
0.03735048
0.052211206
0.09732629
0.03712043
0.048841383
0.00702645
0.03668079
0.018716305
0.039542377
0.006837118
0.09731114
0.07002425
0.04419924
0.031430244
0.1445598
0.07321727
0.09330987
0.07331891
0.013181547
0.257519
0.029780906
0.19313544
0.025875892
0.074029736
0.052792244
0.016394695
0.081664786
0.025325377
0.043758895
0.045447834
0.016688678
0.08665484
0.062787294
0.051437084
0.059874862
0.023826638
0.013663091
0.11919244
0.17130351
0.10488868
0.05125788
0.08769509
0.03666973
0.05638614
0.014341575
0.013336936
0.03405491
0.103249386
0.06533331
0.05820577
0.054549813
