1.79006
1.866773
1.8898238
1.8801632
1.9453918
1.864649
1.8780596
1.8699924
1.9130738
1.8993816
1.9189918
1.936582
1.9290206
1.8841834
1.8950672
1.9046421
1.9081718
1.9279195
1.8911278
1.7781621
1.8683095
1.8338819
1.9116875
1.9426095
1.8786181
1.8792163
1.9359746
1.8704696
1.8894447
1.8776736
1.8865305
1.9100072
1.951793
1.9648306
1.792613
1.8889711
1.9103093
1.8703003
2.0034134
1.833608
1.8590711
1.8689272
1.8877089
1.9213927
1.8986164
1.830069
1.9091761
1.8964173
1.9759419
2.0569153
1.9198189
1.9771391
1.8742743
1.826567
1.8435719
1.8794665
1.8948917
1.9395292
1.922921
1.8922594
1.8452097
1.8619231
1.9713314
2.019293
2.0216267
1.908167
1.9156706
1.8976544
1.9999611
1.9647582
1.9384465
1.9202963
1.9449387
1.9015977
1.9217145
1.845679
1.9032396
1.9724796
1.8519198
1.8474091
1.9734726
1.8277489
1.9255487
1.8702307
1.8871418
1.8657763
1.9672871
1.822813
1.885334
1.8438966
1.87014
1.9364045
1.8615756
1.8720925
1.8597131
1.8521345
1.9990008
1.8570637
1.8398955
1.8226058
1.8092577
1.9264884
1.8288494
1.896447
1.8684483
1.8997135
1.8126553
1.8703334
1.9008539
1.8822311
1.8727438
1.9251618
1.9854228
1.8492131
1.8317955
1.8636582
1.9128332
1.8682151
1.939434
1.8640475
1.8562031
1.9505714
1.9074228
1.8532691
1.985576
1.9576166
1.8742161
1.8598914
1.93799
1.906542
1.9270482
1.8138413
1.8382854
1.8756784
1.9211918
1.9007788
1.9418178
1.952949
1.9560277
1.8821505
1.9136657
1.8906949
1.877118
1.8876257
1.8347757
1.8917809
1.8533754
1.8406515
1.9415727
1.914921
2.0372512
1.9129709
1.8578907
1.8815494
1.9567297
1.9968112
1.8750778
1.9778693
1.9765903
1.9564104
1.9269238
1.8583661
1.8183194
1.868662
1.8878884
1.9115466
1.940717
1.9151819
1.9205458
1.9108164
1.7861485
1.7594526
1.9119916
1.9223799
1.8667052
1.9144776
1.8955425
1.8065534
1.8062651
1.916371
1.8356093
1.8303107
1.8733816
1.9791156
1.9579227
1.7796435
1.9033059
1.88489
