0.09871762
0.1881373
0.36129516
0.14884262
0.11089002
0.07063694
0.13935654
0.08514242
0.059122138
0.09371025
0.2853788
0.37636894
0.3736265
0.16822085
0.13362175
0.091807224
0.26501232
0.10369418
0.05851315
0.14809927
0.1162316
0.07177098
0.13158062
0.11906937
0.10855217
0.13374148
0.079897255
0.04850535
0.110486716
0.085644245
0.09001287
0.287791
0.22611383
0.080142036
0.049415737
0.06377594
0.13749579
0.13204077
0.12756668
0.07516367
0.093466565
0.17944424
0.17883304
0.076275766
0.14586382
0.1615934
0.067227796
0.111175865
0.10962838
0.07373381
0.07473203
0.09202476
0.07743858
0.15462488
0.1610731
0.15585165
0.055721495
0.12468381
0.121406764
0.11867052
0.11050524
0.1290515
0.24794224
0.09144947
0.039358515
0.08857721
0.06954481
0.19441207
0.11081797
0.119145066
0.0849076
0.13010126
0.08948986
0.09688437
0.07717921
0.119600385
0.07559338
0.1914629
0.09177384
0.1330114
0.186479
0.15960819
0.10627845
0.13873109
0.11053839
0.20581852
0.10843857
0.10622239
0.18486278
0.1041769
0.12660131
0.064047724
0.09716909
0.06654466
0.047091737
0.036385365
0.06731854
0.078336954
0.17651388
0.09205378
0.05380249
0.11273482
0.097393125
0.099305816
0.08193539
0.13047482
0.11835319
0.09149847
0.10306527
0.096617356
0.13247149
0.08535793
0.13827002
0.059256304
0.20190346
0.15992476
0.08793127
0.20955801
0.12690628
0.07776311
0.22091633
0.10073951
0.06034735
0.07238272
0.088284135
0.0483557
0.16257906
0.14988694
0.035099737
0.055921666
0.056621723
0.06714772
0.076922774
0.09063687
0.049717903
0.067556426
0.19586703
0.07724092
0.23908086
0.11199055
0.076533295
0.1852887
0.074746385
0.09179664
0.0902729
0.053438134
0.062236436
0.098072454
0.17281559
0.06668481
0.115143366
0.08319777
0.37237605
0.050001122
0.20452711
0.15603593
0.06167589
0.06756958
0.3218924
0.6776538
0.7870033
0.11260447
0.43910092
0.61942494
0.15293068
0.7107811
1.3333757
0.51547086
0.16564985
0.23086841
0.25624442
0.12523238
0.052333973
0.16311115
0.18282364
0.31089514
0.113888316
0.25933152
0.26326376
0.22154689
0.1268759
0.13937885
0.1012975
0.19011258
0.1784812
0.1657101
0.29471147
0.3215876
