0.18779308
0.13743898
0.116530836
0.18214396
0.50654775
0.7285486
0.47359
0.045796193
0.048706554
0.13912815
0.082796305
0.1377373
0.21666433
0.6326806
1.3129996
1.0881555
0.062455162
0.07899308
0.9072225
1.4427043
0.011261892
1.099471
0.269911
0.48621982
0.10892167
0.32116035
0.12154573
0.10906619
0.1128087
0.10947662
0.117766574
0.09629218
0.18641475
0.745139
1.5488178
1.2822591
0.15917909
0.24222271
0.40541792
0.4093235
0.03996844
0.06253786
0.05686707
0.0699771
0.118868545
0.31478906
0.2222709
0.11784087
0.22969803
0.08006941
0.104325026
0.10166728
0.1891892
0.41681552
0.79563373
0.1826769
0.6392237
1.1144599
0.21532288
0.22855476
0.104633376
0.22452867
0.43129098
0.052947618
0.38628542
0.18935671
0.09421143
0.10927507
0.16839346
0.076248884
0.25284228
0.038279116
0.7257283
0.7658704
0.05669805
0.18137245
0.30459395
0.04838154
0.17508525
0.114136524
0.13215831
0.06961178
0.07137868
0.10263683
0.264797
0.28037253
0.3274206
0.13559079
0.15049386
0.090004735
0.11344353
0.50057983
0.18301165
0.079909146
0.07289617
0.2858782
0.032423515
0.38217655
0.11909551
0.13053502
0.2017325
0.036361184
0.15315993
0.12635578
0.21520364
0.09331295
0.12956539
0.08058137
0.10266679
0.26841778
0.24444962
0.123865575
0.2376623
0.22303155
0.023503495
0.04680051
0.07029017
0.10497542
0.11564599
0.055454504
0.08201081
0.13825499
0.115150675
0.05801815
0.18724409
0.11754006
0.22128852
0.111155696
0.09173926
0.14101084
0.15249138
0.09776707
0.1577245
0.040736422
0.07505832
0.07132016
0.13598716
0.13073978
0.14077607
0.14803918
0.17268176
0.057383742
0.24951535
0.064249694
0.47647282
0.1416289
0.33011413
0.03439008
0.17688109
0.10212655
0.120357394
0.14361009
0.01543346
0.21311699
0.041285783
0.35051972
0.9586714
0.29525784
0.07005932
0.04682359
0.0735357
0.013770066
0.04927773
0.19773406
0.15655665
0.032150276
0.11071187
0.15699796
0.081644475
0.25310236
0.116345994
0.13028997
0.03614793
0.047016677
0.28200245
0.26186302
0.1150061
0.046568528
0.43666485
0.4692959
0.4617432
0.038015623
1.223573
0.677959
0.014654837
0.044291772
0.10229975
0.57746243
