3.256143
1.1446187
0.32275465
1.3890576
1.5605645
0.22772175
2.8776357
1.9942807
1.2001908
0.3469121
3.6607127
0.22135767
2.8175735
1.2506676
0.523257
2.1384025
1.0344284
0.27082503
5.718501
0.4229027
0.6921104
1.9887891
0.37824622
1.7834876
0.20337689
4.477696
1.8468765
0.16085958
5.5749846
0.084337994
10.043428
0.38508376
2.2895555
0.08458528
9.227954
0.13536027
6.620137
0.15648885
4.960618
0.11247121
15.879669
8.039816
0.5300395
3.521141
2.453443
0.7757747
2.101673
1.6183532
0.80963933
2.2376742
2.384525
0.6710526
1.9838215
2.0849204
0.566736
1.6104424
1.9997885
0.78643453
1.1794097
1.2564882
1.3001915
1.4507854
1.0705179
1.7285218
0.7644178
2.1043482
0.7457453
2.440639
0.686267
1.2812707
1.3747083
0.80077904
2.114718
0.4633857
5.8225355
0.36998528
2.1447463
1.0188026
0.63149345
1.8132383
0.27875262
2.0785885
0.72573507
0.6424882
0.8166334
0.68696177
0.42787278
2.5612602
0.2045586
1.2443864
0.35658106
3.0602663
0.32310244
0.9966315
3.2684522
0.4123189
1.812185
1.8012356
0.42827106
1.2998583
1.1656439
0.41224197
2.3075118
1.2578187
0.3238144
3.2252798
0.5017162
0.8909086
1.3042421
0.85669976
1.1643827
0.8600281
1.0220819
0.53244394
3.7746744
0.6315725
0.5869966
1.4696791
0.9689008
0.5705631
0.9406389
0.8258312
0.72314256
1.5414078
0.7558236
1.4085991
0.938076
0.42267057
2.979335
0.22835407
2.775134
0.8189732
0.4011242
1.5011585
1.2265912
0.5456354
0.6818779
1.285747
0.60847056
0.5066422
2.3534455
0.5327065
3.7688084
0.763687
1.088995
0.88088727
3.2656865
0.29882595
1.6600928
1.7320998
0.69061494
1.7669414
1.4418333
0.3575367
2.6732686
1.0275874
0.9393741
1.1947377
0.8533393
0.7254689
1.3850069
1.1305137
1.5574675
0.69255006
0.6621665
1.7293402
0.93388915
0.25201166
3.3638253
2.2339811
0.656227
1.0322875
1.8947257
0.3952782
0.64370775
3.0523982
0.9548455
0.69136417
1.3417388
1.0753914
0.62271166
0.48469853
4.5947547
0.5067734
1.304071
1.647269
0.7326938
1.5937269
