0.83329105
1.2114906
0.6249623
1.1170163
0.85592604
0.67202234
1.2410533
0.78445
0.8736274
0.96119976
0.813137
0.9132371
0.9916227
0.689322
1.0630016
0.6489579
1.2838643
0.8046096
0.7897708
0.9575834
0.9929655
1.2217858
0.525018
2.072844
0.83856416
0.5628607
1.3445745
0.766715
0.80633223
0.840739
0.82904005
1.0006567
1.0460382
0.75492394
0.8978801
1.2128863
0.7228772
1.1146045
0.5346484
1.1746355
1.0076375
0.654022
0.9479654
1.2881558
0.7312842
0.7730461
1.3483053
0.68891346
0.94447565
0.9560932
1.124828
1.0080153
0.5487036
1.5442202
0.82371473
1.040927
0.9056635
0.89505124
1.1970994
0.69573104
0.9743631
0.780848
1.3326166
0.5658238
1.1307771
0.82545316
0.7694381
1.521144
0.4129948
1.3697641
0.7175088
0.84038377
1.0663443
0.92634666
0.7576574
1.4338555
0.7177825
0.72224617
2.1147876
0.5511082
0.7174287
0.9998682
0.90791917
0.8410032
0.88367593
0.9141776
0.8547883
0.8499885
0.95325744
0.9673834
0.7942119
1.2819836
0.58569396
0.8915793
0.99001276
0.6377731
0.9586217
0.9921051
0.73972297
1.4826512
0.56651795
1.1639705
0.7472662
0.95586634
0.8390805
0.7811558
0.98198706
1.157559
0.50101805
1.8239857
0.64319474
0.57765
1.2516116
0.94535494
0.76125956
1.1194557
0.7812278
0.928236
1.0382737
0.94441026
0.8245133
0.8404106
1.5025679
0.56941164
1.0284221
1.0882511
0.7939451
0.997846
1.052729
0.89351207
0.585333
1.318372
0.87688506
0.70826745
0.91556525
1.1601642
0.6231617
1.1813935
0.93674105
0.5534717
2.1401074
0.52918625
0.9866747
0.9720971
1.0219339
0.76778954
1.1390965
1.0213971
0.7870836
0.8746432
0.96574074
0.9814439
0.6939292
1.3196197
0.9426464
0.7884954
1.2801833
0.4743208
1.6485627
0.726935
0.7226839
1.2355633
0.8834878
0.8120298
1.0038579
0.8472637
0.8554981
1.1838745
0.641511
0.9976504
0.70536387
1.2503343
0.92283404
0.7895877
1.4424877
0.55535096
1.3908354
0.7949276
0.6370263
1.8063624
0.78026307
0.72249985
1.173728
1.1236899
0.5265925
1.5683154
0.5940982
1.0946025
0.8048998
1.0277431
0.96700835
0.5205852
1.1150002
0.9787328
0.9978306
1.1313598
0.60132265
0.79420257
1.8988711
0.5261448
0.9460237
1.1344144
0.6710535
0.83003473
1.0338054
0.77551275
0.96592224
0.80725396
0.89830023
1.0536461
0.75268173
0.7810127
0.9747395
0.5501967
1.5273011
0.88816226
0.7828932
1.138931
0.6363896
1.3346198
0.86577666
1.1003783
0.91363406
0.90660864
0.83800894
1.3046741
0.6069832
0.8749565
0.9958286
1.0442847
0.68674827
1.1990963
0.62816966
1.0014193
0.9049887
1.5195521
0.404217
2.3773904
0.8568963
0.45081398
1.3921703
1.0141762
0.6012043
0.89458686
1.0351274
0.7105143
0.7503631
1.4503702
0.8032474
0.47026956
1.5468986
1.0030887
0.59384626
1.1263885
0.8525463
0.72860676
1.1028838
0.987242
0.66715336
1.1479344
0.91132635
0.7231574
0.92854977
1.1535187
0.600135
1.2379173
0.80589306
0.5838563
1.2244673
0.95784426
0.9098896
0.9316095
0.6448328
1.1958354
0.9535312
0.69283533
1.0112605
0.9272011
1.0384872
0.9556031
0.42299876
1.5497656
0.63458365
1.114671
0.7245255
0.92492664
1.0772647
0.8025838
1.0328023
1.2858315
0.72088134
0.9031862
1.2527964
0.53239363
1.138079
1.0295603
0.7524155
0.80672365
0.9954141
0.6943539
0.97553337
0.7480532
0.86994684
1.0828555
0.88178325
0.9746676
0.78543776
1.1441116
0.79981
1.7751548
0.3822057
1.3838613
0.8412266
0.6000656
1.374305
0.98733836
0.77711594
0.9849086
1.1215947
0.7097908
1.0798389
1.1072676
0.9860173
0.8555767
0.8023413
0.6689545
1.2364347
0.6169286
1.139174
0.90173286
0.87159216
1.093487
0.70766306
0.73991793
0.7662007
1.4984696
0.4571999
1.4705999
0.7671869
0.7346718
1.172255
0.65383637
1.3627942
0.5762686
0.7349844
1.2458287
0.776116
0.79255986
1.0000992
0.8907585
0.9847931
1.2614179
0.5626473
1.2391175
0.5342784
1.0920814
0.7990414
1.0351015
1.0367911
0.7086415
0.7399945
1.4481505
0.6316258
0.78651845
1.4541795
0.79007274
0.6295141
1.2076411
0.83009315
0.6549962
1.4627333
0.8255297
0.79728425
1.0669963
0.6510507
