0.033043753
0.033723827
0.043944754
0.050491713
0.093816146
0.10713206
0.082200214
0.100463405
0.04522211
0.18795063
0.05250676
0.22729543
0.22300033
0.022443382
0.062196985
0.06565121
0.06534067
0.057281524
0.025533691
0.080357
0.12069334
0.13760382
0.08382554
0.11008619
0.057278402
0.15813905
0.06407986
0.043352135
0.062706605
0.10254434
0.12479719
0.07025927
0.07686293
0.10562147
0.1145155
0.1346539
0.12554486
0.13661474
0.05729474
0.08966091
0.08426365
0.105901495
0.04184408
0.125681
0.07275096
0.050374657
0.14077698
0.08121856
0.059230037
0.109712794
0.057403423
0.0811574
0.06730551
0.13079628
0.04511044
0.29663798
0.8201017
0.94458324
0.67858434
0.2149647
0.13116387
0.55500126
0.24181522
0.88612616
1.1821725
2.077494
0.26951644
0.45926407
1.9620122
1.9199976
0.57351166
0.2525404
0.75006473
4.10163
3.9157076
8.081318
4.652836
9.499112
3.2851508
5.729225
3.2976685
0.6900756
1.6701437
0.922087
0.42236015
0.44936824
1.0989234
0.9510038
0.504694
0.45428598
0.3599125
0.32340044
0.57655084
1.2418022
1.3363996
0.7648351
0.53122604
0.5289584
0.77149934
1.5974483
0.8883505
0.22125696
0.40825343
0.41335154
0.43372396
0.6469054
0.49318984
0.2238153
0.215017
0.46517354
1.4769154
1.7555354
0.87373835
0.24142277
0.3937621
0.23103258
0.24644016
0.41344056
0.7118775
0.42997137
0.27391765
0.23622221
0.60753477
0.4874495
0.35267067
0.084518775
0.16087997
0.22037089
0.36226287
0.51693094
0.47712722
0.08971502
0.4114638
0.586536
0.16201878
0.36808085
0.20502813
0.2708362
0.21728808
0.46476468
0.642934
0.14168794
0.48782006
0.35564107
0.27247986
0.44019544
0.12020303
0.43166673
0.48530757
0.13874054
0.16178772
0.10759426
0.13812411
0.13586012
0.22259025
0.38253325
0.23346466
0.21918185
0.10183864
0.15169139
0.17633814
0.22162807
0.22329205
0.16676871
0.18189487
0.32839805
0.1763753
0.09850105
0.1399769
0.44357896
0.13431795
0.9489833
1.3755356
1.4474567
0.6285156
0.0784742
0.17160404
0.42603755
0.6144688
0.18141757
0.29795197
0.699613
0.5792608
0.18247572
0.13224904
0.18645145
0.24852931
0.5216518
