3.5846796
1.4530797
0.43360496
1.6795115
1.915439
2.130035
0.76578236
3.0197923
3.0010045
0.3072092
10.4527645
1.4347892
0.6064371
5.528412
6.0193806
0.13973737
12.973892
0.42833823
8.400324
0.83052695
3.812932
2.3838992
2.2631578
1.2806567
1.4187664
2.8579135
0.53136295
2.384738
2.4188986
0.4633901
7.6000137
3.0979967
0.74992925
0.9149517
8.84833
0.6466055
0.42276794
7.5889974
3.3963356
0.29529876
1.2921333
4.4441338
2.790213
1.5916413
0.64015543
0.32225457
6.3996177
0.34438404
2.630124
1.7816384
1.846444
0.7533399
1.4364731
1.3634285
1.4100657
2.065255
0.2855206
1.2373786
2.3877797
0.814142
1.2665895
3.690147
2.9681106
1.7938062
0.39512584
2.0143862
1.483566
2.012476
1.3287328
0.42293978
8.444971
1.2985276
0.95316577
1.340576
3.7771924
1.7274706
0.50346816
2.763094
1.9564587
2.1505592
0.437558
2.5086536
2.9397962
0.9666604
1.755058
1.5267198
2.6645613
1.2392719
1.6962577
2.2866704
0.8672845
2.3848617
1.354672
2.1567295
1.5387361
1.0976912
2.7117023
1.4570093
1.3664792
1.7029943
1.8663511
1.2194781
1.5617008
1.6673211
0.9567556
1.0190893
2.0265126
0.7331995
3.1401098
1.9236419
0.80452204
0.8204371
2.579936
1.8509794
1.7666652
0.8744575
1.0092254
0.9677962
0.8368714
1.238317
2.5001023
1.384267
1.5141118
0.72782063
1.4308453
3.2659168
0.6468082
0.8540473
3.6487064
2.2580552
1.6819205
0.9389765
0.87162894
2.2414217
1.0345374
1.5303386
2.0322073
1.8367654
0.6328173
0.8313836
6.0815268
3.7142599
1.4906011
1.0006416
1.1834674
1.8704062
1.4854923
2.3841443
1.4706281
1.0287986
1.0771673
2.22184
2.628302
2.0338368
1.4933919
1.1083386
1.0175564
2.3686237
1.9411957
2.5735927
0.5290601
1.295948
2.3399823
1.4477118
0.9399123
1.6381767
2.052588
0.91486156
1.0689838
1.7596027
1.997614
2.411447
0.64083344
0.9686904
1.41415
1.6220288
1.7048459
1.4508021
1.3898048
1.4175332
2.8590927
1.4996924
1.1050386
1.307275
1.8464447
1.258758
0.40993044
3.5809104
