0.6672439
0.7946173
2.9856892
2.6506033
0.09468703
7.3689528
0.5931423
3.2045214
1.8045431
0.9447444
1.4078753
2.8051805
1.9292473
0.69793236
2.470879
2.1918962
0.5072711
0.6985465
2.630985
1.790509
1.0098792
0.6668886
2.8394485
0.548062
1.3049371
1.310116
1.2779093
1.5313183
0.7997327
1.1355213
2.547624
1.1894517
1.5449891
1.4801575
1.6390936
1.3046412
1.3664404
0.88442975
1.1625789
3.1809025
0.46619374
0.64376736
1.293278
1.82252
0.7955951
0.3956242
1.5517274
0.9862483
0.55380404
1.8097796
2.2942505
1.2378666
1.1509228
1.9476852
1.3431627
0.5627216
1.5616301
1.0596006
0.8146874
1.4756666
1.3246355
1.0343996
0.96814066
1.4474003
1.4154203
1.2349694
0.9447611
2.5181787
1.3955497
1.7335529
0.48704565
2.2104197
2.5976338
1.6714815
1.1337574
1.6826856
1.8114815
1.5512866
0.87595165
2.5702271
1.3519323
0.57937026
1.2095256
1.2784691
1.2999223
0.75732887
2.2885475
0.7135557
1.1981363
1.4978349
1.30534
1.202084
1.729444
0.75017273
0.91666996
1.3721638
1.3879058
0.8471658
0.3237723
4.7825923
2.715176
0.80551
1.0253223
1.4153297
0.6032642
2.8405478
1.4905357
0.83602583
0.862432
1.5469723
0.5537354
0.9789505
0.8481778
0.9038737
1.531013
1.6392848
0.8621956
0.42464274
1.9478042
0.80345774
1.68525
2.2139025
1.2167091
0.6245656
1.0789481
0.8003502
1.306033
1.4505239
1.734812
2.0416274
0.5299855
0.87613726
1.3846664
1.7653863
1.439841
0.8825353
1.2809733
0.60469276
0.8723992
6.822114
0.11558566
9.00513
0.02690512
18.508612
6.1508036
0.2685586
5.106719
2.933785
0.8870915
3.1968105
1.992505
0.7463608
2.2614
1.4444118
1.0560855
2.18548
1.2959259
1.211346
2.0421762
1.0665447
1.0689216
1.3401155
2.1045
1.2267944
1.899334
2.1937146
0.988427
2.6330223
0.28787196
8.131265
1.1074599
1.4352342
4.485362
0.23548022
3.444326
1.0539539
1.664117
1.2580564
0.48202023
7.2694416
0.519629
3.3311872
1.098487
1.3033917
1.473804
1.8482369
0.31887123
6.0312877
