0.34132844
0.2915244
0.66642296
0.715931
0.1468414
0.18240204
0.5216368
0.15314975
0.6034079
0.3246636
0.6108995
0.7583919
0.38490075
0.88460124
0.08468769
0.9610011
0.24953076
0.85391915
1.1696174
0.46016464
0.20490146
0.3271081
0.33144197
0.28057063
0.4647916
0.4664474
0.22327237
0.8334093
0.68954515
0.24797386
0.40316442
0.2996803
0.46512768
0.31472972
0.20739174
0.28284082
0.21692641
0.15379882
0.23681657
0.24648844
0.34172758
0.23236775
0.3846845
0.24473919
0.47018957
0.29302984
0.16565576
0.48978943
0.30538458
0.1535035
0.29864132
0.39481753
0.20942187
0.20632175
0.2137819
0.25201702
0.23354802
0.3081273
0.21729457
0.19564569
0.49248594
0.7488448
0.17181775
0.3774985
0.17294835
0.39049828
0.1329326
0.6845123
0.99876404
0.373531
0.2728524
0.20255731
0.29474145
0.26999688
0.18961143
0.21542314
0.46530452
0.6589467
0.13812608
1.0954374
0.622289
0.16842425
0.19494326
0.8627766
1.1880535
0.38178986
0.32807434
0.4987195
0.45186198
0.2876534
0.32164392
0.21518733
0.18147853
0.31397665
0.29283157
0.2716909
0.16784476
0.414103
0.27308983
1.4133031
0.6320709
0.7352522
0.6388916
0.19179234
0.30066663
0.18727185
0.2777838
0.21763982
0.21598232
0.18672553
0.2184472
0.13311905
0.11620899
0.76329595
1.4281648
0.25444022
0.60675085
0.2867214
0.34859613
0.34972322
0.5159138
0.34494883
0.32920825
0.186559
0.16161779
0.26558545
0.36875486
0.3870545
0.24912436
0.3667865
0.41001427
0.13990353
0.20497361
0.10724622
0.30337703
0.24701935
0.18953551
0.4017517
0.49261624
0.1868756
0.13914876
0.19554734
0.20658587
0.28134796
0.2689677
0.8292998
0.46629474
0.3145606
0.4890947
0.20925558
0.50377345
0.12922606
0.45725435
0.23579097
0.39921364
0.113352366
0.37207028
0.33536208
0.46341705
0.26698947
0.49808878
0.65455836
0.17573139
0.20351036
0.2460401
0.21634862
0.2165676
0.41142833
0.18812391
0.12390523
0.13537723
0.26128408
0.33521605
0.12701876
0.19065581
0.22437906
0.26174706
0.13668954
0.15091181
0.32558233
0.14120537
0.28822547
0.18005666
0.13608411
0.22529918
0.15265112
0.2742082
0.12417856
