2.0553055
0.43644416
1.34624
4.962367
1.317645
0.54227597
5.264247
1.542951
1.2097201
2.025357
2.501583
1.9404811
1.6318591
0.5853258
2.479906
1.2646766
1.2285258
2.0326002
1.5476562
1.7914871
0.94685435
1.1620661
1.1440146
2.081336
1.3603957
0.69739604
3.0354457
1.3736674
1.348794
1.2785156
1.3662899
1.3737223
0.93971354
0.9931089
1.4341171
1.4392369
1.6065365
0.85645276
1.5476934
2.3332686
0.9093658
0.56412727
4.510257
1.629629
1.4277357
0.95102054
1.3870962
2.3030396
1.4778322
1.5169181
1.2357012
1.4777999
2.4125164
0.5652001
1.7890308
1.2116559
1.1260847
0.67954844
8.695637
0.6178629
4.5463696
2.0468671
1.666546
0.90184826
2.2967732
2.1185715
1.5872852
0.36717433
1.3121232
2.6140237
1.6519289
1.682401
0.75708175
1.0762035
1.6708038
1.8560694
0.649289
0.47202355
1.5671806
1.8110952
1.6043873
1.2351564
1.5096449
1.029273
0.8333551
2.0922718
1.0676513
1.2256935
2.2587938
0.6566013
1.8223984
2.2066908
1.4284391
1.6634183
1.1667973
4.4856377
0.7886715
3.2391992
2.8605378
1.4519525
1.4171355
2.5902195
2.1361935
1.5248908
0.7236258
3.6076398
0.89728874
1.5546708
0.732574
2.5957117
0.5098021
2.862742
2.1933665
0.8186208
1.5277426
2.7188144
0.43405154
5.2427344
1.9051884
2.2050166
1.5188231
2.7898433
2.3286762
2.7651982
1.581933
2.3142948
1.8777224
1.7274406
1.6589308
2.0142052
2.4113865
1.4128716
1.3853105
2.6578245
3.0463338
1.3348031
0.93307805
3.2364705
2.3783107
1.8746958
1.0655402
2.0911717
2.419439
1.4106979
0.9630947
3.6216063
2.1969442
1.4183825
1.2163658
0.91768026
9.028789
0.08230535
13.625001
0.19952968
16.368065
1.2189074
5.157427
0.015628759
13.075714
1.1920106
3.4701147
0.21628569
5.794545
0.32187074
6.050215
0.24162339
8.685056
0.5804509
1.0717623
3.749767
1.0716419
1.0219882
3.1437628
0.91444135
4.3143396
0.91265863
5.0922995
1.3842205
1.8710356
1.2288752
4.1907554
0.61981297
6.2157893
0.42903614
5.059949
1.854917
0.31418768
2.3672538
