0.5934297
1.2346928
2.079246
0.6848943
1.4693016
1.1623771
0.5687125
1.8501344
1.038219
0.55816364
2.6920278
1.5430007
0.3329066
1.8270301
1.1150907
1.0349358
0.6736665
0.72468317
0.9839108
1.1978171
2.1086345
0.3754734
1.077357
1.7072532
0.45579454
2.0386953
1.0171375
0.8885648
0.32721576
3.0470588
0.24222615
2.671006
1.2757654
0.9539804
0.6435424
0.57640624
0.6957319
6.9624844
0.18737851
4.9975214
0.43119955
0.9812617
0.6953347
0.9141505
0.5529316
1.698117
0.66732013
0.57126063
1.744265
1.4170257
0.28810757
2.0651195
0.6978168
1.1935399
1.1246612
0.7440066
1.4660559
0.59102726
1.5290403
1.0678742
1.422132
0.9816609
0.4787153
3.4784482
0.42487615
0.858054
2.3848124
0.9374431
0.67953086
0.884591
1.4022683
1.1799903
0.82082796
0.6114462
0.7597048
1.8164086
1.2340496
0.30378938
2.6848946
0.4735101
1.109045
1.2257258
0.62179065
1.539003
0.6857988
1.0741535
0.18908173
3.6916661
1.1690071
0.59006655
1.6352932
0.6822269
1.2484186
0.96884155
0.9043598
1.175355
0.6752543
0.61338854
1.4794775
1.3124385
0.40677747
3.4035637
0.45687485
1.7997501
0.42472112
2.416812
1.5132327
0.26844883
2.5530207
0.55174494
0.7003187
2.6752813
0.65003586
0.4583807
2.5248313
1.0936973
0.30213076
2.136838
1.2627908
0.45626235
2.0854228
2.0361156
0.96699405
0.2236988
3.2588
1.1099689
0.355022
2.788362
1.5884424
0.1854296
5.627506
0.9682298
0.19041216
4.0829234
0.6076944
1.3716195
0.27715862
3.8321955
0.71961236
1.1249411
1.3008237
1.3058937
0.41730413
1.647871
1.0734303
1.2000608
0.7951338
0.653919
1.5654826
0.7881888
0.7613136
1.3641794
0.755139
1.1461369
1.0816158
1.2568705
0.9073292
0.69045496
1.4922488
0.8208462
0.4329299
4.197099
0.35169932
1.368671
1.390419
1.233752
1.4824624
0.8599973
0.298603
4.760425
0.78972197
2.0081232
0.3720014
2.0123138
0.393067
3.8694909
0.58033967
0.29927525
4.2911053
0.883659
0.5066567
2.7011201
0.53891367
1.5945317
0.54731685
1.2522963
1.4232938
1.0796204
