0.4352671
0.8178739
0.49141115
0.34482402
0.17500377
0.21700361
0.28792757
0.15367307
0.1352204
0.3397615
0.35405648
0.1841884
0.278639
0.2555266
0.14864208
0.18686482
0.3030534
0.6047094
0.9150337
0.57171834
0.21636935
0.25964826
0.3472459
0.2756532
0.28542322
0.33814305
0.23107065
0.16423564
0.27785885
0.54496014
0.1579001
0.16010626
0.3317664
0.11485865
0.13065144
0.4836414
0.750886
0.53451186
0.20072839
0.43277866
0.19858925
0.20172706
0.20922925
0.25783178
0.18067712
0.1965732
0.16401589
0.26698166
0.19408925
0.15594277
0.25953647
0.202761
0.20281011
0.12893964
0.1540961
0.27803433
0.5422935
0.54717404
0.13034932
0.27908158
0.22099268
0.35757595
0.4286983
0.2165497
0.21781069
0.21115172
0.3121538
0.19480512
0.11990348
0.17465553
0.17424674
0.25963414
0.24810182
0.19664645
0.19305646
0.208065
0.17286508
0.30817515
0.4989571
0.42575368
0.23888397
0.1772553
0.12724882
0.24837357
0.2627322
0.59531766
0.86678046
0.22897127
0.31369972
0.30497026
0.08997474
0.27328193
0.21814093
0.35064292
0.29225382
0.2254534
0.23545116
0.19820958
0.32546562
0.23552462
0.23187223
0.28841758
0.15144068
0.16352406
0.22199616
0.25971404
0.314073
0.4019101
0.7023002
0.99141806
0.7188816
0.49101162
0.23057985
0.2177179
0.28378874
0.21486911
0.31609917
0.31557152
0.3144669
0.3704899
0.24841157
0.20735171
0.24682152
0.27636692
0.20807277
0.22805706
0.20802216
0.23706773
0.25614965
0.18793994
0.29175746
0.1995337
0.085954025
0.23727702
0.19613215
0.10243525
0.23905152
0.24521674
0.16026987
0.15975077
0.18041903
0.26620406
0.7090191
0.80567056
0.6508926
0.29638955
0.20999174
0.3237048
0.25580543
0.23956122
0.12347928
0.24277042
0.12126027
0.56461054
0.7497159
0.3491287
0.2489279
0.29544595
0.11033946
0.11410474
0.31923896
0.34279877
0.14240915
0.32527813
0.22920689
0.15380666
0.35699874
0.21396494
0.34112287
0.15301979
0.20481847
0.36794692
0.33346078
0.21855393
0.7414447
0.5943787
0.22574228
0.21235031
0.3416546
0.20837902
0.2376761
0.31459612
0.15490408
0.19867674
0.46808985
0.87299675
0.45238227
0.16164798
