0.17227966
6.712013
1.9024675
1.5428634
1.7582672
2.7819462
1.3589635
2.8617501
2.1863008
1.6355028
1.7710466
1.2331022
3.8659885
0.07162459
13.165006
1.0766699
0.52362055
5.9006085
0.5650586
3.3870656
1.0184655
3.9013083
1.1501558
0.48013955
4.675695
0.50778925
3.2376037
0.7334163
1.6444685
3.1165278
0.3915529
4.3917856
0.15819561
10.7408495
1.2553434
1.3375995
4.117354
0.38156664
3.9783843
2.132995
0.32987887
1.5733483
1.6192496
3.473887
0.3560719
2.3680968
0.84772676
0.9440362
9.768542
0.30068493
3.4707723
1.7435383
0.70121074
3.101177
1.5260668
0.23525402
7.8697014
1.8966124
0.6326635
3.6127517
1.3794
0.45022795
5.663663
1.7079499
0.5711709
1.4934272
3.2780747
0.24968792
6.8252344
0.634493
0.6217195
0.82572365
1.4642556
0.87643355
1.1066859
0.70379865
0.8019341
1.9687902
0.122401275
4.7331834
2.060176
0.48809505
2.7033076
0.3869583
0.66570824
1.8324524
0.7657738
0.9099481
0.85792994
1.380999
0.9033562
0.31400412
0.51587856
1.2321337
0.89560115
0.82764465
0.61224294
0.5285103
1.1305848
1.0800264
0.2827392
1.820522
1.8645838
0.15590239
3.303351
1.0772396
0.6009047
0.36195698
1.592963
0.51888156
1.1596599
1.0215056
0.5302912
1.9836224
0.9215551
1.2288103
1.3290067
0.60503614
0.9037961
0.88936865
1.4170499
0.43138278
0.26416194
7.2612724
0.14286914
3.366995
1.4874171
0.14764178
6.5886955
1.58569
0.28630424
0.33878076
0.5436127
2.9592392
0.3168248
2.7600245
1.8614562
0.11369133
12.8869915
0.56975543
1.1320064
3.835064
0.25076604
0.5021305
0.64515084
0.9843214
0.1081809
3.3794065
0.44755587
0.63268954
2.4139495
1.3439031
0.24712612
0.9791808
1.3238647
0.7312374
1.0401077
0.5248354
0.9935881
0.7352317
0.24336731
2.0023768
1.1076287
0.37109005
0.50910586
0.64165646
3.719075
0.28625774
0.50089586
2.4613128
0.1814176
1.9536431
0.6948619
0.64652085
0.98452973
1.2142856
0.57528454
0.7347138
1.360647
1.1569126
0.9052354
0.4276846
2.3989103
0.9838817
0.24336724
0.8616452
0.9960097
1.060017
0.48069265
1.2848835
0.6747809
1.068636
1.2554393
1.1046213
0.29763228
3.5064912
0.9167241
1.3267205
1.0798205
0.56456006
0.42121363
0.9355321
0.8361022
0.5176672
1.5783442
0.6373529
0.9839077
0.43192092
1.1178432
1.2361579
0.522776
1.7143841
0.8417394
0.44921157
0.52979636
0.7385501
2.1210973
0.32361954
1.9788638
1.2203765
0.47388968
0.39159638
3.7170706
0.8058445
0.3923875
3.6826727
1.9627645
0.18199936
4.8020663
2.3871393
0.6194109
2.5899558
0.27134454
2.8696795
1.4953239
0.40098828
1.6644254
1.3457496
1.3694552
0.50073683
0.3852919
2.7323003
2.372688
0.5256981
0.65630746
2.123705
0.778927
0.6346291
1.0600994
0.6104229
0.9190898
0.593334
0.7656147
1.2830288
1.707487
1.1196249
0.23751839
2.4899397
0.6367358
0.23330593
0.564427
1.0483558
1.3731441
0.80320287
0.34936842
1.8878126
1.047296
1.1333477
0.6804223
1.3493118
0.787382
0.71546537
0.50768405
1.4499096
0.60103345
0.48336163
0.30915985
0.4030503
4.9576545
0.3613193
0.4795006
1.4847579
0.56887865
0.66758895
1.0463136
1.2413528
0.5338516
0.40691373
0.73158705
1.8594458
1.3417761
0.050212473
10.098776
0.5100326
0.47088462
1.9703324
0.63057905
0.31858706
2.9318547
0.9474182
0.31437957
3.20403
2.1579869
0.18494584
3.9978147
1.195373
0.60771394
0.15531813
3.7464657
1.9987228
0.41036826
1.5329794
1.2215466
1.173177
0.8142162
2.1125023
1.0954084
0.9232429
4.7539816
1.2963829
0.29612064
2.0329096
1.797853
0.5691805
0.80182636
1.09885
1.1844802
0.7753128
0.7486963
1.5394043
1.4167066
1.510411
0.5368186
0.85600054
1.0834483
0.57075787
1.5430117
0.32308245
0.42820933
2.5525117
2.0310545
1.407635
0.7786622
0.6404255
0.9062855
1.9631175
1.8934256
0.18900126
0.4025591
1.76397
2.9173326
0.37407178
0.25891232
1.5162165
1.9035218
0.48941612
0.6808156
0.3541521
1.0461906
1.1869999
0.632015
0.4223408
0.9789872
1.4924691
0.69346094
0.6778282
1.3008058
1.0127653
0.9055628
0.82370687
0.6654631
2.0199108
0.85690594
0.50383
0.7785459
