0.91689676
0.76871157
0.53913665
4.7611885
0.37049842
0.73638093
2.093141
1.3950558
0.6871999
0.5155911
2.7795813
1.7821891
0.6800206
0.85835904
1.0822202
1.2828538
1.5040412
0.6112667
2.0290513
1.5676023
0.34049696
0.91256154
1.2827756
0.77049947
2.8530786
0.7131306
0.80304855
1.0473576
0.9070933
0.7956928
1.4917858
1.0237606
0.5834429
1.5547835
1.3009473
0.5145093
0.85486305
1.5005639
0.36375266
4.865991
0.29486188
3.658494
1.1819954
0.36231595
2.3014266
1.7797776
0.3161025
1.6471794
1.3243853
0.74666595
0.6332656
2.0343008
0.8806418
0.41713685
3.5336416
0.31894016
1.6123282
0.9674928
1.2272573
0.38988847
1.1507654
1.4278107
0.52570534
1.9724691
1.4280723
0.6157578
1.8201306
0.6799937
3.4582357
0.21186367
2.2327309
1.9136446
1.0684273
1.730757
0.61353904
0.7727343
0.97184634
0.7129468
1.1626996
1.3473545
0.58325994
0.6422141
1.36482
2.0277257
0.2711543
2.1564105
2.168316
0.24074222
1.3334074
2.4178758
0.92073435
0.54922825
1.003096
1.69707
1.1198697
1.042922
0.5936407
1.3921918
1.1744246
0.63225436
0.45683295
1.9018782
1.2742162
0.6400574
2.6897
0.7510164
0.39749908
1.7143918
0.9944504
0.5128162
0.976008
1.9789566
0.47170824
0.6627723
2.969355
0.7213512
0.677776
3.0613556
1.6648743
0.5633408
1.7108076
1.4239954
0.5350454
1.5286082
3.046426
0.35562676
0.49901077
4.263518
0.65205
0.34714466
2.069652
1.2729893
0.5997191
1.1589136
1.2257713
1.1431906
1.0213661
0.6904367
1.0856918
0.7231978
0.90999305
0.63720274
1.0139842
0.6766051
0.81264096
1.3593366
2.029339
1.1092765
0.8227344
0.83587784
1.7901669
0.41079298
3.716134
1.4250495
0.69773936
1.223942
1.1987503
0.9764474
2.4497015
0.53379214
1.5715847
1.1869941
0.69721556
1.3885103
1.6027608
1.3198407
0.68858296
0.82434
4.5138454
2.9642696
0.2275386
6.7871933
0.8727044
0.33044195
2.6146214
0.7979286
0.7199281
2.6274884
1.6323482
0.41521567
3.0779397
1.0075119
0.8658868
1.041242
1.0621881
0.3682645
1.1228693
1.3375357
