1.5602772
0.65043026
0.7185036
2.5436208
0.7583784
1.50511
1.1025496
1.392472
1.261979
1.084959
1.5071981
1.3259708
0.94818205
2.5873723
1.5786855
0.8977141
1.9302545
2.4649749
0.6193364
1.4675276
2.1316748
1.8149753
0.86859196
2.913031
1.3872702
0.40964726
2.4316392
1.3185025
1.1553915
2.209131
0.4041096
3.2522206
1.4113839
0.93262255
1.0344424
2.5508013
0.72425276
1.8785834
1.0649312
0.83761406
1.1018658
3.399078
0.16860816
4.5717096
1.5743263
0.65189457
2.585391
1.3122458
0.7027529
1.6650505
1.5326905
0.89270794
1.7515314
1.9615809
0.5355933
2.3626757
1.3899316
0.7194675
1.8644135
2.2424748
1.3864529
0.89144677
1.3299551
3.382276
2.6161304
0.31064236
2.398384
1.1562654
1.0329399
1.7039331
0.82840157
1.9287786
0.7611174
0.9791966
0.9194625
2.756315
1.3788188
0.27265632
2.8297768
2.0954924
0.27977592
3.4363265
2.3986259
0.5448648
1.746087
1.8741086
1.681186
0.5641851
3.636962
1.4972866
0.9215336
0.6672301
1.4205139
1.5057259
0.357012
1.6523871
3.0188248
0.50666875
0.9537922
3.559863
0.3479218
1.2457557
1.8672223
0.8459047
1.1387928
1.7220097
1.3854374
1.0243368
0.8585081
0.96570724
1.1797023
1.7332383
0.84315544
2.1895804
0.8061049
0.90650564
2.2291875
0.68088263
0.8877176
3.2267666
2.01577
0.86445665
1.0702683
1.5452178
1.3493934
0.68217987
1.9822673
1.1433196
1.2850778
1.158366
1.3861253
0.72614074
1.0618019
2.2118406
0.6393622
1.2804494
0.600537
1.1783924
1.8444335
1.738667
0.51823497
1.476256
2.056151
1.2776512
0.70226717
1.2444726
1.1434705
1.8514787
0.7903855
1.3331194
0.80037403
0.5461482
2.5511198
1.4303851
0.49826074
0.40560818
3.4982662
1.7891266
0.6045797
1.142036
1.3289198
1.4801531
1.6736772
0.6905602
1.4648876
2.5127351
0.8399488
0.7150725
5.025389
0.43073404
0.3149411
4.614934
0.7809028
1.1067204
1.8582056
1.2735238
0.77414477
0.93776584
0.7749383
1.4009686
1.2142292
2.3992891
1.022763
0.2778129
3.98734
1.395279
0.6650324
4.2330914
