1.3253142
0.23086204
3.0968504
1.902401
0.14274213
2.9568489
1.3420546
0.5666746
0.4981313
3.1629348
1.3591534
0.36450338
0.9852756
1.338367
0.83655876
0.9664552
0.91933626
0.63500875
1.1862987
0.5582903
1.7343946
1.0742961
1.0018874
0.49788967
1.3401476
0.43304342
0.45327652
2.97153
1.1150577
0.19435418
5.2440667
0.54124886
0.3887486
3.8371139
0.32372332
2.6688447
0.22685318
3.5065615
0.80015874
0.4795522
1.7070438
0.21510455
2.9218652
1.4925268
0.7770014
0.69957066
0.7518438
0.91156673
0.38655037
1.7855017
1.4980795
0.17342436
1.6010442
0.6645196
0.11783075
6.588209
2.068322
0.15975195
6.3276825
0.21619943
7.6956143
0.4035619
0.86789083
1.4445134
0.12815318
7.149768
0.33835465
4.495886
0.36493045
0.68969357
1.9904636
0.16081053
1.2209867
1.4189956
0.8828486
0.23212391
1.4679537
1.741723
0.2898391
1.0352114
0.2525354
2.0846558
1.6452522
0.15110654
2.6847386
1.8282061
0.55064034
0.43956986
2.5416603
0.802829
0.37951046
1.1746368
1.8186569
0.9016642
0.2416709
2.636932
1.1923395
0.09603156
3.7490785
2.447083
0.37005326
0.7791929
2.1343317
0.5296616
0.9200307
2.0602589
0.95991886
0.5497083
0.62756205
1.0627172
0.85994637
2.7083545
0.22539464
1.9352019
0.8000038
0.494478
3.364061
1.3239198
0.53146195
1.457448
1.6123668
0.48190272
0.6115358
2.223116
0.79687047
0.26333696
3.112425
1.2205126
0.70487
0.75427216
1.9149233
1.5698568
0.72195935
0.9537331
0.59389484
0.99629635
1.0595881
0.4003235
1.4763463
0.79981315
0.63129413
0.7246546
2.6058047
0.35003614
0.707973
0.804142
1.6561749
0.43900907
1.6120582
0.5329995
0.49605525
1.6349167
0.2757539
0.9218768
1.7256465
0.31037718
3.4039054
1.1316526
0.3011595
1.0917591
2.1009908
0.44478858
0.38194877
1.4511291
1.3943357
0.95022476
0.26952773
2.7063446
0.6320954
1.4256265
1.1534994
1.3059144
0.86739254
0.9511295
1.3739419
0.86283576
0.5161096
2.1449194
1.4881779
0.14371504
2.0956388
2.4684713
0.43776557
0.49696714
1.074273
0.88480365
1.2223483
0.51843786
0.7760916
1.1738989
0.81701577
1.9541167
0.31052396
1.2938876
1.6030512
1.3621039
1.0175024
0.8371202
1.1337136
1.0032098
0.61087227
1.8683124
1.1929221
0.6804799
0.2007209
2.3628752
1.494189
0.298078
2.4886136
1.590049
0.961935
1.3997964
1.3712679
0.8659893
0.2756723
1.6838126
1.8353367
0.51019305
1.638521
1.8734803
0.93927807
0.56083274
2.0123854
1.2170045
0.4983951
1.3977768
2.4073205
0.62527645
0.6443115
2.0277581
0.62011665
0.8004341
2.5466177
0.6295061
0.60142875
2.0020773
0.25702184
0.85176414
1.2017957
1.1821651
0.82431257
0.2990437
3.2290263
1.5853298
0.12800315
0.48967293
4.663205
0.4903246
0.25909746
2.3207276
1.1212878
0.47191173
0.36866754
1.3928612
1.5208869
0.105949655
2.3933291
0.9336978
0.47180963
0.7266152
0.70356345
0.7549813
0.3307972
0.6456583
1.3873053
0.16922727
0.3301584
2.4589415
1.8014202
0.13956873
2.6638541
2.230682
0.30768448
2.030902
0.38169092
0.9352505
1.9359393
0.40880698
0.15766193
4.014391
0.95545894
0.15683167
2.6041427
0.6881298
1.1618571
0.84705913
0.41453594
0.71486855
1.9849708
0.99344265
0.46685448
0.40717196
0.8751993
1.3373407
0.87586194
0.9689762
0.3113159
2.4386408
1.0608898
0.7626403
0.96866465
1.115558
1.2787573
0.70712256
0.4359725
1.2855558
0.55063134
0.70528126
0.7199995
5.254175
0.22384863
2.959784
0.40059972
0.47544885
0.74539495
0.7906201
1.3348119
0.7108079
0.7354393
0.5305449
0.8782071
1.0758939
0.63905346
1.4572732
0.36422718
0.9960048
0.9079082
0.58834434
0.9631387
0.34423265
2.1876116
0.87154245
0.62610924
2.1544418
1.3648518
0.3022262
1.23507
1.4864625
0.8799695
0.12641695
5.550407
1.2458789
0.21703228
3.837037
0.62077975
1.0649319
0.57350886
1.6369095
0.5673382
0.20443095
5.2146626
0.54262227
0.5658202
1.7478055
0.24169618
2.4635186
1.2335662
0.28818226
1.0505048
2.3701406
0.2925884
0.5990775
4.0178413
0.97833526
0.37074286
0.50023305
2.9557955
0.4269701
0.7820445
0.6612061
0.9290056
2.3544784
0.46172738
0.46488708
2.2412353
