0.058012895
0.08948347
0.12218437
0.08083957
0.056562137
0.1126123
0.12112196
0.13492827
0.0402657
0.050663516
0.07534766
0.034325134
0.17158976
0.454787
1.1948296
1.3454747
2.4551206
3.573409
4.859093
4.7143893
13.087839
3.1150513
4.3491645
7.304435
4.863558
3.0838883
2.405917
1.8871663
2.1233222
1.9894702
2.218291
1.9091805
2.366311
1.93507
2.2338858
2.0863543
2.2873907
2.2664974
2.3083515
1.7729695
1.7590303
1.8317413
1.7713075
1.5994711
1.7290269
1.6618589
1.5795479
1.4460123
2.2120662
1.9434952
1.7908973
1.7879888
1.6397331
1.3257365
1.6197433
1.4047713
1.6243255
1.5084817
1.2933667
1.2599428
1.2835042
1.1995834
1.0714223
1.4023669
1.0086997
1.5692341
2.2058287
1.8963306
1.3367468
0.77745444
1.1867619
1.8707113
1.2419205
0.86577994
1.4367551
1.0645493
0.5851016
1.0748714
0.75551397
0.58222455
0.75530124
0.40293318
0.5311451
0.53387785
0.53375024
0.92491007
0.6387083
0.6552893
0.7158496
0.30313253
0.3802271
0.37330428
0.64726347
0.8369692
0.8628096
0.4028728
0.40118623
0.5062103
0.45666343
0.58246416
0.93201023
2.0623965
1.2847267
0.82678086
0.8028625
0.95235527
0.8386083
0.33264622
0.45273978
0.5564624
0.4115281
0.26812667
0.27029237
0.31260318
0.62729967
0.7121726
0.7032908
0.36545944
0.28977203
0.38977408
0.5495405
0.1616885
0.13814989
0.18082115
0.23374431
0.18947366
0.21499905
0.292289
0.36581057
0.3744128
0.24366681
0.2365466
0.36440188
0.29954287
0.23823594
0.15814872
0.13384688
0.25087184
0.26709497
0.33046654
0.14960535
0.23228139
0.4929009
0.14178552
0.31797153
0.37056202
0.20663893
0.28406614
0.15530252
0.29363683
0.16618134
0.24191067
0.12735327
0.1318454
0.25877225
0.22566667
0.14773008
0.34270716
0.2784222
0.21290776
0.16526267
0.15628286
0.16260682
0.2122214
0.20306674
0.22892722
0.2159347
0.41738918
0.2626608
0.2014343
0.2567412
0.09422465
0.30306262
0.38820383
0.28745928
0.14557338
0.2868468
0.42724162
0.49026078
0.22877827
0.26184657
0.46112418
0.22954024
0.105156735
0.21347389
0.2452917
0.18071364
0.123960786
