0.14249724
0.10086223
0.21345669
0.221832
0.11962796
0.21485326
0.25502926
0.10967646
0.13632455
0.105069265
0.14991756
0.10713685
0.0955185
0.1413978
0.1602461
0.40173027
0.3392935
0.183015
0.5738207
0.583295
0.06976345
0.5443274
0.9568723
0.6838863
0.18876354
0.16087201
0.35939518
0.3180036
0.44255987
0.3184321
0.29118836
0.14665559
0.12748331
0.1993094
0.121493325
0.14583197
0.19257231
0.18243879
0.24616349
0.39726433
0.428482
0.29240987
0.14337924
0.16419993
0.28880057
0.19111729
0.10230584
0.20533839
0.39546427
0.082016766
0.21518008
0.12450722
0.13347355
0.19001316
0.19492242
0.31800073
0.44837344
0.26403984
0.2722212
0.45240152
0.122048564
0.26373297
0.23906274
0.06967473
0.1479857
0.15164576
0.20654103
0.3825613
0.49298072
0.19469401
0.25935763
0.14975649
0.243208
0.33976537
0.092064455
0.25649557
0.17287377
0.331251
0.29458472
0.23209348
0.26070702
0.108673654
0.11912537
0.10930513
0.1766877
0.34685734
0.31631353
0.16104351
0.14854601
0.10744132
0.108708784
0.104832314
0.18387641
0.14310807
0.09212349
0.16100425
0.15612146
0.18444252
0.18449964
0.13379383
0.08179022
0.15160298
0.17571227
0.120238185
0.11101732
0.16331571
0.14672819
0.14279765
0.17796198
0.07398552
0.278668
0.10546629
0.56264055
1.0481471
1.0364901
0.15015264
0.2115879
0.18650615
0.25231165
0.27193946
0.18391556
0.30305493
0.2793515
0.405837
0.7097636
0.9087662
0.3586006
0.29097417
0.4826364
0.124199696
0.27756542
0.3095965
0.060642153
0.15077569
0.16905557
0.13852897
0.14060429
0.32906502
0.4422667
0.18644229
0.24289472
0.19893718
0.21394415
0.11558522
0.22185194
0.15384069
0.22026598
0.11273323
0.15801245
0.2997105
0.10254644
0.1789874
0.16751379
0.113187894
0.17980553
0.14771731
0.09533237
0.14080717
0.08003071
0.23628004
0.15373619
0.17527032
0.13457549
0.29710263
0.15024944
0.16701737
0.13507074
0.12515484
0.24447273
0.04517348
0.08897604
0.16157945
0.13205296
0.1846692
0.12717536
0.14778635
0.24582626
0.14422949
0.16290233
0.10855683
0.17362148
0.48271662
0.7224007
0.2573042
0.115629286
0.16875298
0.21975617
0.12711999
