11.059116
3.3239732
0.015548603
5.910412
3.9030492
1.8530436
10.164189
3.4568844
10.992601
3.801031
8.972456
0.536299
11.733694
7.380106
0.15555352
9.169427
6.0761266
0.30633876
10.360636
6.705039
0.3921823
10.492321
6.266334
0.6410199
9.328721
2.7283325
6.688158
2.0512996
4.272995
2.831003
3.8435194
2.854807
4.8350444
1.4567301
3.843838
2.960136
3.2648454
3.0093043
2.1829557
3.3300633
3.616559
1.3948009
6.0892444
2.6372416
5.607125
3.1122744
6.278168
3.6233225
2.8536625
3.9104674
3.5938587
4.137573
3.501493
3.7449093
3.5376391
2.240918
6.424387
3.5535665
3.9303565
4.8144
2.6563551
8.424015
6.325245
3.165614
2.5860245
3.5249245
3.7177534
1.9661264
3.359151
3.1403642
2.741355
2.2492192
3.301292
3.027009
3.6765473
2.8597383
3.294058
3.7598872
3.0239334
4.686294
3.6900747
3.949995
2.5964088
5.7636776
3.0375912
2.6773522
4.137268
3.2449384
2.7259305
4.153908
3.4927788
3.4062421
3.8258023
3.9422817
3.8226345
3.3203652
3.6367104
3.2960815
2.7461362
5.9312496
4.3668985
2.691659
5.477953
3.3338382
3.2042005
3.9926217
3.6030617
3.2011702
4.980214
2.8119586
6.033951
4.270879
2.9000745
3.1201618
2.2053394
1.6827518
2.1641169
1.9080458
1.4517357
2.038093
1.3869531
1.7246106
2.2403677
1.8067298
2.0434885
2.1413965
2.2820575
1.3771093
3.1907036
1.1973884
2.7683399
1.3078847
1.7262053
1.747381
2.0517716
1.3837801
1.0555873
1.8007525
1.134336
1.4790754
1.0255749
1.3801713
1.020885
1.6049919
1.2132785
1.3063352
1.1293879
1.1155238
1.0529766
1.0627767
1.480233
0.9536636
2.0005345
0.9183835
1.2026691
1.552457
1.0348299
1.2071012
1.4284939
1.3148444
1.2973323
1.0773213
0.9919474
1.4076526
1.2689137
1.1791831
1.199714
1.2078837
1.7820537
1.3238746
1.5248972
1.1661965
1.6852739
1.044118
1.9667151
1.0474315
1.9324967
1.4904497
1.0293615
2.7161288
1.3265052
1.3301404
1.7916083
1.0758054
2.1413713
1.2042794
1.3902006
1.8174593
