0.17648831
0.25833938
0.37655586
0.08627642
0.17818668
0.22451611
0.26511937
0.20262372
0.12239031
0.20675184
0.12685467
0.40192956
0.5542297
0.18022783
0.22903687
0.27613044
0.5715748
0.39052814
0.08520772
0.19171047
0.22361436
0.315772
0.7075979
0.34566906
0.2760857
0.30222258
0.15527953
0.22735548
0.2342264
0.114347324
0.17808199
0.3442118
0.34586918
0.16976967
0.09770924
0.23605832
0.23559064
0.250201
0.14247055
0.35725042
0.3245784
0.14328659
0.26708618
0.14052679
0.18097788
0.20767626
0.28774968
0.1724561
0.37463656
0.3076389
0.12960088
0.20361967
0.25685146
0.22070724
0.18254335
0.14817235
0.12848073
0.20122452
0.11761466
0.08563694
0.35775334
0.5914855
0.5211711
0.1636799
0.28152496
0.1669124
0.24870628
0.22678348
0.17070825
0.27627274
0.19796169
0.11367485
0.1196162
0.1795867
0.10699415
0.1182699
0.14514786
0.17719166
0.24929407
0.20356607
0.18347287
0.33455712
0.2391505
0.11585669
0.09490597
0.13396673
0.12913337
0.13574219
0.23229784
0.13107952
0.14707741
0.26807964
0.15571108
0.1525055
0.14596337
0.19393793
0.2607721
0.13956444
0.14704554
0.23613054
0.35403946
0.28595442
0.1731071
0.18410097
0.151025
0.16166869
0.15673734
0.257617
0.32251495
0.1074566
0.35037023
1.0694504
1.4847699
0.8790494
0.50878084
0.2876085
0.36724305
0.26901448
0.30085224
0.19748603
0.331669
0.23600441
0.2873236
0.20464411
0.50205374
0.38072407
0.22780801
0.20846969
0.2301839
0.21648839
0.1916416
0.26526093
0.14720069
0.2799698
0.35154757
0.15879466
0.22064209
0.18202752
0.25050837
0.17656687
0.16102771
0.21513313
0.39165953
0.14959487
0.17431885
0.23118785
0.170865
0.16561745
0.16658115
0.17031023
0.12653577
0.12169995
0.08732878
0.15812273
0.14653659
0.23330258
0.32864317
0.47805437
0.4963547
0.27750176
0.15302444
0.098127395
0.10919916
0.222222
0.31181702
0.27417964
0.154654
0.18718407
0.2780978
0.2860753
0.10877612
0.29312736
0.19222763
0.21444985
0.14684424
0.18910095
0.15141757
0.15237084
0.118687876
0.26848933
0.21809524
0.14200228
0.18239102
0.098300755
0.14715067
0.1749306
0.18683189
0.20443985
