0.40531242
5.132073
2.9555655
0.37213272
1.4231452
4.670313
0.53536105
0.96922064
2.4576735
0.50574166
2.5861185
2.3637495
1.2138665
0.14269435
5.1605496
2.977197
0.9646971
2.693831
1.8178462
1.7426193
0.7401371
3.2234387
1.9486363
0.3959386
2.3858392
2.0946257
1.5516075
1.51917
0.7671119
0.8536244
3.1813207
0.73419577
1.0117239
2.371026
1.1530302
0.8877295
2.892534
1.9223053
0.27983946
4.8589168
3.8811808
2.9923515
0.2981417
1.9825794
1.3167515
0.37381274
2.0973916
1.8095096
0.47128063
5.6928906
0.39719456
2.5823848
1.5373359
1.2463868
1.2946335
1.4082155
1.5112512
1.5487144
0.3634404
1.101516
1.2331269
2.4691625
1.190445
1.8893365
1.6251063
0.32217082
7.104005
2.1292582
0.4261602
5.3875074
4.292288
0.34196714
0.41533184
5.9746637
2.869631
0.5824124
0.50505495
1.8423543
2.4679844
2.1626585
1.2270011
0.3477165
1.8810663
2.5910814
1.4531465
0.32603768
0.74804276
1.9928405
1.8327228
0.6807061
1.1078093
4.6876774
1.7278018
0.6701418
1.2396374
1.5381557
1.4395323
0.29380593
5.189127
1.6500473
0.40322816
2.4516468
2.821962
1.7130494
0.20995292
2.9175017
1.9689673
1.3073447
0.9610766
1.63209
1.7897307
0.7788106
1.689611
0.67061836
0.78375524
1.3675106
1.3809209
1.6511208
0.34321454
2.2298717
1.9255084
0.6175433
1.3942305
2.3262658
2.1461792
1.2175071
1.2157182
1.8514817
0.9470999
0.9672394
4.1148405
2.2404623
0.14150536
7.0339866
1.5964928
0.8056804
1.2204187
1.2194569
1.6569715
1.7055067
1.2060971
1.549775
1.9027814
0.66729444
0.91762733
2.6460173
1.9287395
0.69237185
0.6798328
0.51880896
2.3434122
2.4494023
1.1754336
0.85162866
0.535076
1.1461306
1.3572286
1.2741036
0.90976465
2.5526664
2.2476075
0.48304087
0.7212103
2.1610513
0.23228043
3.8760653
2.9260364
1.0165918
0.12194283
5.9210534
5.112182
0.25113457
1.8606842
1.6130847
1.0194287
0.23220256
5.1751137
3.2863533
0.7058706
0.60695255
0.97148985
1.4102211
1.2405229
4.092418
2.5663393
0.28583932
2.6389542
2.7108533
