1.6045635
1.0428706
0.55091673
1.14466
0.82384694
0.8579764
0.6120958
2.3880873
0.35125685
1.5810082
1.0535512
0.4765998
0.86479026
2.063799
0.42937022
1.2390003
0.75378287
1.3726482
0.58310354
2.591528
0.46003303
0.81090176
1.5107353
0.42225674
0.7702975
1.657117
0.41285825
1.1434848
0.8123404
1.2325706
0.36682248
2.7076442
0.8661994
0.8943286
0.2949675
2.8574452
0.65399873
0.8411522
1.3741819
0.4112516
1.1667687
1.0796676
0.97419107
0.87129855
0.8710442
0.99128145
0.5310998
1.034256
1.6451297
0.8357446
0.7888981
1.5043812
0.45630947
2.1956
0.5040902
1.2704073
0.48469216
1.539952
0.33446074
3.0053449
0.49544108
1.1420988
0.82863975
1.3894877
0.36740333
1.4432696
0.9034941
0.3405251
1.5076029
0.63813
0.5125706
2.7560792
0.8372851
0.3556862
1.5052836
1.3626647
0.64624846
1.0931406
1.2352768
0.46359032
1.1596192
0.85637736
1.2694851
0.60229945
1.4808049
0.3630036
1.5256003
1.1753452
0.71521914
2.3552594
0.38950765
2.0718954
0.69164944
0.6141373
2.2692957
0.62924445
0.6350122
1.0383248
1.2853905
0.62359834
0.91488224
1.4951124
0.57873404
0.4599629
2.3408484
0.5497539
1.1500976
0.7522715
1.356767
0.56651413
1.253026
0.9500965
0.5420673
1.11693
1.0520576
0.44736195
1.0936079
0.99884814
0.5295826
1.3887115
0.69545424
1.8851378
0.59972024
0.6919073
1.7919625
0.30081728
2.8733888
0.868832
0.587952
1.4892571
0.7428342
0.6411121
1.1405499
1.2586985
0.62788945
1.3045874
0.60716754
1.228759
0.7641095
1.6007538
0.45669842
2.280807
0.3463666
1.7236865
0.91942596
0.75487375
0.8506848
1.4786015
0.7577746
1.0532624
0.5974288
1.3861718
0.36422914
2.222379
0.53885865
1.578457
1.5253289
0.3435731
1.4281116
0.6275651
2.2041566
1.0034046
0.3680421
1.5788457
0.96189153
0.8710196
1.397747
0.27038658
2.133069
0.48602661
2.2394495
0.93755746
0.5486472
0.5415549
1.6038821
0.5264802
1.2908676
0.4365545
2.2882547
0.4673046
1.1859697
0.73831725
1.6640685
0.5608345
1.0795453
1.2848008
0.9298166
0.7963193
