0.8618676
1.1688089
1.1352472
0.8247305
1.0073893
0.906974
1.0782969
1.0780591
1.2586584
1.4752902
0.9781792
0.93625194
1.8147657
1.4597849
0.91298485
1.0118246
0.8271331
1.0957581
1.071944
1.3510084
1.2307873
1.2423515
1.3542051
1.0760658
0.99652475
1.0329509
1.2128036
0.8864239
1.2453146
1.2262896
0.99925065
0.97870946
0.96094704
0.7801662
1.0825921
1.2345265
0.932128
1.1629634
1.4494869
1.1370807
1.2370867
1.4665339
1.0440142
0.91507936
1.072408
1.0888017
0.8781873
1.0701932
0.98479116
1.0511252
0.806963
1.3575673
1.4584328
1.0772612
0.9658135
1.2597966
1.249825
0.9268552
1.033712
0.916791
0.83741343
1.0641725
0.9040433
0.8224493
0.96005374
1.1452624
1.2842946
0.8160843
0.9632519
1.2501152
1.1510029
0.9174625
1.1264173
0.9579703
0.93662906
0.8274003
0.819547
0.9551258
1.4602073
1.1894679
0.6528715
0.73992115
1.0463822
1.0776157
1.1369735
0.95012546
0.75518465
1.1293968
1.1567575
0.9764097
0.90524733
0.7283219
1.0117834
0.9055922
1.1199741
1.3909407
1.0100977
0.9350412
1.1620314
1.2456422
1.064923
1.0883228
0.9887724
1.1120371
1.0973332
1.2349832
0.7050128
1.1624501
0.93567276
0.9233542
0.97126484
0.9893924
0.8249881
1.032075
0.92271054
1.0024948
1.4747982
1.4959466
0.89772
0.90977573
0.8905847
1.1612198
1.139685
1.1018045
1.0252323
1.9141204
1.4859258
1.08043
1.8140461
1.2203481
1.0883865
1.3952677
0.8951106
0.86481464
0.9116304
0.95557964
0.9461246
0.9308118
1.0434803
1.0321153
0.9540715
0.9069729
1.2382842
1.1428688
0.9349498
0.93901074
0.98268056
1.0797569
1.0651836
0.92350817
0.879425
0.9336535
0.6370627
1.4062158
1.2376657
0.7432251
1.4318657
0.99746597
0.92703
0.8625132
1.3139035
1.0557439
1.0440023
0.9851838
0.8500984
0.8751832
1.0917065
1.5423648
1.6522416
0.9214046
1.358706
0.93345773
1.1661756
1.5482543
0.80940115
0.8976057
0.97524345
0.7109786
0.8019572
1.3589907
0.9973649
0.9385934
1.0579362
0.9793596
1.228255
1.4720409
0.9294878
0.834548
