0.88388956
1.0894607
0.9392082
1.1463697
1.234266
1.8510034
2.1975646
1.1008955
1.3304532
1.2419704
1.0015434
0.81438184
0.93473965
0.88280743
0.91965747
1.2307221
0.99876857
1.152596
1.0285313
0.7902402
1.2058821
0.81944877
1.0636566
0.87306255
1.0712953
1.2131532
1.0513101
1.2578882
1.5790958
1.4252821
0.92961115
1.2456169
1.1695216
1.1840092
0.9298866
1.0241764
1.1160693
0.8695235
1.0363603
1.180944
0.9367357
1.0009795
0.82829356
0.89657426
0.9561452
0.80575955
1.3307487
1.1483037
0.7912923
0.95282024
0.83777314
0.96626586
0.780169
0.7536572
1.047087
1.1846007
1.4170846
1.1687759
0.8105297
1.0062038
1.2338835
1.4205008
1.833497
1.287762
0.9814851
0.89681095
1.1157528
1.0980426
0.99729705
1.0956483
1.4567692
1.8035339
1.4050956
1.1921468
1.0036963
0.8785601
0.97244644
0.9947408
0.8244103
1.086627
1.1221446
1.2303646
0.90299356
0.87932396
0.8603554
0.97443306
1.038958
1.0748838
0.90567744
1.1821193
1.0896944
0.9832844
0.98249996
0.9395598
0.78229046
0.8662211
1.064285
1.0562847
0.99414706
1.2022002
1.0829293
0.8110533
0.9634914
0.8647288
1.321082
1.1248212
0.8570882
0.78729665
0.884956
1.1659966
1.007089
1.2279363
0.9819386
0.83585364
0.96898776
0.84260726
0.95431274
0.943537
0.9896073
1.2621868
1.0307717
0.87596846
1.1247609
1.1345981
1.0403906
0.9029572
1.0799624
1.016954
0.94217277
1.0227644
0.9641571
1.5336636
1.2794254
1.1468034
0.73948836
0.81242836
1.0933089
1.1089196
0.8283726
0.7842361
1.0548077
1.0322459
1.0605922
0.9067656
0.9117003
0.93348646
1.020764
2.264509
1.919669
0.9104723
1.3121128
1.0742142
0.72984487
1.1335036
1.1173545
0.8850837
1.1510265
1.1399074
1.0595963
1.0126066
1.0000606
0.9627899
0.9252845
1.0765629
1.3590534
1.209755
1.1500386
0.9450991
0.88887036
0.6421553
0.838086
1.0956702
1.540751
1.7469479
1.3453853
1.0233928
0.9012369
1.1875789
1.0624843
0.9544028
0.92151284
1.0939158
0.9287511
0.8848412
1.1345878
0.9766091
1.1168032
0.8186866
