0.48201737
0.73806524
0.74262387
0.46276054
0.5347933
0.636953
0.4753026
0.63685596
0.7840338
0.82797575
1.0597618
0.7876351
1.1444757
1.1216185
1.11515
0.5742136
0.5713718
0.45474303
0.54672384
0.78436065
0.9876382
0.5606608
0.5992893
1.0069096
1.2958459
0.85903454
0.6709319
0.6534933
0.6498194
0.60590065
0.68300843
0.46676543
0.84482
1.2308285
0.7409418
0.5388155
1.212674
0.66140306
0.6543195
1.2558279
0.61085826
0.4747457
0.64288616
0.58648837
0.484702
0.5968719
0.83047247
0.64172715
0.62479556
0.5632185
0.47263503
0.7862487
0.52092385
0.35202894
0.41584986
0.6329656
0.83220977
0.8451991
0.7040193
0.7207293
0.9551389
0.47045282
0.44655663
0.64477575
0.36681038
0.4737066
0.80726314
0.3947884
0.5239819
0.6003779
0.5004382
0.43428808
0.39287922
0.6695862
0.44986778
0.45527855
0.9008956
0.88578176
0.60418034
0.6657878
0.6061262
0.70226556
0.68164694
0.69836736
0.6146176
0.6455762
1.0212814
1.3270051
0.76304406
0.64136815
1.1363336
0.8691961
0.53880155
0.87887704
0.7758206
0.9438704
0.68387425
0.54079163
0.4993884
0.435763
0.7439389
0.8906553
1.2072651
0.7512934
0.536948
0.66114515
0.777484
0.9038835
0.45248696
0.5868916
0.48799944
0.5280389
0.54110694
0.4457436
0.64056253
0.50468934
0.52081084
0.7542764
1.3132489
0.7815092
0.40667948
0.70768774
0.42977077
0.540706
0.55537117
0.82718533
1.0014151
0.92173916
0.7509804
0.9101785
0.6289784
0.49306569
0.6401007
0.6193509
0.4954622
0.82877266
0.9320596
1.617546
0.7501857
0.33735436
0.77391607
1.2686577
0.79299825
0.640058
0.58171546
0.56128716
0.4492518
0.47745943
0.63562447
0.64309776
0.7935719
0.69206893
0.5571766
0.59771276
1.294009
2.0364199
2.212191
0.8577517
2.290694
1.9927468
0.9703159
0.8414061
0.66398925
0.7685632
0.6286385
0.86456865
0.7078287
0.95147836
0.6177176
0.6496631
0.877552
0.69251347
0.584086
0.47069925
0.55217355
0.55400336
0.6490511
0.8800026
0.66613936
0.6864787
0.54684556
0.5628471
0.69103056
0.83111095
1.0849458
0.52777284
0.48682496
0.55358166
