1.324727
0.8211432
1.3698976
0.9054876
1.1993408
0.94748104
1.1276904
1.0253718
1.1508629
1.0163558
1.1245582
0.97979295
1.1720016
1.0186095
1.0687938
1.0209134
1.1403942
1.0269823
1.0866961
1.116883
0.9289664
1.2387717
0.9581126
1.2277181
0.95043504
1.2932734
0.9547483
1.2213174
0.87377393
1.2906826
0.9082267
1.2020605
1.0360082
1.026072
1.1505877
0.95892996
1.0472271
1.1100948
0.9424068
1.270372
0.8676703
1.2771907
0.86512816
1.2835041
0.8543481
1.2514105
0.9514328
1.0268542
1.1157453
1.0620458
0.95080847
1.2101176
0.9290103
1.0706264
1.1076277
1.000288
1.125454
1.0628568
1.0719147
0.9938949
1.1255363
1.0402944
1.1222998
1.0978552
1.0914338
1.0697119
1.0126655
1.1262658
0.9825516
1.003041
1.0679046
1.0510485
1.0666618
1.019888
1.0903277
1.0865477
1.0416665
1.0534815
1.0480349
1.0934362
0.9929991
1.1637821
0.9541306
1.2229503
0.9463502
1.1999377
0.9561038
1.2770929
0.92305505
1.1922214
1.0106719
1.0746443
1.1266946
0.9457138
1.2866765
0.91973364
1.2896512
1.0098467
1.0841994
0.98121303
1.0442612
1.0386506
1.052499
0.9827194
1.240758
0.9204428
1.211499
1.0038118
0.940661
1.1621895
0.9138823
1.2503054
0.9946793
1.1148365
1.0687222
1.2013981
0.89920115
1.2062461
0.98136365
1.0350668
1.132577
0.9320719
1.1354429
1.0148847
0.9974405
1.0733957
1.1009212
1.0337884
1.2736742
0.83568853
1.3350728
0.8097739
1.3507738
0.9238275
1.1522492
1.0316362
0.92752445
1.2121035
0.99626154
1.0909159
1.1460284
0.9054403
1.0545509
1.1624868
0.9572463
1.0046728
1.0594518
1.2033021
0.8983814
1.3064152
0.90056694
1.2379924
0.99373704
1.1169562
0.9760109
1.1511916
1.0021541
1.054014
1.0110846
1.1021552
1.0411508
1.0945485
1.1355817
0.95633423
1.276614
0.80715483
1.4578637
0.8107499
1.2732162
1.0159245
0.9775455
1.2890149
0.8065275
1.2695324
0.9787039
1.1021109
1.0286839
1.009896
1.168377
0.89987206
1.2872028
0.8502182
1.1804408
0.9841895
1.0343486
1.1369698
0.97226435
1.1720247
