0.5996531
0.960552
1.3643284
0.4806527
1.2431114
0.6191069
1.3191552
0.5239461
1.3310494
0.53807867
2.301889
0.4604026
1.1368989
1.13982
0.37081525
1.8515486
0.49382246
0.62882173
1.9099482
0.52228177
0.7930763
1.4264904
0.42256927
1.3904986
0.56503385
0.95935684
1.3603926
0.43734187
1.2053559
1.3301277
0.3173893
2.054271
0.78730154
0.8407414
1.2137332
0.5602318
1.7081909
0.69542754
0.85437435
1.2733562
0.62326133
1.4902987
0.6483963
0.8047944
1.156453
1.3164086
0.46760428
1.8731581
0.52554137
1.2103958
0.5990926
1.5118641
0.61432266
1.4383429
0.42884678
1.4574224
0.6098238
1.0677629
0.99412584
0.81744885
0.8944619
0.9615967
0.5429809
2.7450402
0.12588802
3.8838
0.6359067
0.88265157
1.3173966
0.6502453
1.0579181
0.95319
0.99512535
0.62734884
1.3217864
0.7074453
0.61969125
1.7335387
0.7455
0.7002045
1.7456129
0.5776226
1.0711219
1.1752137
0.7258434
1.114521
0.8724947
0.8264911
1.7621388
0.38470834
2.0420306
0.7081429
0.51750684
1.75051
0.59053946
0.8973527
0.9138622
0.8428313
1.150176
0.49321035
1.6635125
0.6371807
1.0572962
1.1414726
0.46440756
2.1298723
0.4735968
1.630805
0.7105118
0.5132004
2.4329686
0.42159933
1.2139335
0.8469883
0.82854295
1.1408939
0.6518267
1.0620897
0.75144625
1.3583386
0.67479604
0.9045011
1.5077432
0.5023955
2.2276504
0.48552367
1.2675188
0.94418997
1.021574
1.2685828
0.4481212
1.4535677
0.83857834
0.8507111
1.5372702
0.5499182
1.4934087
0.5154335
1.8546543
0.63466763
1.1398745
0.5912036
1.2777416
0.7184608
1.2162204
0.3554756
2.48982
0.35710752
1.352974
0.94662786
0.36905614
1.730756
1.1355413
0.49519217
1.365735
0.95732945
0.6175567
1.8670948
0.6287818
1.135963
0.5823077
1.543533
0.6592074
1.2875462
0.99763894
0.7701639
1.0839899
0.76249975
1.8307061
0.44553268
2.201817
0.46602815
1.7240772
0.84004843
0.48454934
1.705882
0.43514293
1.6314411
1.0646548
0.5647235
1.5302063
1.0885706
0.46016634
1.0913043
1.6501515
0.43298045
1.4387863
1.2934749
