1.1416209
1.0871797
2.709836
0.536081
1.3678277
1.4097401
0.38851213
3.5497146
3.390482
0.10391121
9.391727
0.021618616
12.287512
0.01540431
15.8019905
5.4827394
0.2143634
5.6111298
4.1080227
0.9717063
2.17063
2.2807872
1.0632033
0.83894664
1.9901588
1.327332
1.2169328
1.5832589
1.9371041
1.092267
2.0580146
1.2509525
1.8916057
1.0156779
1.5581937
1.399313
1.0668632
2.5370488
1.4112028
0.99223465
2.8508701
1.5905408
0.9531193
2.2197256
1.3244892
0.96144426
1.791747
1.2517147
1.2902391
1.3713932
1.2078886
1.2471588
1.495678
0.88791335
1.4269621
1.8602247
1.0277112
1.6708912
0.7671336
3.2253945
0.40786698
3.0086122
0.7642091
2.9863281
0.76649356
1.7492455
1.2808127
1.0448763
1.9302404
0.7581996
2.5205579
0.7060887
3.0511189
0.5247288
3.3590858
1.1824338
1.3856459
3.3274124
0.16223699
3.8275616
1.7734885
0.75237083
1.7905262
1.8639185
0.7660563
2.9596372
0.7053804
1.6851841
1.4519519
0.5119858
1.166605
1.6015568
0.64602
2.6895957
0.6727018
1.6926203
0.2847724
3.473804
0.22939806
7.1383944
0.593615
3.7697592
0.72049975
1.0908208
1.8570685
1.5896791
0.48733735
3.4807453
0.25288737
1.4642205
5.721941
0.87596047
0.53232294
2.5234232
0.9156295
1.0986121
1.0508003
2.8170285
0.6257278
2.128604
0.30643594
2.3243513
2.499576
0.22654232
5.321989
0.21844003
5.595684
0.59509075
1.9556609
0.8607708
0.47299406
1.6217794
0.898466
0.26829222
4.0590873
0.81650317
0.24895515
2.8653264
0.6830859
2.0799437
0.39464867
2.7970335
0.79475856
0.49851674
4.4583426
0.21546268
1.3541194
1.239001
0.5778795
2.7313147
1.020508
1.2426105
1.1249425
0.32996008
1.0717218
2.0949316
0.41973147
0.8056365
3.3749707
0.24013563
0.57144094
2.863533
1.5602682
0.37411153
0.7550517
2.3714375
0.9726882
0.115663
3.1626358
1.1765914
1.0882854
0.55723053
0.6057471
4.556955
0.52178574
0.39389515
3.5190675
0.3803676
0.9237034
0.8958101
1.0830597
0.53758645
1.0700421
1.9986771
0.81514144
0.5865323
2.1492937
0.5963335
