1.7100904
0.7415581
0.67731214
1.0070877
0.9899068
0.632601
0.92797613
1.0407898
0.67175245
0.9034003
1.2198527
0.6112044
0.8430181
1.2355103
0.80736125
0.7543205
1.3014832
0.5974544
1.345415
0.54680526
1.0996685
0.6508267
1.2130873
0.5218762
1.020469
0.8412118
0.5402041
1.7753069
0.5074549
1.3399715
0.3343386
1.648489
0.9132879
0.5569297
1.0109842
0.83544385
1.1454484
0.57707584
1.2887088
0.59380645
0.7592153
1.1976604
0.80865705
0.795974
0.95622647
0.9054251
0.819748
0.5820387
1.3654623
0.96383107
0.5268887
1.7694137
0.4864339
0.9939416
1.2020108
0.47903717
0.9320917
0.9399823
0.7931371
0.6505013
1.296139
0.5277604
1.0476878
1.1736169
0.47410372
1.1065786
1.0831196
0.57170945
1.0873537
0.656023
0.7914731
1.1153805
0.66689
0.7610736
0.8644146
1.2508216
0.56543326
1.0942125
0.5798472
1.1325045
0.7180815
0.7139974
1.1802762
0.6297087
1.1580912
0.7049788
0.915263
0.89617425
1.0748038
0.5322798
1.7948921
0.46454424
1.0927509
0.5785656
1.4779437
0.56661737
0.87859637
1.1961187
0.5850482
1.4540389
0.59363204
1.5697476
0.5774566
1.0329578
0.9266237
1.1321592
0.74806905
0.6200925
1.0539999
0.6760908
0.85084516
1.1133114
0.5118593
1.0172445
1.1372993
0.57532334
1.4188664
0.6255116
0.98534
0.6122072
1.3731143
0.84127045
0.93485755
0.5096749
1.1690124
0.5461415
1.2193396
0.83577454
0.6752027
1.2854593
0.5840455
1.0153701
0.8449415
0.83672464
0.86106753
0.88839376
0.47952765
1.7077246
0.49517274
1.2960207
0.6585859
0.8874519
1.3034232
0.4316792
1.0784819
0.81704205
0.5996654
1.3718343
0.64420104
0.9833914
0.8946731
0.6246299
1.6909777
0.4672824
1.327553
0.9619152
0.7797568
0.8475011
0.7468388
0.83590657
1.2756852
1.1262405
0.74328876
0.8502835
0.8890636
1.1494862
0.74915314
0.42757267
1.3514938
0.7695188
0.921551
1.3737171
0.5439939
0.6436712
1.5588808
0.63976824
1.0145062
0.656049
1.0135245
0.76116335
0.7102473
1.0367153
0.9401675
1.0526284
0.6910515
1.335028
0.65393007
0.6403084
