0.4946323
0.26834047
0.17041105
0.36781338
0.20260096
0.17908554
0.23299454
0.44632357
0.22354601
0.2935863
0.12923957
0.14566696
0.31073666
0.2231552
0.10139349
0.14028329
0.10537887
0.42499208
1.0203261
1.6238456
0.42332494
0.14945464
0.20248157
0.18950745
0.23587826
0.30018204
0.15511657
0.20956725
0.18067807
0.2544177
0.27835625
0.15798995
0.41705787
1.0644776
0.7164805
0.10546364
0.13041179
0.18159622
0.17229319
0.50390875
0.2835828
0.13847741
0.1888846
0.17831102
0.22769208
0.2102199
0.21452302
0.23450366
0.14430213
0.18947992
0.18745364
0.14272775
0.12614354
0.2863702
0.4592689
0.23310013
0.17969286
0.13779221
0.20092243
0.310175
0.081195496
0.1885309
0.39704132
0.23825762
0.23100758
0.13076827
0.15091234
0.2182275
0.070421636
0.21258405
0.16481128
0.11189117
0.19956656
0.10035771
0.116112135
0.14270638
0.24654907
0.16728365
0.13666156
0.050270688
0.11151297
0.07090291
0.15420051
0.1657547
0.05732207
0.09380451
0.15871774
0.21816324
0.16548395
0.18117125
0.3773583
0.22227272
0.54308474
0.107554875
0.23401347
0.120657265
0.2881335
0.2473337
0.23803914
0.21950227
0.074563116
0.053827625
0.18527593
0.23983991
0.14871494
0.13746832
0.41764444
0.071019456
0.24141891
0.065537006
0.115233585
0.13802427
0.22816262
0.3456769
0.115726404
0.25395697
0.10432113
0.08777417
0.18180256
0.27796155
0.40746176
0.041293517
0.8640916
1.1156853
0.26364738
0.15230264
0.8775555
1.7124581
2.0306337
0.27989495
0.97989506
1.1448231
0.33398405
0.24203898
0.083548486
0.22663423
0.3275773
0.44414183
0.2955379
0.09751182
0.1498374
0.094757766
0.12603743
0.17415729
0.28219357
0.20637259
0.11617258
0.15042508
0.06996587
0.3299716
0.34497088
0.1666602
0.15425685
0.06772344
0.14619143
0.20701759
0.3157582
0.11553229
0.07375881
0.09566153
0.21153024
0.1286329
0.08005963
0.14005533
0.117626004
0.39092308
0.26804426
0.119405404
0.11889067
0.05164703
0.05763493
0.118352644
0.11686227
0.07916423
0.08651049
0.16984208
0.20642406
0.11193216
0.38641083
0.5559294
0.14561662
0.42430663
0.2227861
0.101234645
0.09818737
0.022756087
0.060388424
0.18092884
