1.7271237
1.2344307
0.85166293
0.6546403
1.4528494
0.73533845
1.0941571
1.0554142
0.882653
0.5199187
3.076089
1.0806472
0.4352448
2.4721756
1.5249954
0.6393857
0.7460072
1.9390684
0.61987257
0.6691087
1.8984256
0.99595153
0.26172355
1.9192796
0.84433556
0.47097066
2.2338223
0.5967571
0.5818951
2.3678203
0.4322424
0.98240083
2.1364822
0.6896093
0.67142135
0.7206002
1.5683459
1.3103367
0.35763884
1.3985943
0.9605568
1.2385604
0.7915683
1.0401641
1.1628175
0.29315555
2.9392514
0.40943304
0.64030766
2.7288609
1.3644638
0.33573106
3.5456462
1.0583606
0.36874497
2.4076867
0.41479713
0.7333302
2.550723
0.5392606
1.1491436
0.58483905
1.1907005
1.6074767
0.77819103
0.69914764
1.1699573
1.2895216
0.34964502
1.9660077
1.2401083
0.43670684
2.514188
0.42500275
1.1165144
3.0106292
0.3040312
2.6262667
0.7373237
0.8722911
1.3292052
1.2431581
0.9727023
0.8061961
1.1343193
0.7960498
0.6315509
1.2860388
1.1685805
0.4459524
1.848007
1.5549816
0.80437493
0.74636775
0.8412536
1.3623135
0.5349397
1.084566
0.5291276
1.3244553
0.6428128
1.6088338
0.56251156
2.0171256
0.110826366
7.227785
1.1120319
0.5896123
2.291583
0.42154276
1.3448112
1.9776131
0.32099164
1.1541393
2.0426483
0.574613
0.6736153
3.17199
0.7332536
0.39834747
3.1996787
1.8610828
0.60174
1.6536413
0.39835453
1.6481669
0.8817753
1.0877955
1.088994
0.86579835
0.77448624
1.4509681
0.7726698
1.144242
1.0132434
0.8538431
0.5297554
1.1391592
0.71852183
1.4297676
1.7818011
0.5790789
1.6559856
0.70771146
2.6208882
0.8319723
0.4888988
2.5837708
1.9168286
0.8504786
0.6003771
2.2006528
1.0808733
0.58309734
1.2190806
1.948687
0.9267361
0.45121375
2.14781
0.26669908
5.18837
0.9556453
0.38311654
1.9509865
1.222903
0.51184016
1.1357999
0.8159164
0.42887694
2.9955015
0.78099734
0.6659832
3.377809
0.30865693
0.95459986
3.405987
0.22709441
2.2985685
0.9143
0.31558573
1.7608854
0.7247003
0.6488025
1.8494941
0.8667978
0.30185938
2.7154877
1.0818968
