0.7369826
0.6885807
0.21601403
0.23464973
0.22748058
0.12667532
0.27841684
0.16387486
0.20871064
0.46919566
0.3117949
0.07877972
0.2086516
0.1560704
0.344241
0.79814994
0.63431865
0.14780584
0.33422664
0.27952695
0.07057841
0.19153734
0.24379021
0.22806764
0.22345875
0.26318616
0.16705047
0.27780002
0.37581062
0.26946282
0.2337254
0.10766849
0.25040358
0.17094705
0.2539761
0.2302533
0.35041404
0.76836365
0.6553638
0.19904946
0.39673057
0.1776824
0.22338301
0.3981371
0.26207167
0.1918047
0.6024328
0.21853852
0.15582263
0.1404564
0.28631437
0.2878803
0.23195706
0.25436857
0.3875314
0.24668115
0.39944658
0.28310952
0.19821891
0.17834991
0.26282513
0.31185547
0.22175689
0.2996485
0.2907555
0.19350079
0.3228737
0.23723154
0.1143431
0.074635476
0.16630179
0.15854546
0.26617056
0.24879847
0.18222997
0.26750174
0.29120395
0.25137052
0.1182131
0.1293
0.30893928
0.34279564
0.17652595
0.47511217
0.89996517
1.4323984
0.3610635
0.29734218
0.39980945
0.30168957
0.30481198
0.6621435
1.7119277
1.1975926
0.8162781
0.47317153
0.20838347
0.31163102
0.72787416
1.2633146
2.2229784
1.945425
4.294469
1.3839644
7.468316
4.810611
4.529975
4.7762413
7.776695
1.4995809
5.46148
7.045316
3.1759539
2.7444868
1.8120043
1.6234835
1.5371112
1.3897579
1.5035274
1.6156998
0.9550954
0.51461816
0.9091624
0.8650624
0.5902729
0.6712139
0.7353444
1.4389914
1.0240016
1.0835214
0.4563705
0.56669635
0.3954843
0.49812838
0.50457305
0.67931104
0.91456103
0.45418483
0.37822506
1.031338
0.86665064
0.6327164
0.34896258
0.65727806
0.8461798
1.0705129
0.9974047
0.6023646
0.4217984
0.6585883
0.6611413
0.637461
0.8777883
0.5916649
0.43104744
0.40005618
0.46800908
0.32708526
0.43539783
0.34414202
0.37485665
0.47471815
1.238158
0.9222477
0.39449796
0.3130824
0.25543278
0.2124983
0.3802995
0.36201698
0.48149282
0.55151534
0.4657889
0.3969946
0.3749092
0.48333666
0.6632689
0.66472787
0.3908859
0.41681832
0.3093434
0.25213143
0.52363497
0.48472673
0.3563062
0.4016853
0.45134717
0.52980286
