0.074840605
0.08209011
0.057606567
0.1583972
0.12550546
0.09351532
0.11310345
0.06067276
0.1883598
0.20819844
0.08761462
0.05037409
0.07768856
0.033003915
0.03787025
0.057677303
0.038061626
0.22779354
0.04554917
0.1523436
0.09032053
0.13041425
0.10576513
0.13779718
0.19029647
0.29053766
0.5427163
0.120281145
0.19960803
0.14344499
0.10020518
0.17965886
0.13095975
0.059939772
0.11995945
0.07757522
0.048471414
0.16231455
0.09972644
0.12415396
0.11627595
0.10571554
0.04489833
0.1078814
0.13958797
0.13756783
0.15680389
0.06524725
0.118135095
0.12380927
0.21817748
0.47875604
0.31417018
0.11344006
0.09925396
0.15191783
0.07777663
0.16018564
0.044831656
0.10710426
0.16418923
0.177987
0.14231509
0.081164405
0.10616724
0.12658642
0.11415514
0.15124272
0.10997999
0.15565339
0.12682979
0.064940855
0.111719884
0.0579476
0.12776671
0.13388546
0.069955915
0.070534855
0.15331882
0.14412086
0.14334293
0.07776082
0.08565331
0.24645054
0.48475444
0.44169524
0.06377725
0.22864525
0.10897647
0.11304818
0.09512901
0.056781135
0.12933628
0.07805056
0.050645873
0.12732919
0.200652
0.19511525
0.11388612
0.061767906
0.090802014
0.091260955
0.14640966
0.060778618
0.06286132
0.072514296
0.086576074
0.16399297
0.08202603
0.068768874
0.05966834
0.109943874
0.2510687
0.078193985
0.6856317
1.3401109
0.8115533
0.65997356
0.34640864
0.09940981
0.64517623
0.69344753
0.25304428
0.115456834
0.16684301
0.14648455
0.13712278
0.08108573
0.19046421
0.23751476
0.21697506
0.069058746
0.35996836
0.583665
0.47686464
0.08515452
0.6468803
1.1901716
0.5791225
0.08325215
0.3512227
0.5612393
0.74892485
0.093314335
0.39395598
0.20903765
0.25307244
0.30016643
0.23406494
0.19792253
0.112269096
0.22451806
0.13767888
0.21943253
0.14933327
0.1496613
0.18961906
0.43426123
0.5688392
0.13113251
0.32296547
0.1884374
0.18501042
0.10398501
0.27887896
0.08827915
0.18109308
0.15888321
0.17515393
0.1318224
0.06346012
0.14377372
0.133375
0.13610557
0.1765503
0.10231301
0.20003855
0.12915802
0.076651216
0.07007004
0.08244185
0.16678311
0.33329317
0.36943513
0.15724489
0.108267576
0.11937515
0.09113381
