0.9247904
1.5240827
0.9779171
0.61224794
1.2652869
1.1749375
0.7626566
1.2129202
0.75314975
0.67876005
1.335331
1.4620819
0.37858817
3.0650792
0.6655014
2.761834
0.28670123
2.305098
0.4531508
1.0554457
1.4891217
1.0832653
0.38993067
2.4832575
0.32818818
1.5043356
1.6262432
0.45271367
0.8087051
2.3158965
0.3855542
2.1705332
1.5810913
0.62097764
1.3539579
0.5333343
1.9074223
1.1293596
0.5312971
2.0952482
0.6995108
0.6575979
1.7796261
0.8525975
0.77644956
1.4151123
0.82334006
0.44376516
2.7663798
0.83632475
0.850516
0.70426553
1.3297062
1.5240996
1.120519
0.46706307
2.0084617
0.67301804
0.9248456
1.1827432
0.3565656
2.1732059
0.24975199
3.7015793
0.5590888
0.543982
2.9525886
0.79747593
0.4720697
2.04819
0.7885615
1.1259611
1.3666241
0.33917534
2.188952
0.98939407
1.3441792
0.73683953
0.9662572
1.2369238
0.68635803
2.398931
0.62311834
0.93545
1.965045
0.22334939
2.9104629
0.4720066
1.9382037
0.49003363
1.8768123
1.1075203
0.8893225
0.44134498
2.949316
0.46662682
0.7567488
2.22116
0.35210568
2.163279
0.9871246
0.6813813
2.3070102
0.30721217
1.9944504
0.9817308
0.6507168
0.9874382
1.0427642
0.35805702
3.0020704
1.4728168
0.2659119
4.122403
0.724351
0.75722575
1.6251487
0.83426356
0.6867215
0.41321954
4.4030457
0.848964
0.2444239
1.80063
0.34437838
2.1108027
0.56424046
1.0977888
0.9204906
0.785342
0.7320166
1.1163005
0.8154495
1.6954808
0.93715197
0.4361689
2.9039466
0.5622167
1.1913217
0.92409384
1.159306
0.6289287
1.7394478
1.1289456
0.5586914
2.209216
0.26663345
3.907493
1.1854858
0.56392515
0.5814191
4.4351387
0.44633898
1.1388481
0.61217445
1.4186306
0.78779536
0.897441
0.6054659
0.5031435
2.0609617
0.70790434
1.5084052
0.46340105
3.1700182
0.75837725
0.37046868
2.9011793
0.26685232
2.7275546
0.645789
1.3093088
1.1826146
0.30635637
3.6837654
0.9430305
0.43420935
3.4050298
0.9952464
0.7903758
0.5555289
1.0657103
1.401097
0.82013273
0.8105322
1.1537408
0.8161284
0.91718924
