0.7771807
0.4783665
1.6834481
0.6948691
0.5122602
2.2208936
0.49563703
1.1771072
0.9389752
0.7503585
1.6802324
0.47231507
0.69821334
2.5172362
0.3492561
1.4690038
1.5276306
0.2473334
2.1261177
1.7014868
0.31520802
1.3817933
0.7327403
1.1706957
0.3300866
3.609768
0.783641
0.7046324
0.9074524
0.62809163
1.9830753
0.15347609
3.6014078
0.46144098
0.8859278
1.0467327
0.72030616
1.4878759
0.50234294
1.0700619
1.1060051
0.4249121
1.2624809
0.9886142
1.0227981
0.79487014
0.8574505
0.40125805
3.459292
0.552425
1.3743933
1.1331674
0.68973726
1.234052
0.5143242
2.0043538
0.3500858
1.9675121
0.72368574
0.8305466
1.1301804
0.6328308
0.6104961
1.1244626
0.94909006
0.84732574
0.4929013
2.6437752
0.35608798
1.3506769
1.0338066
1.0384831
0.689937
0.8200685
0.7673541
1.2406809
0.61867684
2.5806365
0.40475565
2.6987119
0.4985507
1.9791871
1.2791421
0.45860112
1.2563784
1.1521628
0.40577576
1.52881
0.4973157
1.5167382
0.36500162
3.4844217
0.74418056
0.8699316
1.3574612
0.6945179
1.3713793
0.6147331
1.463262
0.65138805
1.696555
0.6972185
0.9594478
0.98633784
0.6849357
1.545974
0.48535717
1.6740967
0.8261964
0.39028078
3.2548816
0.22120884
2.949512
0.98420465
0.5437397
1.4003938
1.2934543
0.92536795
0.3975193
2.3500848
0.9996666
0.37177834
2.7257166
0.37691307
1.0575702
1.054935
1.1576991
0.47111434
1.1985741
1.1681888
0.8546139
1.4279401
0.7086522
1.1386061
1.3436946
0.7860842
0.7241532
1.7063458
0.43953127
2.3609748
0.23105472
1.6266267
1.0656514
1.0382249
1.0284836
0.4824601
2.1724887
0.37413752
2.6213942
0.34758213
1.956996
0.42562354
2.5605881
0.46259946
1.3804848
1.1581135
0.4525361
1.7790785
0.7391889
0.47562486
3.0873375
0.25768447
1.9187164
0.7518165
0.3537404
1.831911
0.61868083
0.68171793
1.6254488
1.2792735
0.4189603
1.3886663
0.59066474
0.6061616
1.4484398
0.6286533
1.7154032
0.47746783
1.4417691
0.71681666
1.1305261
1.0973938
1.8628254
0.17169353
5.186346
0.5404531
0.6258348
2.4521637
