2.1968858
1.7790277
1.7340229
1.9399831
1.8443685
1.8190182
1.8929342
1.9124026
1.8900553
1.788049
1.7716954
1.9789357
1.958302
2.1253605
1.9133704
1.891172
1.9874636
2.0452588
1.8986773
1.8407007
1.7812719
1.8600676
1.9983988
1.669801
1.8066906
1.7343304
1.8786342
1.99607
1.9631951
1.9325199
1.7994871
1.8694491
1.9564586
1.8874532
1.7631721
1.9573665
1.9161254
2.0380151
1.9262426
1.7773613
2.0349665
2.0687845
2.0500972
1.9552813
1.843877
1.7805902
1.9752831
1.9525925
2.0027444
1.8730906
1.8015434
1.7612878
1.7382131
1.9535016
1.9071347
1.9010835
1.9444953
2.0633533
1.9276115
1.7237595
1.7809347
1.7580009
1.9630733
2.006963
2.0807157
1.9717485
1.9286453
1.818459
1.882569
1.9792356
1.8338846
1.955662
1.9445488
2.024587
2.0603786
1.9230492
1.954452
1.6121099
1.783149
2.0709999
1.9768213
1.702263
1.6704189
1.6024616
1.7789176
1.7613668
1.6508458
1.7688032
1.8261069
1.906553
1.7388401
1.759404
2.054861
2.0739145
2.3606334
1.8676995
1.7008021
1.9257306
1.9354532
1.7700212
1.8928808
1.8058301
1.8169748
1.7947979
2.029559
2.3369672
2.4635234
2.0988116
1.9735093
1.9970155
2.325569
2.6173158
2.0350382
1.9041867
1.965147
1.9136579
1.9327933
1.9548678
2.0970516
2.2015595
1.9526688
2.104154
2.2451267
2.1378176
2.0466537
1.892317
1.9007149
1.9987384
1.9298521
2.017253
2.0762503
2.0841022
2.0446258
2.0202565
1.9155111
1.9556153
2.045558
2.0976644
2.076721
2.0590062
1.9793625
1.9991958
2.0913045
2.098325
1.8807306
2.0131502
1.8871654
1.8484428
1.924789
1.8251106
2.1044574
2.0596075
2.0173712
2.0596197
1.9570856
2.0026846
1.8746047
1.90865
2.027769
2.0160923
1.865701
1.8602931
2.0993013
2.1444693
2.082561
2.1795332
2.0179367
1.9094756
2.0176182
1.9688894
1.9716959
1.8736764
1.8244966
1.9576595
1.86392
1.9785622
1.9272836
1.9413488
1.8931222
1.8632214
1.8757036
2.093535
2.0202131
1.9202332
1.983021
1.9749885
2.027135
2.0178356
