1.0338967
1.1399102
1.1148752
1.0883462
1.0842121
1.0797923
1.1023506
1.0963004
1.1221155
1.0919933
1.0900538
1.0986471
1.059129
1.0657375
0.9928936
1.1226991
1.1050934
1.06656
1.0900635
1.2023822
0.9991669
1.2166104
0.9919199
0.9613639
1.0831876
0.9867264
1.0383353
1.1571229
1.0138963
1.1510277
1.0503018
1.1588696
1.0472026
1.0352385
1.1330669
1.0322068
1.042293
1.1130939
1.0021174
1.106483
1.1523812
1.033303
1.067101
1.1202047
1.012049
1.0772644
0.91840005
1.0124007
1.0254494
1.1590312
1.0559849
1.0827951
1.1344117
1.0739944
0.92580295
1.0336912
1.1718192
1.1673143
1.089297
0.9964326
1.1252437
1.037596
1.060247
1.0493364
1.0791137
1.0247118
1.1614282
1.0846105
0.9868724
1.1009037
1.1380881
1.0513949
1.3210421
1.0708586
0.9325312
1.255169
0.9804739
1.0871141
1.1092398
1.0208696
1.1295228
1.0590606
1.0796113
1.0552285
1.0873489
1.055156
1.0018423
1.1314532
1.130512
1.034159
1.009975
1.0881519
0.98374534
1.2058587
1.0620254
0.93112886
1.2328625
1.0997995
1.0194855
1.1340227
1.0158992
1.1139085
1.1168628
1.1058582
0.99346703
1.1038938
1.081733
1.1004722
1.0001681
1.0010976
0.9839498
1.1461446
0.9853126
0.9772624
1.2050257
1.0432782
1.1021326
1.0366001
0.9649501
1.0473542
1.0424182
1.1115263
1.0566998
1.077053
1.0926391
1.0899733
1.0592041
1.0429053
1.0708733
1.1054025
1.0125425
1.1449955
1.0459914
1.1034253
1.0137737
1.0149994
1.037544
1.0564193
0.9959487
0.9523849
1.0863228
1.0577016
1.0822837
1.1400862
1.1246016
1.002317
1.1222177
0.9795674
0.98946697
1.0783188
1.0609887
1.165355
1.0989689
1.0420393
1.1655792
1.078141
1.1781754
1.0759108
1.0389326
1.0938269
1.0534647
1.0205233
1.0391783
0.97235924
1.0585123
1.055774
1.1963106
0.9740912
1.1769462
1.1878537
1.0336106
1.0690275
0.99547255
1.1477555
1.1171844
1.1063958
1.1236777
1.0771863
0.96743333
1.1354351
1.0461637
1.0482033
0.955274
1.325703
1.1360626
0.9264179
1.1152217
1.1323652
