0.0843561
0.03242052
0.04845906
0.062087413
0.05939343
0.030513866
0.18567401
0.094504744
0.09376152
0.049298264
0.04339336
0.09989875
0.06308095
0.09745738
0.05082524
0.059984766
0.061839104
0.11571786
0.10762606
0.10779253
0.0444692
0.11710629
0.12753868
0.03175535
0.1379845
0.11822599
0.062906526
0.2474387
0.46398923
0.033947073
0.9146734
1.3610357
0.0376105
0.39444155
0.12291376
0.15234776
0.2687735
0.13099882
0.116956145
0.61212623
2.0424867
2.1590781
0.032375082
0.28101367
0.10491815
0.24873792
0.22240333
0.015224075
0.07842108
0.13554938
0.16731548
0.10521874
0.23386128
0.20539528
0.18690994
0.05643028
0.061569035
0.21924779
0.08325532
0.16464244
0.050173577
0.15048453
0.05264497
0.08936907
0.09985359
0.17874633
0.15796939
0.28192973
0.1354955
0.12917607
0.20272085
0.03552624
0.04581216
0.08641632
0.039998624
0.26567537
0.11681715
0.085712634
0.11623914
0.2903375
0.10727767
0.16597986
0.208122
0.042747118
0.2032415
0.23944885
0.038943753
0.4850607
0.4115441
0.11973278
0.15689832
0.04475428
0.093496755
0.2465288
0.32552388
0.0722264
0.48133343
0.9515132
0.15307805
0.08727627
0.5319955
0.103412166
0.7098586
0.5805861
0.15311709
0.04662232
0.096380904
0.11328561
0.07160058
0.08255871
0.05901078
0.14846677
0.21536252
0.16198453
0.06364835
0.106163315
0.06388618
0.1063813
0.07319245
0.038288802
0.09223307
0.1681213
0.10932267
0.1885445
0.13147345
0.055747475
0.056139577
0.20147502
0.3600443
0.0997746
0.08367971
0.07411
0.08574709
0.03452868
0.050348114
0.020515548
0.04788124
0.04613836
0.062285982
0.114571705
0.14063153
0.16465911
0.07431616
0.18699352
0.23441826
0.13846411
0.07841134
0.06533499
0.038058676
0.20058809
0.21341717
0.1033282
0.05965458
0.11809692
0.03258981
0.08907135
0.23609321
0.6119035
0.94020706
0.033137165
0.5580033
0.112505965
0.7710991
0.99090046
0.04299568
0.40660703
0.1187015
0.12645455
0.038462
0.018956954
0.035867088
0.0645858
0.1008982
0.10170767
0.08243636
0.20332895
0.1727648
0.11953612
0.108314596
0.12835112
0.03984071
0.16979994
0.03350279
0.11404121
0.045872446
0.03097116
0.06038188
0.056799605
