1.44273
1.3820393
1.4751568
1.5994003
1.7019768
1.6696789
1.4905161
1.3671718
1.3850666
1.4935747
1.4062698
1.5701969
1.6221023
1.4878267
1.5806493
1.3781016
1.4929671
1.3808336
1.5516267
1.7730879
1.9485831
1.5162404
1.4606507
1.3006854
1.4003255
1.4182823
1.3319635
1.3627365
1.5757431
1.6728926
1.442877
1.4961722
1.648807
1.7462654
1.6619956
1.5160832
1.4214032
1.4507904
1.5551081
1.4174546
1.3459624
1.3733323
1.3793588
1.4402138
1.512252
1.4527961
1.5403144
1.7394639
1.72567
1.4033222
1.3546585
1.413226
1.4060444
1.5596161
1.513147
1.5560895
1.5321474
1.5834893
1.4172934
1.5136435
1.4821137
1.3737707
1.5276141
1.670333
2.0112243
1.5688972
1.4182346
1.3204274
1.4745781
1.4201514
1.2906389
1.476444
1.5258275
1.648201
1.5920851
1.5686843
1.2992823
1.2563645
1.444248
1.4817083
1.4488293
1.5102429
1.4829133
1.4561611
1.4390292
1.4620209
1.378639
1.7618933
1.6534657
1.716839
1.5548604
1.4770808
1.4667174
1.4257578
1.4821446
1.3348503
1.4300538
1.4906678
1.4090226
1.4844729
1.6904551
1.7526857
1.4746014
1.2951765
1.3876634
1.436902
1.3486224
1.5114124
1.5923681
1.643486
1.3154585
1.371913
1.4054706
1.516365
1.8783295
1.6363251
1.4508386
1.5753896
1.3554149
1.2881984
1.3120644
1.4348376
1.3465521
1.4146378
1.3919713
1.4564594
1.6800675
1.8134942
1.493281
1.4858819
1.4641414
1.4777218
1.5959122
1.5045714
1.380558
1.5718255
1.522583
1.5792849
1.4690672
1.532055
1.463142
1.6616982
1.8849388
1.7460017
1.5251068
1.4958045
1.3640023
1.3922158
1.4084053
1.5147498
1.4980683
1.3829618
1.3144636
1.424515
1.510425
1.4017767
1.4976196
1.503015
1.4595616
1.3993444
1.4014723
1.4885004
1.5224199
1.6184663
1.7303213
1.3757681
1.605954
1.5001186
1.629905
1.6349747
1.6466922
1.7107726
1.5094347
1.3684251
1.3359795
1.4411948
1.42344
1.2901793
1.3546083
1.3729163
1.3436668
1.7444692
1.5793835
1.646043
1.767734
1.7455568
1.444053
1.4450331
