1.8856823
1.7298696
0.61268115
1.0046479
2.1741104
1.3992431
0.15132007
6.836472
0.5096773
0.40064323
4.4852996
0.658221
0.4647929
0.5366821
1.247546
1.090292
0.4319761
1.160126
3.0576043
0.3783541
0.6300359
3.6082828
0.9296687
1.020399
0.3917433
0.92491937
1.2931235
0.1811204
1.9235922
2.131369
0.25698996
0.45245525
1.4174333
1.5952817
0.7924977
0.28214952
2.4587173
1.2945118
0.6751676
1.0918095
0.8393823
0.3495215
2.117906
0.52844
1.3595266
0.9362617
0.63038176
0.52379763
0.33321226
1.4530203
1.3501711
1.4128157
1.0047032
0.11747872
0.6295887
1.0352926
0.72675806
2.0649219
0.46563232
0.47323132
2.5233035
0.87721455
0.1559196
6.5352197
1.6578074
0.33475456
2.9796653
1.5559528
0.23995963
1.4537575
1.774975
0.20509775
0.97443086
3.054437
0.48257208
1.122345
1.1686827
0.7298738
0.5989041
0.84276927
0.6670998
0.44167513
3.6001768
1.360871
0.19987251
4.6696467
2.3659856
0.15333658
4.3603864
2.5537086
0.89994526
0.49925908
5.0007353
1.6876552
0.24903227
1.4047287
1.4195359
0.9240273
0.39771572
1.2907027
1.1532952
0.9071223
0.2732965
2.0230618
1.4797605
0.15034129
2.9936485
1.0326236
0.72042084
1.1169543
1.2070017
1.0446429
1.0042405
0.5940161
1.0591093
0.8356962
1.2553363
0.9200448
0.48075172
3.1417007
0.27875388
5.0146112
0.93888116
1.3072032
1.6830975
1.0296632
0.42492372
0.38026202
1.4556464
1.5181898
0.13797429
7.269374
2.2951722
0.12744159
6.602622
0.49283504
0.14755218
4.4412274
0.4096632
0.5765724
3.4490645
0.35206628
0.4612448
4.199364
0.9828739
0.28558978
1.4301355
1.0488961
0.43295643
0.8913255
0.47176254
1.016527
0.43730506
0.5667393
2.019425
0.8166051
0.74956346
0.75757575
0.46773553
0.9053504
0.83010805
1.0285243
0.7017265
0.21754128
1.8406441
1.4290811
0.3522873
2.2660854
2.0723689
0.58119404
0.6474458
0.78207445
0.86761713
1.076642
0.7182698
0.71405005
0.781924
0.6035372
1.8557955
0.8881514
0.62141466
1.184258
1.7052336
0.6460075
0.20974569
2.2981315
1.7233047
0.5059954
0.25267223
1.7731307
1.9814906
1.2845318
0.8737819
0.50209117
1.0441331
1.5064785
0.86507833
0.41212282
1.8848207
1.6574636
0.43155354
1.0912135
0.9550533
0.85395974
0.40846545
1.2464445
1.6360939
1.5368438
0.12400734
4.497317
1.7042964
0.5510172
1.09658
1.3115358
0.77913296
2.2231097
1.5397297
1.2790956
0.2493109
3.3039775
1.4856234
0.26911417
2.8958614
1.6802273
1.0617293
0.33350953
1.6722364
1.2032249
0.46371144
0.87913513
1.5362539
0.46079612
0.6391549
1.3090814
1.0253305
0.2886742
1.2117639
1.8670244
0.22178552
1.4964579
0.85724616
0.8559442
0.36965448
2.653758
1.3860475
0.6541594
0.13639957
7.97754
0.53060085
0.11415131
5.5955915
0.085124746
7.73512
0.22464739
5.38547
0.32710132
1.10804
0.79604393
0.6956084
0.19479549
2.1568856
0.20127565
4.241264
0.29768473
1.6661114
1.3036425
0.8589607
0.49576455
1.7307582
0.4768911
0.4273019
2.2686408
0.8725862
0.49330175
1.6065694
0.46753943
1.409162
1.0514691
0.41499716
0.49007934
0.8200414
0.7877686
0.39491135
0.31362712
1.9953573
1.0798972
0.50013125
0.32054484
3.447474
1.9033558
0.7261458
1.024602
0.5593265
0.68287617
0.6773459
1.6627324
0.53133655
2.6059904
0.5836077
0.46101528
1.2420247
1.8230226
0.86015403
0.5097177
0.8642724
0.6346477
1.7005794
0.5405842
0.94909364
1.2506483
1.5217015
0.42614797
0.81014967
4.525278
0.21397777
6.77195
0.3296028
5.8864517
0.25744295
2.550271
0.539345
0.9012114
0.9564768
1.3483677
0.31450298
0.54650086
0.4690163
1.1709106
2.4005644
0.17255028
1.205716
2.9090924
0.37474215
0.89989215
1.4484904
0.65225136
1.3898501
1.6851405
0.8040128
0.27846557
1.2018126
0.9729979
0.80492723
0.5422478
0.8129291
0.70476377
0.83034587
0.9708127
0.1468934
1.2273445
1.3126774
0.7036334
0.6467376
0.947781
0.78470963
0.46038264
2.6083374
0.7048184
0.2996933
4.158717
0.86764693
0.37156373
2.4505124
1.2693841
1.0364693
0.79082286
0.3643871
2.9842515
1.2011428
0.35702023
1.6703434
2.7761607
1.0557933
0.6336543
1.1285659
