1.6816747
1.6320933
1.6498823
1.7108705
1.5764081
1.5567913
1.5606296
1.5158896
1.4382012
1.5732346
1.619863
1.6768218
1.5139315
1.4093199
1.4173522
1.5795035
1.6485265
1.8551539
1.8376602
1.6068214
1.498891
1.559619
1.6307396
1.6347995
1.6454812
1.5943502
1.4935536
1.7535423
1.6997211
1.4517088
1.6411413
1.6433518
1.6743271
1.668709
1.7983962
1.7658167
1.5909429
1.664667
1.6635356
1.6170163
1.535646
1.6250701
1.6101774
1.4833224
1.5412754
1.6653812
1.536673
1.4728423
1.6983527
1.8177669
1.4612535
1.5654355
1.7278531
1.8904727
1.6361544
1.5944446
1.4917397
1.5107888
1.5638567
1.6999383
1.5835682
1.6839627
1.7568003
1.715061
1.6287472
1.7357779
1.6287277
1.7039266
1.6798627
1.6946274
1.6945567
1.6906395
1.6791527
1.6102097
1.4966569
1.5682647
1.6664206
1.5711901
1.5314969
1.4918507
1.6263112
1.7139657
1.7431421
1.6486316
1.5828648
1.5213722
1.5220139
1.5999763
1.6662525
1.5892186
1.6766291
1.5718819
1.5143827
1.5724515
1.4866643
1.4828107
1.5832028
1.8367344
1.9487908
1.707201
1.6289337
1.4449482
1.3912256
1.556068
1.5166327
1.5479851
1.5765575
1.6660618
1.5883257
1.5536078
1.6964395
1.7653376
1.5570374
1.6274137
1.5723181
1.6609054
1.5758885
1.5503502
1.5393354
1.6477375
1.6472074
1.5987899
1.4298024
1.5248
1.484067
1.5536721
1.5784291
1.5666093
1.5860324
1.6003413
1.5546539
1.5751786
1.4346528
1.400598
1.697143
1.6852157
1.595073
1.6255586
1.6019099
1.5425301
1.5785227
1.5687437
1.5192273
1.5464149
1.4834797
1.4071519
1.4944118
1.5706332
1.5379833
1.5107145
1.502451
1.5567572
1.6721475
1.7876632
1.718113
1.6985428
1.6210877
1.6245375
1.7229029
1.7275913
1.5270509
1.4765866
1.5519491
1.632316
1.6020069
1.4308987
1.5244961
1.6293461
1.6074492
1.5016032
1.5888929
1.529812
1.6423509
1.5203571
1.6988788
1.599714
1.5570714
1.6479231
1.4813504
1.5705175
1.5628641
1.5161074
1.4464502
1.5112814
1.5566766
1.656331
1.7036958
1.5896893
