0.7358475
1.2434502
2.432971
0.69408894
0.8529949
1.6548383
0.82043517
1.6745408
1.0879273
0.43193278
1.932923
1.3390093
0.2222472
6.200559
0.60139513
1.3358338
0.9813775
0.747941
0.85287714
1.8831732
0.44923428
1.8155742
0.20169063
4.4356256
0.73579174
0.735831
2.0777864
0.8359113
0.8954152
1.558656
0.7814412
0.70483613
3.2126918
0.88789594
0.61565137
1.3076465
1.3454472
0.38988107
3.2372332
0.62420654
0.45771304
2.532559
1.887765
0.26055646
3.9415696
0.46885517
0.9081399
2.5612514
0.18452072
6.666793
0.49526793
2.8292108
0.59577096
1.6958079
0.8287312
1.2252996
0.68730414
0.81177056
2.3241827
0.48578352
0.74370253
2.1227589
0.43418205
0.7137097
4.5592937
0.42144784
3.4029593
1.379069
0.76951355
1.1490355
1.5229182
0.7103795
2.077557
0.56497157
2.1222515
0.8452589
1.2844341
0.74804735
1.2660482
1.2563701
0.8315022
0.98332375
1.4613268
0.73549426
1.0238566
1.1077629
0.4558385
0.79513526
2.6135767
0.34678748
1.8632425
1.5652525
1.2267962
0.5777442
2.8085515
0.7806804
0.6344326
1.3986156
0.9097411
0.8216749
2.1773303
1.1576943
0.88902867
0.85764825
1.0499191
1.7484232
0.6175523
1.2054385
0.4158498
2.237406
0.5263822
1.6753001
1.7900611
0.14315712
6.523366
1.149508
0.5436496
3.1458366
0.33610058
1.4096365
1.787551
1.31876
0.8242258
0.6934576
2.1838615
1.7616246
0.38210845
2.517067
1.8920772
0.4498259
2.3849025
1.7771668
0.487882
0.80597806
2.3303852
1.3126576
0.29070503
4.3369207
0.9831453
0.5707185
2.176544
0.5114889
1.8736963
1.3171998
0.7386541
1.2712699
0.84383905
0.37297678
2.8512757
1.036807
0.6351906
1.9170732
1.8034216
0.568328
0.6150286
2.652804
0.45518866
0.61830723
1.4305538
0.1386573
2.0613236
0.8074875
0.5372733
2.179957
0.11286907
4.408085
0.7666828
0.27771163
4.489398
0.18631548
5.1899595
0.33834058
1.5218844
1.2703297
0.17803526
4.203007
0.27545506
0.5300747
3.6775093
0.3785445
0.80386764
2.609614
0.5328529
1.4303904
1.5092607
1.2917881
0.53350806
1.01858
