1.0375434
0.62788904
1.0739785
0.98968613
0.8453642
1.0841291
0.8858204
0.88607204
1.1015949
0.889747
0.9999372
0.91794115
0.8525598
0.9997618
1.0094471
0.8314624
0.91790676
0.8722391
1.1236855
0.7310968
1.3390095
0.5843328
1.2976966
0.6714182
0.9873154
0.9452812
0.92977774
0.8946921
0.8674015
0.9184506
0.89979887
0.8825203
1.0291336
0.8700225
0.88007444
0.99458027
0.8926011
1.0958283
0.59691
1.6893114
0.5022298
1.4448082
0.824085
0.930321
1.0966003
0.8412014
1.0794585
0.7499833
1.1096561
0.8431886
0.95589334
0.95994884
0.7393505
0.88232994
0.9558309
0.7886641
1.1086873
0.8295803
1.04875
0.83460706
0.856565
0.9369014
0.8328543
1.1796756
0.7393449
1.0883578
0.8438469
1.369936
0.5899541
1.1461023
0.8071023
1.100494
0.916149
0.8498789
0.94402766
0.9482317
0.9077713
1.0036294
0.87249774
0.954592
0.8408185
1.1362641
0.72153085
1.4816084
0.5536003
1.403173
0.6472968
1.2530639
0.7832967
0.89389974
1.0094609
0.895418
0.9038554
1.0261445
0.8766695
0.964569
0.8064076
0.9373204
0.9539503
0.89638615
0.7935058
1.1420279
0.6828186
1.1037169
0.8100966
0.9546983
0.9938062
0.7726065
0.84050894
1.2357743
0.69347906
1.0699453
0.77944005
0.8721323
1.2849983
0.73887503
1.1462175
0.5880278
1.7370733
0.73065263
0.8637013
1.1295218
0.85209054
0.8088746
1.0303267
0.91365516
0.97521555
0.9489527
0.8974102
1.0387524
0.8040486
0.9444621
0.85755503
1.0947846
0.61044204
1.2043326
0.72005457
1.1551394
0.821518
0.8229612
1.1993159
0.61687565
1.3264
0.70579726
1.0040654
0.81128395
1.1198244
0.71622
1.0758965
0.6881424
1.3746259
0.6517
1.2453282
0.78706044
0.81962794
1.071934
0.72576433
1.0464087
0.8838347
0.9851216
0.96688557
0.90991557
0.81347096
0.9523469
1.0126767
0.7545758
1.0069058
1.1146371
0.66915846
1.3969584
0.60150313
1.1738298
0.7027296
0.9104279
1.0548154
0.86067456
1.161373
0.7997333
0.870626
1.0081019
0.7714156
0.9122596
0.9726188
1.0103371
0.68937147
1.2966
0.70120764
1.129308
