1.28243
1.2357931
1.4983113
1.3711001
1.46918
1.3606353
1.311695
1.6827967
1.1359522
1.250613
1.5001339
1.4076433
1.3643036
1.4987054
1.4429395
1.2810612
1.5909566
1.428868
1.3272011
1.338862
1.3673671
1.4240218
1.193449
1.3568956
1.4616044
1.641506
1.5515685
1.3821259
1.3978539
1.3493261
1.3936265
1.5351495
1.3884206
1.3598447
1.3597245
1.3960605
1.4244752
1.2641047
1.3591716
1.2858478
1.3236935
1.5763807
1.4215603
1.5818341
1.3559306
1.1681179
1.3462198
1.3931634
1.3527198
1.3118927
1.3333586
1.1921679
1.3227515
1.3322055
1.3294374
1.3595566
1.3043365
1.3521814
1.3577981
1.6577063
1.431768
1.2884796
1.4023314
1.219662
1.3681602
1.2726929
1.2447426
1.2873902
1.250235
1.2881336
1.1305375
1.2490537
1.4303035
1.5252241
1.3485216
1.8171928
1.7073438
1.5136402
1.3735986
1.326642
1.4137411
1.3786178
1.3956409
1.287118
1.375433
1.3695575
1.3798964
1.6181961
1.4734964
1.4097836
1.2686735
1.2733212
1.3271804
1.3938446
1.2492678
1.3367496
1.5005622
1.3489262
1.3857157
1.437516
1.4049702
1.4116805
1.4628838
1.3523881
1.2961358
1.5829589
1.4765835
1.6654394
1.417099
1.4005685
1.255365
1.3733695
1.535913
1.4268568
1.3601316
1.2141867
1.2231705
1.3665385
1.2980998
1.400213
1.3113414
1.5158391
1.5904486
1.4948615
1.2628181
1.1702917
1.0925231
1.1395324
1.3476002
1.4422654
1.5980384
1.3462642
1.3751628
1.5457915
1.0919787
1.1302421
1.2419633
1.3546689
1.2168627
1.2504833
1.4239798
1.3642783
1.6755506
1.9864572
1.3472016
1.3786256
1.2066097
1.2837503
1.3798491
1.350416
1.4310535
1.6563148
1.7431277
1.4048588
1.4316231
1.5927966
1.584107
1.3556752
1.428418
1.5123897
1.3095351
1.2534484
1.192769
1.1915507
1.2025471
1.4752924
1.7577062
1.5656371
1.5696981
1.2649801
1.3104978
1.2569674
1.0451264
1.2639949
1.2178997
1.4728849
1.4037256
1.5586934
1.1998744
1.361723
1.2956401
1.255339
1.3993547
1.470734
1.289401
1.3188132
1.506552
1.330842
