0.2193822
0.30198348
0.58008647
0.32868892
0.3843914
0.41013736
0.44494537
0.2652213
0.4111207
0.31634438
0.37454063
0.326895
0.4190102
0.27008143
0.3763318
0.6541902
1.2476052
1.0885035
0.67546976
0.23323977
0.25806695
0.3869446
0.27546632
0.442034
0.48242745
0.37025243
0.41452092
0.45929968
0.43949515
0.56783
0.24976839
0.39229178
0.7214891
0.596638
0.27603087
0.34038085
0.22032449
0.376504
0.37190944
0.48201382
0.39802662
0.2896461
0.44944957
0.41501
0.388156
0.6445841
0.8282082
0.5945734
0.26809183
0.26735827
0.3864524
0.3328387
0.2681138
0.45854998
0.3431146
0.47545376
0.41076726
0.2892239
0.48752725
0.30223516
0.4754499
0.49153987
0.25965196
0.45072842
0.26625592
0.21566272
0.30336708
0.5542611
1.0695302
0.5987152
0.29657444
0.88579154
0.6558696
0.34089598
0.4529807
0.89593023
0.6592437
0.3348409
0.2454067
0.18025625
0.43053776
0.54785377
0.20185989
0.2208705
0.33954832
0.25141457
0.263809
0.5491227
0.5219438
0.54511935
0.36491984
0.41354638
0.47058418
0.39121166
0.33170348
0.36799502
0.25453645
0.27473128
0.38733128
0.32536903
0.31011528
0.32492608
0.20648152
0.26213008
0.45659655
0.39023203
0.41043946
0.5951374
0.7877159
0.6514019
0.45648807
0.29084694
0.277892
0.3691736
0.49568504
0.82030904
0.81655484
0.3615447
0.29782382
0.4918974
0.19202773
0.34357202
0.53403735
0.28036106
0.6617103
0.7146316
0.19902432
0.3620706
0.47214252
0.4595638
0.35193023
0.47991383
0.48392525
0.3013672
0.28472984
0.382321
0.30582118
0.3185066
0.38268834
0.5930134
0.5052232
0.34014943
0.26864585
0.28481665
0.29695278
0.35341328
0.3045488
0.3141985
0.4273108
0.39814046
0.32506472
0.45108575
0.2334732
0.31345838
0.26642427
0.33492565
0.44024992
0.32191163
0.2554062
0.2876895
0.40820542
0.2057752
0.28292286
0.4348887
0.26582238
0.29737622
0.52772367
0.50880957
0.5857103
0.18983501
0.5254973
0.7240489
0.20710295
0.30537757
0.43930224
0.45420575
0.3984927
0.4705863
0.29836813
0.2735538
0.38987708
0.23493472
0.2636763
0.28557512
0.31950718
0.17569771
0.50419277
0.32110307
