1.7420317
1.743922
1.7793164
1.6126132
1.4447341
1.5168253
1.4129595
1.4967377
1.5063379
1.5783036
1.3846475
1.4580499
1.49237
1.4335049
1.5847284
1.7262439
1.711225
1.5171092
1.5649383
1.5342085
1.4610875
1.470689
1.5195531
1.5107046
1.5034444
1.5072734
1.5572908
1.5053712
1.5919456
1.3916087
1.5303354
1.9600327
1.780553
1.7835302
1.5753522
1.5462272
1.5100135
1.5382183
1.4383545
1.5033739
1.6536311
1.6492828
1.5332406
1.4712136
1.4627016
1.5393653
1.5210838
1.6832365
1.8180938
1.7730253
1.4455833
1.4651994
1.537676
1.5173038
1.4875259
1.4281825
1.3737428
1.5165968
1.4937801
1.6068561
1.573967
1.6823065
1.5938016
1.5334758
1.4776989
1.6398203
1.7995825
1.5589459
1.5788044
1.4538076
1.5245914
1.4835973
1.4434481
1.3644181
1.4774793
1.5591736
1.509201
1.5094237
1.6174558
1.5181938
1.6247463
1.5176841
1.5189723
1.4952178
1.507242
1.3500688
1.3613744
1.5113223
1.5227394
1.6155143
1.4150385
1.5947143
1.468364
1.3249545
1.5536512
1.7067883
1.6456113
1.5075178
1.4301109
1.6600709
1.978438
1.6296778
1.3967594
1.4124204
1.4377965
1.4648994
1.6389403
1.8026049
1.6023431
1.4241121
1.4386435
1.4969697
1.5968045
1.863372
2.1133568
1.4117888
1.5552112
1.7022433
1.6275086
1.5930083
1.6765647
1.5655196
1.534131
1.5091965
1.4933362
1.6352968
1.531267
1.5697496
1.4388307
1.4324809
1.4428136
1.3529452
1.6236706
1.4915228
1.4492786
1.5458912
1.5406284
1.5100709
1.680584
1.6968727
1.4792495
1.5279366
1.535527
1.443083
1.4462641
1.6910731
1.5999775
1.54653
1.6108379
1.52405
1.4183257
1.5571963
1.3915162
1.3763604
1.5009251
1.4513494
1.5055237
1.519068
1.4323359
1.5280641
1.5533916
1.6826721
1.6453662
1.3576504
1.5903397
1.4567338
1.6098127
1.6108019
1.839439
1.6577909
1.7020302
1.4256697
1.3300793
1.4462798
1.5787014
1.6302176
1.4243656
1.5194242
1.4901721
1.5470895
1.5088694
1.5828444
1.4699383
1.3604131
1.488354
1.4750879
1.4461548
1.4375572
