1.3355582
0.543386
0.5138816
1.3352399
1.2869911
0.33311164
1.534674
2.3053756
1.1093452
0.47322536
2.2587955
1.0425512
0.8369287
0.73847085
1.7668792
0.5133687
0.5316632
3.372747
0.9483428
0.7281387
1.2183976
0.52065563
1.2188075
1.3310008
0.42959416
0.62488365
1.8878847
0.6593944
0.38525552
2.301959
1.0528561
0.15307143
5.1075244
1.9401541
0.27868462
2.8544285
0.631294
1.7228149
0.45801145
1.9709274
1.7360861
0.28913617
3.0859656
1.7815082
0.3313937
1.1943994
1.6884412
0.7990541
0.54318315
1.9260815
0.9818096
0.45223674
2.953846
1.2244339
0.15750913
4.6177015
0.9415061
0.45648503
1.1270952
1.4541696
0.5614537
0.5568795
2.6053064
1.0610461
0.6357921
1.529599
0.51885045
1.4252162
1.428545
0.60594565
0.6823398
2.3889453
0.99192286
0.63157475
2.2058687
0.50544655
1.7854371
0.38098118
2.8265498
1.3695247
0.4442201
1.3771646
1.7795334
0.71927214
0.40378994
2.7962823
0.85849386
0.20311615
2.9907625
0.8993342
0.76655304
1.27352
1.0568492
0.8778504
0.54460514
1.0392237
0.85165125
1.3304842
0.7300864
1.0803258
0.5975584
2.311509
1.1862718
0.92402667
0.79045594
1.268848
1.6252158
0.64547193
1.2103615
1.9030147
0.7544359
1.0745037
0.74198747
1.1716659
2.1209607
0.2843794
2.6310792
1.4585755
0.25787848
4.0109663
2.094049
0.48068893
1.1385243
1.2665086
1.2080998
0.8961196
1.1396883
0.86928546
1.087713
1.4536308
1.088744
0.65420586
1.5922182
0.6977984
0.74463403
2.1713815
0.9258529
1.0380697
1.7452271
0.72471166
0.7359731
2.3611329
0.40199396
0.99248165
2.611856
0.33688045
2.4213486
0.6080509
0.45330748
2.0684862
1.1216025
1.0725801
1.3099406
1.2418317
0.9469812
0.9575661
0.996163
1.2797513
1.015753
0.71683455
0.75752455
1.3500454
1.0881438
0.33964553
3.461688
0.92705244
0.25115305
2.590392
0.5687176
0.8659786
2.4427145
0.25077718
2.562924
1.4428337
0.24614936
1.4485264
1.0751634
1.3826584
0.7675092
0.77765685
0.8704448
0.9725452
2.410138
0.2705565
3.1063206
2.2459064
0.42715773
0.94119716
