1.8559906
1.0111823
1.1569401
0.6134298
3.268113
0.29242507
0.81456774
3.7184381
1.1902303
0.7367948
1.4486192
1.6308117
0.7026379
0.6397664
0.6669673
2.1721213
1.1092203
1.0904131
0.9621762
0.8427366
0.83486927
1.6637936
0.2921595
3.7879634
2.1368144
0.31600577
2.3548734
1.5360808
0.5436541
0.87950397
2.4827647
0.12020424
5.6829457
0.61661327
0.6829461
3.6921048
0.31072113
3.2480645
1.6306531
1.2392318
0.66133004
0.800019
0.97952926
0.71408343
0.89083076
0.8858504
1.3715937
1.144161
0.54066944
1.4264171
1.1998408
0.43531474
0.77510685
0.7699907
1.4855651
1.1410818
0.8500813
0.4438308
1.0462294
1.4161249
0.98403156
0.3321296
1.1960467
1.560236
0.78694296
0.6583128
1.0066848
0.7461206
1.0207555
0.89444727
2.312518
0.123681664
3.770193
1.0651915
0.13583717
1.4803944
1.3557472
0.6066941
1.472424
1.3407372
0.48275036
0.5750058
0.91992533
1.0313933
0.81366074
1.1052775
0.97454584
0.6559204
2.780184
0.2172358
2.23846
2.0309372
0.8717948
1.179789
1.4642259
0.5836559
0.5664128
0.94236845
1.2430648
0.46572018
1.4945191
0.5512366
0.8599143
1.1651394
0.57559466
1.8682325
0.4785645
1.0328283
1.4271959
0.52132595
0.7687439
1.6000055
2.023882
0.37634057
2.3648596
1.537457
1.4674606
0.14775473
8.473295
1.6835011
0.15876707
6.4216356
3.0716152
0.20575634
3.3590288
2.9000673
0.62307
0.5606591
3.0325005
1.2193758
0.5646641
3.3457494
0.23559463
0.35165522
3.2204962
0.92582846
0.72514874
0.76175106
1.2788843
0.7050159
1.0355034
1.0271641
0.4413595
2.6869607
0.49691564
0.9298972
2.0297651
0.8296355
0.6102581
0.9742086
0.95289016
0.68808794
1.9979897
0.9693516
1.0888449
0.6518858
0.99981594
0.7785603
0.7828234
0.73650837
1.3589656
1.149057
0.9315562
0.76995414
0.950336
1.0413566
0.4161594
0.7228682
0.4341259
0.954514
1.1333108
1.1483654
0.5992856
0.67396945
5.36172
0.1847408
4.0123773
1.5337172
0.48867524
0.78524613
1.0164486
1.1555471
0.37675816
1.0295129
1.2725791
1.717171
0.09899069
1.073556
