1.6980457
1.7976958
1.8696153
1.5902218
1.6240711
1.585827
1.6634536
1.8917813
1.5439224
1.563844
1.6269628
1.5965552
1.6112521
1.6692386
1.6074498
1.612421
1.5251045
1.6616664
1.5448724
1.5201869
1.6488087
1.6168126
1.5851812
1.6170249
1.5292196
1.4809945
1.4828568
1.6431975
1.723876
1.8253658
2.2083282
1.8843843
1.574321
1.6192534
1.6272342
1.6299598
1.5407283
1.5818661
1.5670338
1.7881532
1.7479084
1.6551566
1.6500316
1.6356782
1.5617876
1.5367085
1.5673182
1.511732
1.392664
1.4880152
1.6646334
1.62015
1.5690467
1.5806357
1.4892361
1.5927802
1.7091289
1.7642069
1.6528392
1.84972
1.6813982
1.6628716
1.6097752
1.5380545
1.602017
1.614325
1.6938841
1.5756869
1.5824196
1.6572225
1.6394889
1.5919546
1.542548
1.4843788
1.342327
1.5130105
1.5806531
1.6582752
1.8284022
1.4927495
1.4063103
1.4361516
1.457372
1.5914457
1.7940218
1.5131284
1.6710008
1.5175099
1.6116563
1.5259221
1.6017694
1.7447925
1.6124537
1.5252377
1.6025927
1.589085
1.5436587
1.4304999
1.5009913
1.6310163
1.727491
1.5308201
1.5942156
1.6337483
1.5689085
1.5925086
1.6236304
1.6046984
1.657461
1.4705608
1.5094358
1.4988887
1.6655514
1.539515
1.6118581
1.3758415
1.4211897
1.5859349
1.7562137
1.6304026
1.6159607
1.7891059
1.6703078
1.7158592
1.5791919
1.7512262
1.5987048
1.6423202
1.62362
1.6704934
1.61648
1.4841394
1.4875982
1.6386013
1.4869128
1.469498
1.5028248
1.6035928
1.4823211
1.4815643
1.6313777
1.6747303
1.9462508
2.0965788
1.6344311
1.7922201
1.6647439
1.6570382
1.6269908
1.623637
1.7637596
1.6603762
1.5653566
1.6447961
1.6165485
1.636127
1.6206017
1.4913045
1.5770562
1.6795251
1.7141149
1.6833313
1.4987643
1.5092546
1.5345387
1.532485
1.5109773
1.5649552
1.5384395
1.5155224
1.6096617
1.7044265
1.6280327
1.6190068
1.5408789
1.7036655
1.6385027
1.6637985
1.7063243
1.4756434
1.5135165
1.5017259
1.5537475
1.5354815
1.6638031
1.6338284
1.6382989
1.4419713
