1.040705
0.85139716
0.8249096
0.9559211
0.6684394
1.5852836
0.38501143
1.7594199
0.7256615
0.64833045
1.1600221
0.83866394
0.7135917
1.471014
0.7481846
1.0157089
0.8281789
0.7391259
1.0030406
1.0717438
0.61777925
1.0479053
1.0508506
0.5282
1.4963772
0.7017375
0.6793555
0.90284735
1.1671383
0.7226044
0.79615307
1.4331583
0.61801416
1.0797384
0.51562256
1.4017222
0.8303797
0.69374603
0.8963984
0.94421494
0.6059667
1.0240843
0.86508423
0.93880653
0.91755843
0.83015275
0.94407976
0.7662109
1.4978595
0.52805877
1.012688
0.7369829
0.76361406
1.1902723
0.6710708
0.89069724
0.90428114
0.930366
0.759354
0.90430665
1.2062867
0.35119635
1.5192295
0.89784116
0.65101707
0.9902636
1.1084106
0.6679953
0.9150238
0.7120871
0.6435482
1.3417829
0.9737227
0.6527643
0.8674455
1.4477128
0.51302075
1.2368059
0.6472071
0.8980454
0.94580066
0.7721764
0.85651815
0.92729974
0.9032199
0.6090454
0.9265635
1.1959013
0.54195064
1.1772928
0.6936464
1.1061382
0.70948434
0.6855241
1.1523459
0.796813
0.5311098
1.5328152
0.7826724
0.67531633
0.95608395
0.97104406
0.7609496
0.82911223
0.8764401
0.8006999
0.84648013
0.68887615
1.2312828
0.55987394
1.3572905
0.75791824
0.73833954
1.0809342
0.6691799
0.9516162
0.9325749
0.6566304
1.3623093
0.5400398
1.0187849
1.1022849
0.7319032
0.7380007
1.0568078
0.70121646
0.96043515
0.9304897
0.61491966
1.2595284
0.76485753
0.684647
1.0756496
0.998683
0.7355944
0.8879707
0.61887246
1.2347518
0.59810555
0.92746955
1.0643244
0.6840692
1.2359099
0.59877867
1.3743876
0.66915995
0.7289921
1.427174
0.6230875
0.88229513
1.2182801
0.4499516
1.0508026
0.9265177
0.78083897
1.2342325
0.6726426
0.7721474
0.82697356
0.7182777
1.3427885
0.6899452
0.9022013
0.8409866
1.0007906
0.7440807
1.163172
0.45603636
1.3712165
0.7858244
0.7592168
1.241927
0.61055285
0.96760213
0.86660844
1.1613669
0.70629704
0.7453127
1.0235194
0.731325
0.75970286
0.91048175
0.97964627
0.81644833
1.0350685
0.79882246
1.0700483
0.4205922
