0.86884695
0.829846
0.72454166
0.83695215
0.78544986
1.1089687
1.1820962
0.8756347
0.81713647
1.0398763
0.91947424
1.0738634
1.0915306
0.8545104
0.8635728
0.8093895
0.75443447
0.9129554
0.7430742
0.96837056
1.1331648
0.84469914
1.0420431
0.84452176
1.2524085
1.643123
1.8343731
0.9928298
0.89868903
1.1614354
1.0771351
1.1584575
1.0495291
1.1931834
0.72862756
1.2970304
1.1598707
1.1148624
0.8959203
0.8764206
0.9385789
1.0513915
1.2505229
0.97978675
0.8388394
1.009373
1.0293741
1.391771
1.7990413
0.7096119
0.8545925
1.40081
1.6731149
1.126916
0.9078243
1.1732552
0.8526463
1.4995099
1.58907
1.0473907
0.8821204
0.94649017
1.1416904
0.8871653
1.2859455
1.2955981
0.9691736
0.754128
1.355077
1.2284609
1.0146586
1.1752427
0.91248727
1.0420322
0.83258724
0.7420464
0.74848473
0.91175044
0.80203944
0.89557594
1.1102045
1.0077094
0.75898427
0.93104815
0.94590306
0.9843582
1.0222266
1.4258217
1.3059382
0.8655852
0.9072018
0.8941313
0.9196404
0.99321765
1.0678099
0.8602929
0.9685842
1.0192568
0.8332891
0.8191204
0.9801743
1.4580623
1.4633532
0.9730881
1.1798053
1.1197975
0.94423544
0.8610479
1.0869154
0.96045464
0.8032596
0.8670299
1.2766404
1.3238734
0.7371805
0.8334961
1.1482779
1.0374167
0.79572445
1.0248493
0.9644563
0.74008954
1.0543705
0.9860059
0.9565945
0.90222746
0.79608524
0.8299954
0.81305695
0.9086654
0.8096739
0.7932726
1.1041484
0.7716408
0.703491
0.79358435
0.95382416
0.70699763
0.81281483
0.8440453
1.0372996
1.3052561
1.2007606
0.7931881
1.0458175
1.4150497
1.194285
1.0760014
0.7948524
0.7988498
1.2322376
1.3454853
0.99757445
0.8573122
0.915285
0.9649653
0.80427027
0.799335
0.9047625
0.8036357
0.95177644
1.216829
0.9027256
1.2228663
0.7671184
0.7687868
0.69160855
0.778057
1.0979226
0.8517387
1.1943192
0.93586063
0.59655535
1.0437298
1.8871322
1.545435
1.246948
0.85657936
0.835708
0.87291
0.9975219
0.8984222
0.8558897
0.9948287
1.2659656
0.9938808
1.0157781
2.2358277
