0.25554776
0.25503176
0.2891213
0.23742738
0.32619452
0.12334201
0.12581737
0.45949844
1.2734792
0.447827
0.871048
0.5302699
0.052422255
0.083306864
0.12207073
0.105738826
0.07548677
0.050277703
0.068378046
0.038880862
0.32791296
0.8174369
0.80311453
0.39068666
0.21359
0.11686292
0.04887473
0.08028832
0.17901604
0.087957054
0.114659
0.119742945
0.13299276
0.10193869
0.16978404
0.115197636
0.23539564
0.07245462
0.18714155
0.18116134
0.37200627
0.08018403
0.16570735
0.17364411
0.32262096
0.06424778
0.055273212
0.33934158
0.16121775
0.348115
0.074913576
0.32783666
0.109143525
0.13895063
0.07649412
0.021473771
0.16086595
0.035892025
0.21737535
0.06045155
0.26490647
0.061108325
0.3243199
0.14503053
0.14449859
0.045539476
0.15220886
0.16156854
0.04147778
0.09894555
0.029845487
0.10793037
0.13303515
0.12104687
0.09261369
0.051513143
0.046400394
0.20086783
0.23996149
0.09135214
0.05697695
0.10319034
0.0879175
0.12591568
0.0538104
0.07986394
0.07848126
0.04629337
0.06484874
0.11517128
0.16755447
0.076970875
0.17224845
0.16399443
0.6480224
0.29687658
0.15106873
0.06220533
0.07154201
0.042120364
0.059554655
0.052225884
0.039389707
0.13407367
0.025651768
0.24758428
0.46582875
0.1126134
0.46546176
0.059086464
0.5021299
0.09461922
0.28017947
0.06496914
0.55733675
0.5631321
0.13298866
0.2442334
0.11379838
0.17639334
0.09083981
0.110449046
0.087734655
0.18329126
0.039950214
0.15330034
0.08096112
0.051391393
0.07200156
0.1379342
0.15345123
0.14965148
0.06347968
0.18913083
0.116942346
0.07459669
0.116560705
0.037639976
0.11587203
0.021109076
0.055847503
0.03335664
0.14725131
0.18982412
0.16700111
0.10725421
0.22121125
0.032746755
0.10245112
0.07769864
0.13527189
0.07067196
0.0806998
0.0462963
0.06670511
0.13689506
0.23079509
0.1078831
0.12484914
0.07746863
0.10639214
0.08958663
0.061724965
0.152639
0.13481216
0.050115973
0.07266861
0.050560802
0.028331773
0.042794958
0.02905409
0.044100385
0.23145853
0.36071807
0.2902464
0.116567254
0.04060633
0.22281368
0.26755267
0.024275018
0.116834894
0.03347704
0.053083792
0.109505825
0.046832517
0.13044684
0.06063436
0.06873533
0.06048103
0.15081
0.06307625
0.066994235
0.07925176
0.13317183
0.0906095
0.45817676
0.18023255
0.116926454
0.040881153
0.09490819
0.559693
1.6252148
2.2733724
0.7345167
0.069005564
0.14193305
0.29300624
0.3706682
0.8704945
1.2960241
0.3010591
0.3294975
0.13465863
0.11849068
0.057444494
0.1777375
0.2539103
0.24227633
0.062312752
0.15936233
0.061223887
0.1961533
0.029115435
0.24750824
0.10516062
0.06568047
0.19311167
0.1693274
0.12935226
0.19129089
0.20408377
0.33287555
0.10385061
0.16838586
0.051683877
0.12678622
0.08321461
0.07612155
0.05235269
0.08814089
0.11427499
0.15863058
0.12724774
0.1507528
0.15203218
0.116266765
0.101273924
0.05151952
0.13418424
0.04997877
0.14351344
0.12716632
0.05299551
0.07053455
0.09625444
0.04616889
0.13067871
0.1453338
0.3152059
0.3091736
0.16978015
0.27134046
0.068759225
0.034654595
0.20674405
0.11803321
0.14175798
0.07478142
0.04762538
0.090071954
0.07710352
0.04785765
0.06222084
0.06739109
0.15883905
0.075478494
0.049626052
0.08039719
0.057692524
0.13315985
0.019446256
0.031397756
0.054240517
0.16155276
0.117287844
0.07090501
0.081944406
0.30444056
0.25708407
0.06971215
0.068134986
0.07205393
0.07781272
0.075913765
0.025534973
0.047244318
0.07949474
0.09446306
0.06791243
0.06439608
0.044390745
0.087073445
0.11355133
0.05596436
0.048866406
0.053389538
0.073046625
0.07288383
0.15152949
0.15895116
0.033723433
0.031541213
0.042423114
0.1036558
0.050738458
0.07750072
0.05369559
0.07578292
0.087953016
0.051563337
0.060160175
0.08042589
0.079367235
0.07019679
0.14774114
0.21156268
0.082783185
0.03800281
0.039372012
0.048087507
0.039632767
0.027532566
0.05201158
0.06326828
0.034489036
0.04398395
0.08645247
0.046703123
0.09662819
0.026964901
0.28127518
0.13955612
0.4438558
0.06680073
0.70072705
0.6079686
0.10642524
0.28575557
0.02198992
0.01665404
0.47660133
0.6579767
0.069068044
0.22164844
0.021253485
0.12071265
0.04807243
0.52048075
0.90195394
0.040784065
0.5410801
0.20252818
0.15056083
0.052094147
0.14663228
0.018680055
0.06851873
0.012042255
0.085693635
0.32779047
0.5339444
0.08942097
0.3147417
0.23675472
0.056043856
