0.3968668
0.38223657
0.45735192
0.57090974
0.8234873
1.0083724
0.8116585
0.4695234
0.39671174
0.4804893
0.46311796
0.26134732
0.58464456
0.2762358
0.5535972
0.4439196
0.61526334
1.5799286
1.904892
0.66653335
0.59632754
0.7076487
0.7498467
0.6207684
0.84769666
0.9205358
0.8810649
1.3774495
0.563818
0.7274851
1.1320715
0.6902345
0.53389305
0.813089
0.57748604
0.66640383
0.75120646
1.1160531
0.77305585
0.43586513
0.32885063
0.52833605
0.6089621
0.67331576
0.7736984
0.5215163
0.39539206
0.85928065
1.6489418
1.8518867
0.7205991
0.6799732
0.84853613
0.64363766
0.58853996
0.752053
0.69418824
0.57559234
0.49364167
0.471739
0.53331643
0.67657614
0.46021026
0.5814931
0.60126543
0.628003
0.4656499
0.49713588
0.3817609
0.47948325
0.66764724
0.44644612
0.39881414
0.46641672
0.31187892
0.5287625
0.597824
0.85759646
0.46771973
0.7030655
1.1404728
0.56624854
0.37620452
0.5063474
0.8081399
0.8291457
0.3648591
0.87145823
0.7208701
0.3377217
0.7140325
0.64165634
0.41921833
0.66604424
0.640809
0.3659857
0.39623654
0.52612615
0.4880188
1.0351413
1.4959823
1.8871176
1.0286292
0.6339379
0.6750915
0.541454
0.63492584
0.65343463
0.6477833
0.4625675
0.37220937
0.49404183
0.54549754
0.40993512
0.6513636
0.8415766
0.816731
0.337786
0.60942274
0.74281985
0.3740825
0.6048156
0.6485614
0.73177093
0.49732265
0.5311743
0.6449035
0.4266778
0.58286583
0.45428786
0.49834397
0.52264
0.49582866
0.42362455
0.29171297
0.5328944
0.6561776
0.63099515
0.39971995
0.5162897
0.57623553
0.619242
0.7319552
0.8024062
0.5446085
0.45110705
0.6223964
0.32902074
0.50827515
0.7634454
0.5975236
0.38523465
0.6569718
0.89722073
0.5012167
0.39631104
0.5109402
0.5773001
0.46287778
0.44879425
0.61068153
0.40867302
0.4750275
0.53320235
0.4597665
0.4363212
0.52540183
0.71767807
2.0430558
1.9173592
0.61088085
0.60963905
0.73530364
1.092909
0.8802148
0.9092848
0.5199326
0.6706295
0.60965526
0.7679926
0.7334147
0.64218915
0.46239313
0.628127
0.45384803
0.38496706
0.41542625
0.35664472
