1.429636
1.9264752
0.2802846
1.4141564
2.143785
0.14505655
5.356516
1.3445748
0.49906403
0.9713356
1.5834754
1.9838874
0.1694062
3.317355
2.174664
1.119923
0.5071509
1.9661367
1.2581527
0.4558042
1.6944032
0.38379383
4.765685
0.944952
0.53354347
3.9002562
0.71719337
1.5900428
0.6216128
2.7692819
0.70182467
0.43944257
2.869907
2.1464803
0.16540068
0.9369035
1.1564549
1.4473357
0.9949572
1.0629742
1.3406414
1.2927032
1.3960531
1.0254991
0.9608222
0.4730702
2.8874612
0.42049325
0.8137268
1.7436357
0.7412953
0.7242775
0.75525063
0.9619905
0.87011135
0.43743777
1.9850302
1.3738172
0.57626116
1.7077245
1.4188976
0.44554734
3.0665278
1.2035551
0.6199782
2.0950522
1.1316218
0.63136864
0.96386194
0.8176529
0.86891407
1.2065064
1.4105389
0.46830094
1.404158
0.97224367
0.8708138
0.5129669
2.1684546
1.4834402
0.31725666
2.9552078
0.763276
0.89820683
1.3284938
0.9703958
1.9129597
0.18256286
3.90269
1.5223806
0.75114506
0.7356686
3.0759766
1.3508849
0.40334463
0.818322
3.5889542
0.35717368
1.260968
2.3437185
0.58474773
0.4501021
2.3908453
1.373028
0.87574726
0.59624815
3.1480334
0.7384101
1.1060637
2.3900456
0.4372211
1.8553135
1.4802735
0.78081936
2.4735782
0.31012607
6.5123854
1.9857084
0.35705844
5.0285063
1.0244414
0.3300824
2.068372
1.4178038
0.7789177
1.2625715
1.3643769
0.5199828
0.9482275
1.8713593
0.61573935
0.7464357
1.1867617
1.1462495
1.065981
0.9198837
1.0569412
1.950633
0.2885508
1.46594
2.9140975
0.16286242
5.1222305
1.0687828
0.4741946
4.5527
0.502088
1.0059621
2.101717
0.8736691
0.62139076
3.0342135
0.6041578
1.5369709
1.5086048
0.65436506
1.1395576
1.4671633
0.92217875
0.95641184
0.5702555
1.0879121
1.3564588
0.8007388
0.9136201
0.9779072
0.93407315
0.38883215
2.893998
2.0780354
0.46094087
3.1423426
0.42254877
2.0452018
1.7804155
0.08914621
8.852515
0.25642043
2.9693835
1.227714
0.20318292
3.9393463
0.69342566
1.5710008
0.41189882
3.236844
1.5912132
0.39387667
