0.7348875
0.70841694
0.77982175
0.9625211
0.9333081
0.93852943
0.98339176
0.7354271
1.0601677
0.8525804
0.931198
0.9582294
0.9082305
1.1128992
0.81436515
1.0511606
0.9432087
0.99093896
1.0699981
0.8991987
0.9275301
1.1950171
0.76752114
1.2632246
0.60406524
1.4243649
0.93572134
0.6694005
1.0427632
1.1351731
0.42697003
1.5464938
0.7947359
0.8645693
1.0032105
0.8391603
1.2907546
0.59066343
1.0521129
0.83615255
1.0689996
1.0811464
0.7424587
0.919187
1.6833923
0.6085173
0.89566857
1.0271769
1.0421072
0.79110193
1.155854
0.5224535
1.690661
0.6162442
1.120513
0.89623964
0.7868757
0.76249623
0.9318626
1.0640614
1.0016605
0.8140447
0.814505
0.77366877
1.0016071
0.7769777
1.0022986
1.1742828
0.89991117
0.71676636
1.4131615
0.6987031
1.2113091
0.70404613
1.3262194
0.7687571
0.81637734
1.6101797
0.3370219
2.528582
0.9403955
0.40889293
0.98301375
1.1207868
0.70628107
0.91790754
1.0308759
0.8320379
1.0538191
0.8774303
0.8758315
1.1323764
0.8318445
1.1989818
0.84950763
0.6719086
1.2544076
0.8894559
0.917401
0.91234815
0.74316317
1.5536909
0.5865454
1.0629954
0.98659086
0.65548307
1.2698822
0.7687609
0.926617
0.81942046
1.0547299
0.8510598
1.1198218
0.3990953
2.3847382
0.70360935
0.66351676
1.3577983
0.8609559
0.8784862
1.2940503
0.7919177
0.94748855
0.8956963
1.0760491
1.0281651
0.8674231
1.0496151
0.75228137
1.3205914
0.5431342
1.6495066
0.5689931
1.9529929
0.79890066
0.8625201
1.1434537
0.73279405
1.5194209
0.59530497
0.79430294
0.9281413
0.9932091
0.7637483
0.79103714
1.0182747
0.890352
1.0314734
0.66500753
1.2946016
0.5395565
1.3807061
1.0128382
0.6009052
1.5654421
0.7098048
0.8578671
1.134489
0.9482655
1.0053918
0.8889371
1.0208656
1.0430573
0.8465332
1.4912302
0.63028944
1.2725811
0.8236678
1.0104234
1.5851204
0.47496969
1.5639226
0.45639798
1.8225031
0.8245111
0.69783
1.4229691
0.7999656
0.92539203
1.000665
0.7866123
1.1099839
0.81572914
0.8917486
1.0276129
0.80240685
0.6604736
1.082984
