1.3298573
4.313195
0.6037315
0.510056
1.9890952
3.4351144
1.1780066
0.57995373
3.1709392
1.0222706
0.5678305
0.9240748
3.4127567
1.1152534
0.61287534
1.835149
1.0295589
1.0597577
1.1782465
1.59412
0.9644644
1.1758413
1.1103626
2.0705264
0.9790724
1.0640104
1.2631223
1.5576016
1.0464426
0.7346246
1.5343788
2.0071592
1.0248694
0.7225625
0.9485959
3.3945332
1.4525933
0.8840651
3.715643
1.5556474
0.38562727
2.6458826
1.0256554
1.0971509
0.98426664
1.2555903
4.0813885
1.1249385
0.7023022
3.7000642
0.82221025
0.78803945
3.4111896
1.4707099
0.59167206
2.472558
1.5827727
1.4787471
0.51017964
2.4840493
1.679863
1.5508564
0.4002512
2.922823
2.1939597
0.5204812
0.99115217
2.403555
0.9438665
1.1815004
1.1888049
0.994427
1.4898914
1.2727906
0.78632075
0.62958145
2.49335
1.6161339
0.8518977
0.6649777
1.541639
1.5215878
1.3409863
1.3392096
0.22025228
3.4430943
2.4609632
0.6139902
1.3736116
2.0408149
1.7612457
0.7774612
0.5337631
4.1084666
2.5251794
0.8523375
0.43837267
2.8095672
3.4097815
1.9514807
0.17736843
5.7582464
2.1601083
0.064065844
8.693659
0.15563044
5.419951
0.2600395
1.4824345
4.9337564
0.4597934
0.34505826
1.6969349
2.4940748
0.3240322
2.2151775
0.83390355
1.5581782
1.1390374
0.7433971
1.2280791
1.4485997
1.5010458
0.56163013
0.66015846
2.2861876
1.1244782
1.1582094
0.89468956
0.36308604
2.8009508
2.0713172
0.3807289
2.367897
1.7586223
1.0672907
0.35615236
4.031974
1.5989063
0.31316546
1.1842961
2.8960323
1.6045909
0.50076234
2.2805007
1.7994583
1.2768277
0.5687154
2.3932822
1.9950092
1.2184938
0.36047304
2.5997808
1.8863907
0.5518632
1.9002329
3.074275
1.0147737
0.53966254
2.1584857
2.208596
0.6732271
1.0081894
1.4399601
1.6566916
0.25585788
1.812165
1.8615925
0.9864105
0.4685923
2.1883657
2.3576117
1.4075482
0.6023834
1.3632652
1.9039043
1.0034689
1.2617583
1.2258401
1.254364
0.6406767
2.215347
1.4042143
0.9953969
1.2360373
1.6674329
1.7217255
0.71190894
