0.059032243
0.113584004
0.04070965
0.10925619
0.06987866
0.058745887
0.12683505
0.027827915
0.20233576
0.121159896
0.10579208
0.043153003
0.09796763
0.07063766
0.32480702
0.39068127
0.031151418
0.09702305
0.12873973
0.07362232
0.050563276
0.07717608
0.070066065
0.05386513
0.10295789
0.08153255
0.09668785
0.10132526
0.08600113
0.11365318
0.14364314
0.08548016
0.06352592
0.15681298
0.13788469
0.046708293
0.060450748
0.045795538
0.07332936
0.049489614
0.10441118
0.06880486
0.089352906
0.07507239
0.09247801
0.14351799
0.15302163
0.09788762
0.07898947
0.11925159
0.10991639
0.073093526
0.06839343
0.04407603
0.097289205
0.07363847
0.11681577
0.04676535
0.03819077
0.7105796
2.5958045
5.368699
2.0167284
2.3683698
0.5102924
0.5827936
0.4427367
0.074839965
0.51337147
1.8707333
4.880811
0.42848969
2.1968982
0.50371194
0.26530448
0.29176918
0.33429247
0.14583008
0.3523765
0.59508425
0.7396419
0.28089333
0.41320962
0.6283764
0.6195033
0.25935292
0.2075367
0.22115912
0.16952473
0.27860752
0.34371606
0.17401552
0.58926004
0.34190908
0.18168074
0.41599053
0.1862817
0.15246785
0.45937756
0.14222215
0.38287666
0.20412093
0.6179335
0.5498468
0.34900618
0.6555788
0.054790065
0.20720217
0.06859152
0.13539162
0.23444912
0.13770375
0.12176223
0.10525133
0.18639791
0.27562505
0.14041924
0.2751506
0.15238014
0.3109785
0.18138342
0.098909035
0.3004302
0.6587657
2.0756822
2.0757062
0.77732694
0.21606529
0.18475766
0.14423332
0.3864041
0.2459847
0.34152955
1.1793685
1.8710005
2.8051708
0.13105997
1.0650728
0.66062135
0.33767658
1.5517008
0.9970031
0.3956426
0.8390143
0.27700326
0.23489565
0.072843775
0.41802967
0.52897334
0.39185822
0.550424
0.2898052
0.14202704
0.12889504
0.21376488
0.2536198
0.3569812
0.39906284
0.14552124
0.18586287
0.14694104
0.08948009
0.1695947
0.2780497
0.21688707
0.22020774
0.07572652
0.16161294
0.18777092
0.45950133
0.20026504
0.098425716
0.29816648
0.4140675
0.05424691
0.29717082
0.23586622
0.08329463
0.16175449
0.1649148
0.13020377
0.09242111
0.32301477
0.28931397
0.37840328
0.17805174
0.17054752
0.14470948
