0.6687101
0.3325735
0.33778304
0.43742993
0.36607748
0.4696208
0.59995806
0.14806578
0.31734186
0.40990108
0.5601149
0.78621864
0.4720912
0.26166558
0.24315202
0.37897035
0.21429247
0.3782263
0.62885123
0.72243273
0.21165372
0.20959306
0.30609423
0.35143778
0.42808568
0.60135627
0.25778636
0.51173496
1.042484
1.3550926
1.9548433
4.5920777
0.63052315
0.79610056
2.8269165
5.273396
2.5416574
4.591416
2.866027
4.062416
6.059112
14.996802
7.6614084
5.5159764
3.8149467
3.0862103
2.6118388
2.7321527
2.4449475
2.512624
3.060355
2.6769655
2.970112
2.510042
2.407335
2.4263253
1.6074063
2.1174626
2.2718468
1.8914914
1.6591548
1.6120379
1.7503635
1.640461
1.8618324
1.5551115
1.5442683
1.6536704
2.3404272
1.4161732
1.3815788
1.4571958
1.3046801
1.5955833
1.8001003
3.6369424
1.2221717
0.9701178
1.1247156
1.1102577
1.6559536
1.0718775
0.92261994
0.7911173
1.1545424
0.9522484
0.6896741
1.4816769
1.64121
1.1621544
1.1908361
1.8601584
1.8774487
1.3210441
1.4673507
2.15202
1.3295568
0.5128597
0.8063487
0.75543296
0.5317833
0.85317695
0.84071255
0.78076124
0.87802804
1.4303806
1.4115024
0.549131
0.9400686
0.5223937
0.83550286
0.5130672
0.6754349
0.6481575
1.2782952
0.8919194
0.5006646
0.38527924
0.5871519
0.5791819
0.81516314
0.42603278
0.447527
0.6947697
0.58788306
0.5764157
0.52766275
0.5640478
0.9265195
0.88533497
1.0170434
0.5525822
0.4528575
0.83866346
0.6539023
0.54382324
0.43069613
0.5807394
0.46282485
0.46756685
0.4871801
0.603535
1.1303724
0.93237036
0.5534561
0.51019824
0.61189395
1.1812536
0.6280915
0.60849273
0.43603808
0.68215835
0.2570236
0.7256043
0.72735965
0.51403254
0.3844057
0.4392276
0.3402323
0.45060602
0.59339374
0.38420647
0.4812237
0.42548156
0.43774784
0.44439352
0.48003235
0.6130693
0.91040707
0.34208703
0.39146593
0.33134687
0.36473787
0.5632291
0.4292031
0.6200949
0.4977228
0.24515417
0.32427925
0.2923677
0.3062182
0.38782093
0.794315
1.2164123
0.43309215
0.23077805
0.35859492
0.44577274
