0.42110127
1.7857013
0.6803539
0.7042134
1.0634578
0.5532403
1.91503
0.35969508
1.2368332
0.76433647
1.2773052
0.5979394
1.2336193
0.8200883
0.4203899
2.4313266
0.3956079
1.6777048
0.8092053
0.70023215
1.3241305
0.5940373
1.7139103
0.5234112
1.2650268
0.8878516
1.2962152
0.7730577
0.8389185
1.1504573
0.44166023
1.9476205
0.57412267
0.9550604
1.2743776
0.59489375
1.2005285
0.7170892
0.7683138
1.1221243
0.6303034
1.5570133
0.6559833
0.93414986
1.4018321
0.6824639
0.82167494
0.7817704
1.5514921
0.49233156
1.9104105
0.44612223
2.031413
0.47480464
0.91899663
1.2038482
0.72930646
1.0879145
0.83084834
0.84361064
1.2341987
0.37443668
2.8427474
0.5324253
0.8341005
1.3125639
0.7302521
1.1279883
0.95060825
0.5861324
2.3062482
0.393901
1.257754
0.7685563
0.84831005
0.9444214
0.72192466
1.2671131
0.84739625
1.5199373
0.3536558
1.7515844
0.50403094
1.0116456
0.96389765
0.8842294
0.6793033
1.4511364
0.7798524
0.8356879
1.172776
1.0022182
0.52029896
2.6063144
0.50888264
1.3540269
1.1194506
1.0549893
0.62776136
0.9682237
0.9835614
0.91943234
1.1353073
0.7381787
1.194854
0.60588014
1.4047226
0.5905849
1.0629747
0.8915384
1.1835053
0.60060227
2.0676787
0.3371582
2.3778796
0.5497758
1.0349864
0.84084886
0.71089613
1.877712
0.6179458
0.7418354
1.7299597
0.5215248
0.9025902
1.5030756
0.79809153
0.92973137
0.6047971
1.4438543
0.29509467
2.2381432
0.50155234
0.98537153
1.4734573
0.6332848
1.2431219
1.0029614
1.0040915
0.7180283
1.0145643
0.41685104
2.175768
0.44848195
1.235104
0.60777545
1.7526116
0.48758322
0.96956575
1.1390653
0.481179
2.0891519
0.7588284
0.6990458
1.4319391
0.756971
0.5855885
1.4657615
0.5904801
1.1307768
0.7675774
0.9493637
0.8604793
1.1452655
0.5461157
1.651741
0.28073245
2.5892456
0.8370459
0.87065834
1.1327952
0.7314021
1.1172464
0.7054466
1.357262
0.75027895
0.93736446
1.3251191
0.5801302
1.3413019
0.6689054
1.142551
0.87364805
0.69193923
1.7575092
0.3797603
1.1074086
1.2576432
