1.0850221
0.98882425
1.2045863
0.85769826
1.208919
0.97357035
1.1546403
1.005044
1.0797334
0.93749857
1.2852087
0.9975424
1.0130006
1.3599118
0.940657
1.2564986
1.103165
1.1307068
1.0787486
1.1192548
0.9658942
1.1962738
0.93066776
1.31977
0.9754305
1.035297
1.0585984
1.0881488
0.97598726
1.1665726
0.8372029
1.306493
0.98480576
1.2015426
0.94310737
0.9129513
1.1221396
0.91712
1.2029331
0.8842893
1.1938182
1.0689348
0.9629372
1.1968933
0.90193295
1.0179993
1.1956692
0.88137776
1.4196581
0.85807365
1.1386983
0.95139724
1.1195704
0.95949113
1.0585402
0.9253024
1.1775042
0.9172171
1.1084312
1.073545
0.90992504
1.362618
0.8270103
1.4251845
1.0265119
1.0152905
1.0631019
0.8403176
1.2846484
0.8435983
1.1614125
0.99389386
0.8900944
1.1728675
1.0413432
0.99016607
1.2626376
0.80957365
1.322697
0.8930819
1.1219876
1.1094937
1.0499082
1.1645746
1.0111755
1.162008
0.9123157
1.2989136
0.87475485
1.1708871
0.8288071
1.3522565
0.80934703
1.2140944
1.0487134
1.0585885
1.0373282
0.99083364
1.0389446
1.0603341
1.2438675
0.82084745
1.2516415
0.88061345
1.2184355
0.928972
1.0567431
1.1611795
1.0758052
1.0962725
0.92436326
1.2741818
0.9412676
1.153645
0.91022664
1.3139951
0.9580885
1.1892929
0.97536904
0.97869873
1.1571249
0.85411644
1.3339782
0.9325207
1.0765928
1.302691
0.8241142
1.3373504
1.011541
1.201227
0.92751503
1.1762991
1.0817184
1.0454512
0.99640334
1.1146835
0.9778423
1.0901511
1.0861163
1.2118428
0.81235653
1.3101197
0.8248198
1.188901
0.9614779
1.0843427
1.0038854
1.1614497
0.94619715
1.1920776
0.9684181
1.1574905
1.170004
0.95942783
1.2513938
0.871121
1.0470504
1.0289692
0.9960114
1.1244977
0.9871552
0.962673
1.3149407
0.82462656
1.2092593
0.98692966
1.0539907
1.173134
0.9557332
1.0849187
0.98938906
1.0026208
0.94758916
1.1248825
1.049017
1.0648651
1.0767584
1.0740315
1.118724
0.9300804
1.3210676
0.8933915
1.1634698
0.9576898
0.9560478
1.1807415
0.9170006
1.0190368
