1.0012465
0.7904997
1.2114749
0.85863507
0.777616
1.2865537
0.83469605
0.8514522
1.2836927
0.6684349
1.0019779
0.89092463
0.8525287
0.9998698
0.85173523
1.066437
0.97207236
1.0671529
0.8764681
1.3551207
0.6784398
1.2748389
0.9702343
0.76537365
1.0836744
0.9889596
0.9108398
0.88178194
1.088633
0.9378547
0.71559644
1.1067374
0.8867581
0.9490657
1.0816417
0.8397105
1.0445733
0.84574723
0.823843
1.1970491
0.7244351
1.3541496
0.7506008
0.94668335
1.2809447
0.73904204
0.951264
0.77165496
1.0701275
0.7903533
0.814585
0.74152076
1.2426777
0.73318756
0.93382597
1.0055122
1.0239673
0.7537101
1.0482235
0.9169844
0.8588481
1.088306
0.8725871
1.2185926
0.70899165
1.5176892
0.6738521
1.1766036
0.7842055
0.9058713
0.8167387
1.1796881
0.8557023
0.8860276
1.2263718
0.7892717
0.7540246
1.2588174
0.71148163
0.7385084
1.1564386
0.6863612
1.1956799
0.9442906
0.74160784
0.917374
0.9541302
0.8039479
0.86471283
1.1013813
0.7079704
1.1056328
0.866606
1.1497799
0.652405
1.1660903
0.94276476
0.87828326
0.9903303
0.9315743
0.96678233
0.7742851
1.3848224
0.7106378
1.0198557
0.8630699
0.89634705
0.94433105
0.8227249
0.8045474
0.9490393
1.0561842
0.8304187
0.87455755
1.1300523
0.711125
1.3096232
0.6443341
1.2193025
0.9325137
1.1229566
0.69542724
1.4756609
0.67630655
0.83320963
1.1845047
0.93585086
0.9063642
0.9225552
0.9022534
0.90211856
0.9329976
0.7680321
0.92891955
1.0600508
0.8382553
1.0082774
0.8666878
0.9285221
0.85715646
0.9073436
0.6416043
1.8484707
0.714897
0.76168746
1.1651949
0.83951855
0.80383337
1.1166612
1.0102856
0.66739327
1.2281132
0.899684
0.63646233
1.2803192
0.84870577
0.85526466
1.0727117
0.9480697
0.8276635
0.9907587
0.7699202
0.82858956
0.97823185
0.89945805
0.8737123
1.1844332
0.6051247
1.231962
0.8320047
0.9560214
0.90172946
0.7585013
1.2468421
0.6536244
1.1049621
0.75860935
1.0277876
0.81651425
1.035732
0.84233207
1.0663204
0.747103
1.003123
0.7898625
0.8728122
0.8206938
1.1683984
