0.06017266
0.04922934
0.22793636
0.23735338
0.14158857
0.049697425
0.16557762
0.24038687
0.027982838
0.5077358
0.9256535
1.8855166
4.73769
7.8252177
9.81573
14.262027
6.4199333
8.562035
5.146758
3.434668
3.9799118
4.0980735
2.93324
2.431622
2.1480389
2.4601948
2.0047388
2.0279999
1.8672174
2.033496
2.3725572
2.511349
2.1478782
2.1975036
1.8742534
1.7995886
1.6884845
1.9954672
2.573064
1.5519063
2.419338
2.5894573
1.871602
2.172873
2.2965288
1.5183263
1.9696575
1.7707789
1.4765162
1.5862645
1.5276077
1.3262999
1.6485085
1.4964557
1.3804259
1.4749606
1.2949879
1.7403713
1.6484311
1.7520304
1.9847909
1.9184103
1.6871066
1.6143223
2.2347298
1.4382696
1.5225759
1.11744
1.0792613
1.4503872
1.1395109
1.6274868
1.6120954
1.7149513
1.7341132
1.6953442
1.4906602
1.2370496
1.8224984
3.1999762
1.8463995
1.2223561
1.5390337
1.3372356
1.3085891
1.6161933
1.7219908
1.2508245
1.2962782
0.9879205
0.73620844
0.780388
0.928615
1.5160213
0.8549453
0.77345216
1.2665453
0.93717647
1.5341427
2.0654268
2.6126263
1.4320273
1.3104806
1.0892149
1.0913599
0.5449728
0.6796075
1.2263266
1.418197
0.8104837
1.3603864
1.4644485
0.48163128
0.7932435
0.6071365
0.49584627
0.49056646
0.46270186
0.71016675
0.6157615
0.9905007
0.59596837
0.35936442
0.89506423
0.991659
1.6984174
1.6309048
1.7591771
0.8681401
0.64849746
0.6988009
0.45166776
0.46857995
1.0074749
0.8990197
0.7189044
0.54887295
0.6909387
0.5563235
0.6622264
0.59199464
0.62368476
0.393167
0.5095084
0.959684
2.0096636
0.6344198
0.58095264
0.3977421
0.49618077
0.31809303
0.43979234
0.17192045
0.43293357
0.2808244
0.33242497
0.4697734
0.2920878
0.60474473
0.9443623
0.27518603
0.5458798
0.20661284
0.40088028
0.3032472
0.4207932
0.504571
0.70485604
0.8600416
0.26195693
0.15768212
0.22633635
0.2510059
0.6269474
0.79702866
0.22063857
0.51790947
0.5629598
0.19895872
0.15603948
0.21154886
0.42648783
0.31975907
0.2583131
0.28535342
0.36459625
0.32555276
0.40154946
