0.1960164
0.49028584
0.5960264
0.5233239
0.4188952
0.5731872
1.187153
2.2373912
0.8888112
0.59666544
0.5032653
0.47737283
0.5145272
0.4168055
0.4086036
0.46356463
0.44091573
0.49110043
0.30661035
0.20929688
0.41943118
0.49100584
0.3601477
0.7793478
0.6091406
0.38120073
0.2588806
0.40828848
0.44928282
0.6626019
0.35225636
0.47271928
0.24290806
0.35273945
0.42470604
1.1384811
2.3943627
0.48136985
0.34356913
0.38915575
0.46855152
0.28438297
0.5709504
0.39114684
0.62985253
0.5514932
0.492445
0.77103865
0.9154381
0.6210867
0.27517784
0.5544054
0.26948485
0.4034123
0.26924917
0.40295702
0.36695352
0.3653618
0.44493857
0.28362536
0.4533928
0.46494913
0.4026646
0.36882716
0.314399
0.19380209
0.28739238
0.41919857
0.5620784
0.49264267
0.36478642
0.29596314
0.27073961
0.5247782
0.3589257
0.53297794
0.5725831
0.9250397
0.813371
0.43778226
0.3526994
0.2458312
0.26448983
0.48095047
0.61789083
0.30044502
0.93167114
0.7091214
0.40455845
0.4539712
0.48851395
0.5233977
0.38199306
0.27600592
0.37877446
0.3660044
0.30001366
0.38343066
0.4841759
0.3387384
0.33622143
0.5458548
0.44645786
0.3597793
0.22958443
0.30036893
0.41973472
0.5172787
0.4954137
0.38374528
0.46517423
0.589138
0.9830768
0.7401264
0.5521668
0.41049466
0.35407993
0.32106516
0.54341084
0.63602215
0.3534751
0.3949744
0.9755083
1.1172068
0.392195
0.6045913
0.8305367
0.46856213
0.39066684
0.43309793
0.25559786
0.4620236
0.6633852
0.4711823
0.4006265
0.26607972
0.31139785
0.4328317
0.25031763
0.3136425
0.33554968
0.33485633
0.53841794
0.36352837
0.42197236
0.4443296
0.6557349
0.3757527
0.31681556
0.9381423
0.88616323
0.32049218
0.41721523
0.47091794
0.46613193
0.31094372
0.2535775
0.41236234
0.32529712
0.43550557
0.5471622
0.45247948
0.2487455
0.29274058
0.36439818
0.48135835
0.70817775
0.6045465
0.44806728
0.27248812
0.2491641
0.39185813
0.47675323
0.43554485
0.45644492
0.43049678
0.39166927
0.3287552
0.32668227
0.6380083
0.84006274
0.7560164
0.33873028
0.29605925
0.72854435
0.5194527
0.20583236
0.39680192
