0.630147
0.67397296
0.4980799
0.28381616
0.47595066
0.4986108
0.6524432
0.6470394
0.61013585
1.093568
1.6265633
0.7560191
0.48328823
0.7484902
0.8500097
0.7083562
0.71065605
0.76983196
0.57098943
0.51916146
0.40733916
0.5191348
0.43174875
0.61832017
0.56777716
0.5717548
1.0314826
0.73836356
0.60016596
1.4141436
2.0026426
0.52094185
1.1645913
1.3707258
0.5299546
0.43988913
0.44566178
0.5401281
0.70443547
0.63407594
0.62364227
0.71207696
0.8317685
0.60346323
0.46415088
0.437532
0.6154639
0.5095991
0.80930674
0.88828516
0.766536
0.6129473
1.0884016
0.963782
0.44966853
0.6736846
0.4891833
0.31130183
0.3686663
0.42333513
0.30188394
0.67997605
0.4892902
0.51548165
0.31756902
0.37314922
0.5843368
1.0209782
1.0076421
0.47765607
0.5327394
0.44572178
0.95449066
0.708194
0.4493935
0.6289058
0.57371056
0.48202187
0.81463987
0.675871
0.522763
0.6415082
0.38703912
0.54393375
0.58726686
0.4650606
0.58387715
0.57985556
0.22897851
0.4576897
0.54247886
0.5433484
0.42461497
0.5901053
0.51646876
0.58410645
0.48746258
0.72201204
0.5396446
0.44263858
0.57867944
0.5704619
0.38596126
0.5006249
0.48213044
0.2843539
0.34243292
0.33376655
0.48350728
0.66914725
0.28599024
0.57217425
0.70661855
0.49984527
0.40459433
0.6128348
0.43318766
0.46695232
0.63835865
0.4816814
0.46460196
0.52740127
0.84006804
0.8011049
0.5545405
1.0680792
0.9929138
0.52591974
0.5895769
0.7819029
0.45511907
0.3349677
0.53855646
0.45398816
0.47403604
0.523291
0.45713747
0.49855214
0.41722387
0.4611693
0.8199032
0.9498562
0.50065315
0.2676577
0.44729638
0.5922262
0.580344
0.4218803
0.5589021
0.5091155
0.2938149
0.7946755
1.0905329
0.81211454
0.3587587
0.60058475
0.41862708
0.6880678
0.8225546
1.0302362
0.73658234
0.53651667
0.4838475
0.5514796
0.3171435
0.5123645
0.522434
0.5479049
0.9319041
1.1953163
0.4583028
0.816301
1.4277844
0.8860347
0.8697908
0.9240806
0.94663286
0.605492
0.6149225
0.45749605
0.57499224
0.4718156
0.28601503
0.40159893
0.64298105
0.59906465
0.3408764
0.43054765
