0.9126695
1.2567576
1.1765225
1.1088392
1.197295
1.3285555
1.8179842
1.2322519
1.0424597
1.1905335
1.130271
1.0164554
1.4199438
1.1938128
1.1692133
1.1617525
1.1657728
0.97669333
1.620342
1.5038538
1.1495968
1.2627761
1.3709372
1.1204417
1.2941229
1.3559322
1.3331436
1.5824877
1.4720947
1.1329485
1.0908371
1.2522624
1.1077573
1.3009317
1.1779318
1.235873
1.327853
1.0469236
1.319761
1.495022
1.1229315
1.0681782
1.2372706
1.1138452
1.1191316
1.1478219
1.0655736
1.1938024
0.9278798
1.2458615
1.4624872
1.4034463
1.3105268
1.0293384
1.1229262
1.0899963
1.0512491
1.7572197
1.7377089
1.2920015
1.2174782
1.0924368
1.1265693
1.1032186
1.310945
1.0305235
1.3298545
1.0788202
1.2281604
1.1560068
1.2986023
1.2899213
0.959884
1.09953
0.9692546
1.1629751
1.0745621
1.338546
1.5143864
1.4653549
1.0767891
1.0671442
1.075309
1.1607217
1.3624837
1.0264925
1.0136523
1.1715719
1.1616716
1.0091896
1.7123809
1.4597042
1.2548128
1.1508455
1.0448048
1.0164858
1.6046832
1.5633126
1.2944486
1.1942675
0.9986737
1.0390384
1.3137255
1.2116326
0.93947726
1.0621024
1.6367581
1.6130406
1.2406096
0.90708804
1.2012603
1.138536
1.2127619
1.0840278
0.97158396
1.1587923
0.9967872
1.0961893
1.119487
0.9169451
1.3158726
1.6695313
1.7155583
1.2159216
1.3651553
1.7897916
1.1762105
1.2342026
0.9602517
1.1401198
1.2782328
1.1618251
1.1006978
1.1421674
0.9931676
1.4227492
1.4547534
0.98906565
1.2051688
1.1811888
1.2241865
1.2318563
0.8711556
1.1466411
1.190511
0.9199371
1.2839044
1.2940388
0.9958013
1.2502394
1.257056
1.1563107
1.2229838
1.1523845
1.2972677
1.1535058
0.98643136
1.0256968
1.0806998
0.9143138
1.0686201
1.121754
1.3595216
1.0984201
0.97705203
0.9420562
1.0060639
1.0662005
1.1313336
1.0810323
1.2909362
1.4035501
1.2704637
1.1722325
1.11974
1.1306137
1.1161284
1.3563356
1.9942633
1.1328545
1.9291537
1.4067439
1.221941
1.430513
1.0713959
1.3756504
1.131026
1.2525944
