0.4034227
0.41402954
0.94793373
0.7187984
0.28108948
0.42188725
0.46174604
0.41465306
0.32698813
0.95783925
0.34052092
0.8160359
0.82741064
0.20636241
0.30534473
0.6713354
0.5522529
0.30994004
0.5096324
0.5079615
0.30439717
0.39293212
0.7131541
1.1284987
1.0218452
0.3930387
0.33449933
0.49728242
1.1469955
0.5573109
0.24355724
0.46550804
0.3192487
0.3541326
0.4251027
0.45224383
0.5250108
0.28402603
0.32059827
0.22912325
0.33112234
0.5955337
0.41709563
0.22217983
0.99388963
1.1541548
0.39997467
0.47329754
0.5251936
0.3417197
0.14801843
0.33866787
0.42946327
0.37305528
0.23594433
0.6815826
0.23951936
0.7218234
0.5431722
0.29698026
0.56530035
0.37110645
0.55494845
0.19204408
0.505871
0.32954693
0.22763717
0.18265143
0.25983465
0.3359366
0.39159337
0.50390655
0.22042263
0.21367273
0.30511096
0.42240274
0.30264127
0.26981878
0.41311628
0.9552332
0.6200237
0.53367376
0.8071621
0.48486555
0.42196047
0.33574575
0.22358398
0.5543797
0.7109586
0.25695553
1.2328427
1.8414032
0.42326325
0.55046445
1.2758235
0.7488023
0.36961025
0.8875483
0.32912493
0.42975366
0.40110555
0.35913473
0.30237812
0.65867674
0.4338417
0.29259488
0.48020023
0.43739328
0.2588703
0.5282226
0.74590725
0.46318212
0.4796442
0.3262996
0.30658185
0.3562542
0.35809648
0.1907562
0.780786
0.94326884
0.28826225
0.9229742
1.1332066
0.30571663
0.4570402
0.30914652
0.45340502
0.21115062
0.31136048
0.39772123
0.54623646
0.4390319
0.17638993
0.54262877
0.3106684
0.5310544
0.5972793
0.29831976
0.2916699
0.22271366
0.408733
0.2717541
0.29378837
0.16912909
0.28357536
0.2577793
0.36344698
0.49444017
0.36184806
0.27746207
0.27922243
0.21320206
0.45264637
0.19671619
0.2194153
0.21238339
0.2818361
0.30971017
0.4061623
0.34375364
0.23918447
0.26718622
0.23198825
0.37176412
0.30420858
0.43625355
0.31238085
0.33248472
0.25351384
0.237634
0.36265987
0.30635145
0.3117724
0.5996518
0.3111093
0.31717974
0.24060215
1.0008454
2.8953538
0.79640853
0.44197345
0.6853996
0.8520592
0.59645206
0.3793358
0.52207977
0.30102763
0.26656234
0.56408346
0.51147807
0.2263917
0.88307714
1.3078115
0.25599626
0.62543744
0.4965484
0.38927203
0.59437716
0.22129494
0.73048097
0.6077496
0.5893557
0.35978746
0.43739092
0.3289492
1.0256087
1.5464097
0.3319876
0.6278618
0.46037865
0.47410384
0.6017394
0.32202333
0.41213018
0.50696176
0.2445778
0.27587056
0.6439687
1.1121663
0.3442699
0.3909125
0.45395344
0.6782949
1.1486058
0.20469919
0.9064601
0.27648443
1.329517
1.208822
0.26315525
0.75190973
0.9228746
0.09682767
0.64500475
0.36681688
0.351053
0.52364224
0.548044
0.67129385
0.25149044
0.35890612
0.56412977
0.4057247
0.32038748
0.6213338
0.7901629
0.28274885
0.18827929
0.28714752
0.25268415
0.35891283
1.1099458
1.5286398
0.25996152
0.72823
0.9548489
0.7688859
0.7562375
0.39619654
0.52772045
0.38871256
0.26004413
0.9053471
0.9254642
0.9818678
0.33948642
0.3116851
0.28385705
0.16563919
0.34299886
0.2901206
0.24856019
0.2873325
0.43608654
0.6979758
0.64363205
0.32972628
0.28459528
0.35778487
0.39507952
0.23985058
0.3530281
0.5056331
0.26456976
0.27501214
0.1857952
0.34473354
0.28230125
0.2853722
0.2804189
0.17408392
0.1669315
0.38720584
0.6308881
0.40176988
0.29651946
0.18046303
0.31430593
0.2253013
0.16068256
0.38192576
0.5774063
0.24286324
0.5464337
0.63205034
0.19831173
0.33985418
0.321493
0.7425888
0.42230374
0.21358253
0.5526986
0.2448728
0.25174463
0.43821183
0.28799516
0.3935267
0.5287923
0.6073369
0.3267811
0.3553317
0.3923489
0.32960692
0.31269294
0.3910544
0.23472035
0.25264364
0.24100494
0.22331226
0.21762843
0.24364817
0.18209372
0.22180851
0.43018836
0.4046117
0.3770764
0.4010743
0.17938629
0.37559688
0.36326572
0.34295875
0.19810033
0.32231972
0.37990567
0.18011588
0.32234213
0.36346117
0.23040414
0.3354433
0.43319523
0.2413874
0.3079263
0.2803327
0.55015934
0.69034517
0.26508448
0.41577926
0.48278067
0.47736573
0.24105546
0.3952918
0.57153094
0.35853294
0.4424633
0.571559
0.4348641
0.32901785
0.24503452
0.21314465
0.28064486
0.7173276
0.58898187
0.31651646
0.20320357
0.34784198
