0.095447145
0.0981216
0.17138591
0.3106252
0.12937644
0.4306282
0.6198447
0.1704105
0.14866747
0.27724943
0.08293217
0.18967292
0.23816219
0.1404117
0.6413939
0.9774821
0.17166808
0.4125324
0.26218373
0.14044203
0.17061716
0.24303506
0.107130244
0.24381575
0.16088924
0.14703634
0.14994073
0.12174032
0.50715303
0.2620973
0.16570047
0.17038685
0.06321663
0.20360363
0.10604538
0.20764384
0.25337023
0.057261255
0.08349423
0.35683686
0.0901828
0.30512437
0.09064084
0.3302071
0.17063381
0.09016136
0.20455766
0.2010856
0.08589797
0.12676296
0.107950434
0.11955852
0.17493382
0.4359029
0.41673794
0.48785567
0.9004881
0.058404174
0.45240492
0.065151066
0.27856186
0.12150318
0.14602533
0.09067973
0.15227808
0.2898672
0.24944171
0.15425289
0.28795385
0.119185895
0.19047976
0.12428187
0.1896224
0.17777225
0.32868853
0.069569156
0.49456295
0.3443817
0.061176363
0.048926927
0.09309099
0.17130443
0.1657623
0.1914781
0.31544432
0.49799243
0.10062525
0.30914605
0.065385126
0.3044581
0.4290633
0.17437012
0.16390431
0.0964874
0.1347929
0.1968441
0.0631513
0.122651115
0.11516158
0.14067465
0.09351773
0.07291789
0.064461805
0.075471096
0.336065
0.36853963
0.41756582
0.2740265
0.096453354
0.12622151
0.20466053
0.06854592
0.11296108
0.10028358
0.15870295
0.19475383
0.123007074
0.0942245
0.14484113
0.20020089
0.070121996
0.31896463
0.49102202
0.5955309
0.14735152
0.061248023
0.07352907
0.2602881
0.2083132
0.069052845
0.12173979
0.2721986
0.05574418
0.4626123
0.34674072
0.5745064
0.29838264
0.03616344
0.21829708
0.27445978
0.050692685
0.03476629
0.12043075
0.11850107
0.2327747
0.07843569
0.046157405
0.20701098
0.0807746
0.22994065
0.09357546
0.3108776
0.14383185
0.07766734
0.18716234
0.16126272
0.15059239
0.12596913
0.06348942
0.12743692
0.08681527
0.071792655
0.0931648
0.12637207
0.13019344
0.046032842
0.02249651
0.09320767
0.18275626
0.11180596
0.104526386
0.085754395
0.29465365
0.5839576
0.1719864
0.752442
1.2641927
0.25035575
0.14794382
0.18582305
0.102048725
0.30889624
0.33460343
0.14273712
0.072588265
0.32279864
0.34181523
0.056982532
