0.38066345
0.3936894
0.3307963
0.36144274
0.41319105
0.4435334
0.3849459
0.31502312
0.20261306
0.31515855
0.48292097
0.28650233
0.32289892
0.30376062
0.28929818
0.2327288
0.29379326
0.39949948
0.31525096
0.12102261
0.3179141
0.45336598
0.66377074
0.31303456
0.46407777
0.8096873
0.3313012
0.2669245
0.7062049
0.3893775
0.2790711
0.44953525
0.43125206
0.31911492
0.21613929
0.24036942
0.30224776
0.45618206
0.6819803
0.47549596
0.22429197
0.38225168
0.36847788
0.4758344
0.29266542
0.318654
0.3076428
0.41111493
0.3172738
0.18032166
0.26189393
0.34325886
0.3125999
0.25934052
0.29432437
0.35864136
0.31369728
0.20903736
0.25696552
0.411366
0.4394855
0.9296922
1.9436308
1.5651655
0.66517895
0.42016864
0.5148097
0.3715381
0.4802236
0.41901177
0.40373182
0.40637463
0.33806655
0.5384836
0.27972913
0.23581974
0.37227184
0.26821902
0.5541653
0.5338436
0.17848939
0.14754638
0.28240076
0.22317895
0.29120696
0.43049765
0.26488328
0.40971375
0.5688277
0.26239228
0.25776485
0.3569525
0.16674002
0.23150748
0.20581809
0.18409309
0.28402874
0.21374139
0.40848762
0.42048728
0.621705
0.5188386
0.15836215
0.4318356
0.27538157
0.31475857
0.43102068
0.22566614
0.30127585
0.16407028
0.36068636
0.5186252
0.37882176
0.23662543
0.43882746
0.23058449
0.23500508
0.1583627
0.3704127
0.38530314
0.16715744
0.28527555
0.2846846
0.3429429
0.2823352
0.16509616
0.25960165
0.21971492
0.2598491
0.15087184
0.17341445
0.13222915
0.3263908
0.40299058
0.34611303
0.2851441
0.26831293
0.37019128
0.23519173
0.2587098
0.23278567
0.54467994
1.1670142
0.64764893
0.6268473
0.34470606
0.17548037
0.32343683
0.26334274
0.42143503
0.3758726
0.27315292
0.27792168
0.2610544
0.28945518
0.24345404
0.20538186
0.29334274
0.274403
0.1763712
0.21145427
0.23455334
0.17868061
0.2188417
0.28023872
0.27806228
0.23406695
0.23855579
0.2356679
0.18060322
0.12693089
0.2788423
0.2077122
0.2068263
0.29642516
0.32413253
0.25800776
0.18284068
0.338988
0.22038135
0.19159657
0.26254636
0.32822153
0.12062854
0.25083208
0.18591218
0.13310747
0.15484975
