0.3696373
0.4666553
0.3771271
0.43441993
0.5063161
0.4069131
0.40638012
0.5854936
0.5556592
0.5187919
0.5500172
0.28540725
0.41833696
0.47895303
0.42581105
0.38856086
0.4796297
0.3594995
0.33923098
0.4722095
0.22878805
0.23496461
0.4954642
0.4366067
0.30761737
0.5475109
1.0284684
0.57280594
0.3716575
0.69779146
0.39132062
0.67895275
0.7995328
0.46837243
0.26232246
0.6151788
0.7812449
0.67779547
0.29927784
0.5610128
0.287045
0.64129335
0.9179268
0.47221926
0.3219229
0.5863519
0.38841426
0.62484854
0.84298944
0.39603996
0.28317243
0.43986678
0.5376135
0.5845254
0.6755485
0.32835338
0.38126403
0.44666946
0.30580434
0.4148348
0.34547654
0.32777852
0.43610832
0.53070426
0.38981405
0.3613984
0.85490006
0.6933749
0.4187153
0.49295154
0.31264818
0.3873841
0.5722586
0.4308784
0.3734457
0.5551055
0.32241035
0.51487875
0.88637197
0.97449225
0.89562
0.70422477
0.33769602
0.4430617
0.44344786
0.47709778
0.5274404
0.5944529
0.48110348
0.3275019
0.39989206
0.68871987
0.89315516
0.45120665
0.37605298
0.2696831
0.38431495
0.55006045
0.43827677
0.30444342
0.43505526
0.30987272
0.385932
0.80617476
0.8474108
0.7808538
0.42381006
0.57725096
0.6584773
0.25740245
0.7593708
1.193348
1.009473
0.5521152
0.54817057
0.32321763
0.49383178
0.6011126
0.2868417
0.5872648
0.5391948
0.511503
0.8245534
0.5599178
1.1103247
0.72010463
0.38644683
1.1527398
0.79483986
0.39398187
1.1504995
0.47598103
0.55538064
1.1291739
0.2689774
0.6408017
0.55779856
0.29477787
0.29477084
0.47023648
0.48263118
0.5790093
0.3561768
0.46521685
0.9733806
0.54049957
0.7479475
1.3614739
0.65286714
0.21323094
0.46620154
0.5830778
0.3982391
0.7344215
0.48586732
0.32500526
0.17950666
0.44359443
0.36850592
0.35911763
0.60640526
0.6910753
0.5859768
0.39508027
0.64461523
0.32542598
0.2659245
0.29372084
0.4350445
0.4512321
0.29934514
0.31539515
0.3101349
0.3390563
0.47760803
0.3868438
0.22904804
0.4735122
0.53174484
0.35594845
0.5079413
0.5806648
0.56815666
0.29289216
0.4817074
0.833905
0.793873
0.25212216
