0.875976
1.545089
0.51176476
0.7291769
0.49440673
1.4166735
1.5761837
0.35669583
1.0398402
1.3566253
1.6628387
1.4301298
0.4960747
0.5398449
1.204825
1.1776829
0.9822063
1.0114043
2.1527073
1.7007456
0.5687667
0.5569064
3.8239315
2.1879036
1.280397
1.2310443
1.2915637
1.1371517
0.5541083
1.7581642
0.9684776
0.9516992
0.66449684
0.501045
1.1215787
0.9335505
0.91329753
1.4151692
0.7521337
1.8811706
1.2988889
1.0828168
1.1705574
0.601728
1.046385
0.7096788
1.0167617
0.43875635
0.9767281
0.83894587
1.1608257
1.4198589
0.103898495
1.2153187
3.6804757
2.2587523
0.99333805
0.90008426
0.5365233
0.93685514
1.069623
0.5125833
0.9057493
0.9969359
1.2935572
1.2334479
0.645106
0.48139936
1.5240717
1.3273814
0.2974748
5.00526
2.8809867
1.125704
1.174567
1.0561028
0.72743773
1.1361595
0.90554035
1.072315
0.72890973
0.9253748
0.93905556
0.75755405
0.8180542
0.62538284
1.2194843
0.74598706
0.43198982
1.5395706
0.8663055
0.825347
0.8198887
1.584515
1.5968418
0.82965934
0.57395136
0.5551204
2.9335325
0.9893108
1.9216695
0.7643959
0.89259076
2.535852
1.5166082
1.0302871
0.60754615
1.1689932
1.2970858
1.5333836
1.1131735
0.84634644
1.3084302
1.1392152
1.6049709
0.8046652
1.0270298
1.1846492
1.2686753
1.4593613
0.8463534
1.0184375
1.217612
0.916836
0.89483345
1.5130311
1.2986748
0.454245
1.6646984
1.7256482
1.2514453
1.7461786
1.4853506
0.6623651
1.1499672
1.4006402
1.3993886
0.903931
1.0831921
1.643108
0.81678224
1.9209396
1.1427051
0.83082664
1.1004937
0.8180495
0.94630486
1.9030344
2.1080532
1.6180872
0.62443626
0.63532764
2.1841574
2.5445333
1.9055476
1.1031966
1.0203786
0.8564444
2.0570526
2.388454
1.059279
1.2412162
1.7349921
1.5622222
2.0872529
1.5741279
1.4305704
1.5734361
0.9776308
2.9041555
1.8762076
1.7429903
1.2056211
0.9097744
5.1328163
4.856191
1.1442882
1.7184899
2.9194918
2.6866045
1.7689726
1.7769147
1.9886415
1.5428085
6.5397654
3.1997519
2.2296047
1.9280882
