1.1708871
0.93031085
0.8199552
1.176146
1.1876293
1.1217016
1.0201243
1.1014162
0.9745813
1.0647886
1.2744306
1.3858377
0.9995357
0.64427185
1.1887416
1.4288636
1.2859306
1.229968
1.0378786
1.206684
0.97041
1.0880466
1.1767712
1.1741891
1.209203
1.4006004
0.91477966
1.1420256
1.3063941
1.1139452
1.3441828
1.3137009
1.0230643
0.9815858
0.91880393
1.0474384
1.2150538
1.0661958
0.8655125
1.1112552
1.1888463
1.2164395
1.0745853
1.0284338
1.0279444
0.74860775
0.96166766
1.5049378
1.265661
0.9272182
0.95504856
0.90955776
1.0247853
1.0319637
1.1195966
1.0658188
1.1367325
1.0569462
0.8237864
0.8760579
1.1148801
0.80810606
1.0547884
1.4280868
2.2669752
2.7271562
2.8580675
1.097595
1.1299348
1.1450505
1.0768701
1.0051684
1.030998
1.1563427
1.3720254
1.1275853
1.1309706
1.1872866
1.1038569
0.95392966
1.0261337
1.060698
0.8092433
0.85163
1.0201504
0.93161047
0.955331
0.97070265
1.0190697
1.2773039
1.3513275
1.1814586
0.8973386
1.2376809
1.0646688
1.0317928
0.9585285
0.9303099
0.9555243
1.183283
1.1178559
0.90951693
1.0947273
0.7633128
1.278839
1.0724682
1.1336057
1.4046278
1.0127524
0.967535
1.3982227
1.7557286
1.2762117
0.999555
1.0513785
0.9767065
1.052588
1.0475298
1.0942043
0.982903
1.1081377
1.0412077
0.9113914
0.94451386
1.0920732
1.2618157
1.3224399
0.75097966
0.8498961
0.794544
1.0976766
1.1084759
1.0055609
1.0304651
0.8305712
0.9739672
1.0711789
1.106903
1.1489544
1.1184832
0.96804667
0.9012613
1.1704643
0.86900276
1.0923903
1.4522938
1.3043036
1.6543454
1.2786038
0.87947
0.8901485
1.2819748
0.85448194
1.1623579
1.3479774
0.8148644
1.0223417
1.0452881
1.1532595
1.03455
1.0307016
1.0349059
1.0598437
1.0053604
0.926627
0.9809414
1.0066231
1.1490828
0.8621427
1.0726827
1.056166
1.3199253
1.1610507
0.96003556
1.1680028
1.3582554
1.3664236
1.2587183
0.87126607
0.8178736
0.95240164
0.8907719
0.92402625
1.0622021
0.8699107
1.0153204
1.141808
0.70112514
