0.76137054
0.49510893
1.9532952
0.729238
0.4405483
1.9022566
0.8487568
0.45314243
1.5112294
0.62968946
1.3024077
0.7920326
0.77725947
1.7950249
0.5647496
1.1288085
0.8818121
0.75964165
1.6284254
0.49700287
2.2100573
0.29016274
2.2536476
0.7397872
0.46937585
1.8585792
1.0072942
0.49005395
1.6100081
0.62672585
0.8191687
0.7863203
1.0089767
0.9383201
0.8272201
0.99476814
0.85735
1.1538976
0.36183333
2.433419
0.47943288
0.7919314
1.7656357
0.5758321
0.7943269
1.9126759
0.41249943
1.1044395
1.2097663
0.5561739
1.3530009
0.8562427
0.92589974
1.188477
0.49186713
1.2686021
0.9527175
0.8364853
1.0232401
0.5221498
1.497813
0.28341752
2.8132477
0.29705957
1.9259926
0.9796691
0.76742053
1.0375917
1.2952642
0.4473273
1.5549011
0.61222696
1.2072983
0.8945706
1.0350684
0.7321443
0.8324225
1.1187057
0.99247104
1.3627899
0.42805898
2.828431
0.42761755
0.62863696
2.0091414
0.41402367
1.7319899
0.61069
1.0230069
1.1420974
0.7109667
0.9494379
0.7805244
1.6315192
0.4463723
1.6651025
0.582238
1.2136362
1.0628674
0.5581735
1.6469733
0.5982509
2.1433
0.4076318
2.5982382
0.38868147
1.790182
0.9903746
0.42621523
2.2689009
0.5401916
0.6927126
1.6803706
0.52858496
1.2493939
1.4606528
0.4587255
1.6404048
0.6590584
0.9377645
1.3268769
0.6226137
1.169696
1.1009867
0.4107188
1.968168
0.52644914
1.2271302
0.97230387
0.64906347
0.98180723
1.0185462
0.5487321
1.7123029
0.631531
1.0396447
1.0379477
0.6831862
1.2201256
1.1347553
0.3871489
2.5393543
0.5001899
1.3773034
0.9649571
0.59135413
3.0043578
0.29124576
0.69329727
3.3587267
0.7009226
0.8958961
1.521158
0.35790694
1.9499843
0.85276383
0.54016554
1.4383304
0.6146504
1.1131839
0.7055683
1.1826894
0.8777753
0.8613758
0.92505527
1.3370252
0.47942483
1.0846643
0.91426015
0.8918191
1.127739
0.86436117
0.78693736
1.3206748
0.31604737
3.1592276
0.41327542
0.8097431
1.31899
0.5676472
0.9937422
1.3472924
0.66717505
0.60349333
1.7638664
1.0722859
0.32997626
2.2845783
