0.023582753
0.044724222
0.109385885
0.12392563
0.17041114
0.12801197
0.2425578
0.042240158
0.15977436
0.052131012
0.050131008
0.0510312
0.037767693
0.029684586
0.051521752
0.043914977
0.03646405
0.12620725
0.13137902
0.026163042
0.12724632
0.0958263
0.042081796
0.07448372
0.057527322
0.06433808
0.015194217
0.08101103
0.08431631
0.039060775
0.037932985
0.1155511
0.07354967
0.039278977
0.0656877
0.046088696
0.051677436
0.096349254
0.09091202
0.07586669
0.03461671
0.104770966
0.1490128
0.029039973
0.1423405
0.08471295
0.026432
0.028896969
0.064873636
0.07667285
0.026200231
0.045696978
0.048240766
0.108942695
0.059699874
0.12214008
0.04610195
0.038425714
0.04525255
0.06700799
0.13819551
0.05640307
0.11396864
0.0522063
0.05030516
0.064408384
0.05061508
0.053042147
0.107476786
0.052018054
0.06515622
0.062823705
0.04204533
0.08351071
0.035632517
0.14649227
0.039583646
0.1797605
0.08820963
0.11503295
0.030648831
0.053185716
0.07869279
0.036935635
0.028589074
0.12739328
0.09391556
0.054585986
0.058770627
0.0342522
0.034836903
0.058805503
0.014830282
0.08213355
0.05337488
0.03607348
0.0536706
0.080885224
0.062771805
0.07576823
0.05933406
0.095350325
0.06613773
0.0315596
0.04531865
0.049087144
0.06557228
0.061027903
0.09082214
0.03370905
0.054893535
0.056549218
0.14114732
0.029341174
0.06630343
0.037380435
0.036846522
0.02113111
0.035300165
0.045007274
0.054816805
0.06249561
0.037076086
0.055442497
0.035848908
0.023508923
0.046526905
0.048444267
0.06569223
0.11767106
0.069374666
0.03181801
0.03822056
0.12931472
0.1383619
0.05944719
0.048227806
0.037605464
0.04172539
0.050738424
0.032261785
0.037249815
0.043285996
0.043264028
0.059258126
0.051623754
0.032489628
0.05891151
0.07006847
0.085685
0.0685119
0.08209561
0.022817478
0.11859155
0.068501145
0.044629987
0.026176713
0.049582064
0.03853153
0.032528087
0.027720302
0.033109434
0.05178713
0.1255104
0.13704266
0.050538458
0.1017443
0.10250666
0.039458435
0.09968511
0.039311476
0.034736022
0.031004788
0.0530237
0.028476954
0.08777538
0.040654704
0.023774624
0.039836176
0.0715067
0.01314632
0.23514375
0.17963243
0.046024643
0.044401623
0.086543076
0.0458366
0.03463714
