0.4603244
1.610368
0.91957223
0.66112745
1.0326481
0.4420178
2.6413326
0.35301548
1.3482198
1.2316964
0.58743036
1.4342322
1.0205855
0.4292783
1.7973683
0.46729356
1.4388932
0.39531636
2.7024047
0.65264314
0.51304317
0.88505447
1.2525082
0.3091339
1.6588457
0.57374763
3.0761538
0.34101534
1.6272535
1.556294
0.4490458
1.9070894
0.79337823
0.6051668
2.216232
0.36750415
1.7385468
0.7381923
0.55846834
2.1989305
0.6022114
0.82336533
1.1716998
0.64659095
0.7198237
1.7862601
0.39963368
1.8043245
0.77937216
0.76387775
1.0493323
0.9002894
1.6508718
0.4570301
2.102755
0.35244337
2.2318556
0.9209529
1.0194762
1.0010084
0.6653389
1.664856
0.38953525
2.2541838
0.49693918
2.3869696
0.5017324
1.3245233
0.8091015
0.92757547
1.4049239
0.6580026
1.5341372
0.6057684
1.5064564
1.1843859
0.3796211
2.3778694
0.6125083
1.2353356
0.8526246
0.6043164
0.85036325
1.5294712
0.50261104
1.2228395
0.62357795
1.3440132
0.46442735
2.3332043
0.25979537
1.6867678
1.1371164
0.5195087
2.372323
0.60079694
0.86778706
1.5538447
0.76421106
1.0280616
0.82506144
0.8795415
1.3479569
0.60023844
2.2820249
0.49963877
1.5261631
1.0078993
0.567606
2.0586915
0.33911166
2.072399
0.6098826
0.5152433
2.6215913
0.5412218
1.3315079
0.8879323
0.95763016
1.3790493
0.62068486
1.0627117
0.8362178
0.72436506
0.9770831
0.898513
0.94833
0.58007
1.2661316
0.8979933
0.5308975
1.0087025
0.7972008
1.0524356
1.4992437
0.81559724
1.1300702
1.1890185
0.85789955
0.61821526
1.2204942
0.8239434
0.54513335
1.6253359
0.8718652
0.36501035
4.4957905
0.38867274
2.1054754
0.4880161
1.42519
1.4240363
0.8722241
0.6332376
1.3933798
0.77016795
0.9721978
0.8795197
0.5989418
1.8959367
0.37849045
1.3989084
0.85916305
0.96946746
0.7731497
2.2387815
0.27479416
2.1455426
0.8546616
1.1093314
0.8936741
1.1742237
0.5894819
0.58200765
2.0776415
0.20961215
1.4249328
1.5885527
0.4359605
1.9999974
0.4621449
2.3429003
0.7465925
0.714283
0.9320269
1.3878257
0.25985909
2.1897998
