1.1228203
1.4360873
1.3963033
1.1785207
1.2728329
1.5751073
1.3211701
1.1214167
1.2738857
1.159059
1.2896305
1.0871886
1.1465158
1.1825427
1.1524563
1.4753208
1.3688622
1.3726496
1.3942113
1.1223637
1.6433315
1.3218901
1.1409895
1.3191438
1.331498
1.3408508
1.1629381
1.3704041
1.4376609
1.1963505
1.2245117
1.1062435
1.0560367
1.2514727
1.456398
1.3909719
1.6534096
1.5254107
1.2551012
1.1163337
1.4830619
1.1441895
1.1122246
1.18538
1.2707798
1.3434062
1.2009637
1.363777
1.3225083
1.3537185
1.4416063
1.4669657
1.3327321
1.4288766
1.6829815
1.5199704
1.2496626
1.4008045
1.379746
1.3984663
1.5254779
1.430412
1.21417
1.3726118
1.5098479
1.5168126
1.7003169
1.3590438
1.4337167
1.3335632
1.8503385
1.630907
1.7006102
1.5267797
1.6032401
1.5951526
1.2338789
2.0056033
1.1998643
1.9546099
1.4618741
1.599988
1.7522906
1.4118485
1.9746608
1.1737425
1.8389695
1.5994685
1.4621198
1.6891241
1.4497958
1.2070264
1.9467359
1.064833
2.3126187
0.84225994
2.3078008
1.5373918
1.4467146
1.8036345
1.165996
1.6256859
1.1041297
1.7748828
1.4568226
1.3197023
1.6341016
1.5619297
1.1668767
1.3866863
1.4052384
1.0224545
1.4282637
1.719961
1.5345278
1.8156939
1.5182645
1.2826397
1.7009125
1.3655472
1.2583678
1.6551142
1.5042619
1.6351243
1.4658508
1.5097451
1.3158548
1.545682
1.6032579
1.3379327
1.5259862
1.5627124
1.3706288
1.4641726
1.3276479
1.6545839
1.2306151
1.4597344
1.2553306
1.2758892
1.3571134
1.491889
1.3853178
1.1379375
1.1907053
1.1940062
1.5052036
1.0608491
1.285655
1.4296169
1.2481656
1.407258
1.4613008
1.1310627
1.3104861
1.4929278
1.2716378
1.5499876
1.3653839
1.2174847
1.3401759
1.2776682
1.3613138
1.3902231
1.6692337
1.3748227
1.4660189
1.2650468
1.467621
1.1761724
1.6174479
1.2243524
1.4721718
1.7288691
1.2370363
2.0638423
1.0290236
1.718291
1.2326943
1.2697189
1.4394599
1.3732284
1.4417337
1.0907071
1.2503008
1.3315196
1.5431604
1.4718928
