0.78859115
0.95849276
0.8865725
1.122199
0.785396
1.3666906
0.527238
1.4117477
0.7431642
0.8502217
1.0980306
0.5802091
1.4835865
0.68436605
0.8491851
1.0796814
0.77437896
1.1579852
0.7348363
1.5534961
0.36346248
2.2430787
0.7230931
0.5857808
1.5889758
0.7121427
1.1460773
0.89984703
0.8253318
1.0383097
0.6989678
1.2618029
0.7586997
0.87946844
1.2337918
0.7126845
1.1881683
0.80680764
0.7787241
1.6547731
0.4134729
1.3152996
0.9150267
0.68478096
1.2288643
0.9025847
0.8278438
0.96784693
1.0729582
0.8396062
0.90725833
1.0488902
0.95574164
0.9024747
1.1244638
0.79946446
1.1271178
0.59294796
1.4855367
0.5540025
1.0482926
1.1000444
0.6789004
1.7554609
0.55880797
1.2400291
0.87242097
0.92431325
1.142077
0.72845244
1.408585
0.79585695
1.4310572
0.7252348
0.9916863
1.5638936
0.4141995
1.4153833
1.0112631
1.0751033
0.8701949
1.0777578
0.91134626
1.376127
0.5987942
1.0959544
0.8009086
1.2184176
0.57436436
2.0936294
0.598042
0.91761357
1.1536267
0.795132
0.87309766
0.7981392
0.92036307
1.2474898
0.93239266
0.92867815
0.9358711
1.0777924
0.89341146
0.9679112
1.4613974
0.26823178
1.9676743
0.7794913
0.6345655
1.1627734
0.84913003
1.0736713
0.93046844
0.646352
1.3512712
0.7876425
0.76439273
0.9774134
1.0260962
0.90351665
1.0557921
0.9148203
1.0177622
0.85069907
1.2901291
0.47596252
2.0483394
0.6265385
0.9517326
1.1089046
0.7332454
1.1166053
0.8837788
0.7213415
1.3428737
0.61360145
0.88928676
1.0716783
0.72233653
1.2987128
0.58505714
1.1416507
0.85345083
0.84435254
1.1582651
0.5485613
1.3131585
0.6217256
0.9626389
1.1059586
0.55645096
1.5729156
0.7100942
0.8058337
1.3429912
0.735116
0.9618531
1.0246854
0.5680495
1.6302152
0.7227694
1.0621678
0.9337957
0.966717
0.91583514
0.7802029
1.0595746
0.56015706
1.7624514
0.5246675
1.0582428
1.0473104
0.6775016
1.3226163
0.8696504
1.0724698
0.87717557
1.1522282
0.86936647
0.93425196
0.96419156
1.686492
0.46906817
1.4131563
0.8312939
0.82813644
1.239753
0.6993981
