2.241801
0.6846933
0.82572544
0.70163774
2.92857
0.49786368
0.55039346
2.4743938
0.8071773
0.39326394
1.4633687
1.4561577
0.40150222
1.9843885
0.73161745
1.3997161
0.96095717
0.74876696
0.70646584
2.6539168
0.3921334
1.0406485
1.2973866
0.941538
0.6465886
1.3123333
1.2867782
0.36811486
4.2296295
0.5646311
0.3154732
3.173552
0.859946
0.2311206
3.2037773
0.49441153
0.65286666
2.5429072
0.7140476
0.46981972
1.9489627
0.864478
0.3119681
1.5938495
1.2134359
0.55570066
2.2161996
0.6866389
0.88937926
1.3884888
0.9072839
0.7998283
0.9598517
1.5576084
0.96480155
0.3132722
2.5389228
1.5283217
0.45075303
0.9609653
2.4972823
0.7225481
0.3246145
2.8937778
1.202924
0.27437848
2.154283
1.5206699
0.26173756
1.7968667
1.8671561
0.53200465
0.96180415
1.5796429
0.9328585
0.7818898
1.4035233
0.90575075
0.87003064
1.2852106
0.5791819
1.0136117
0.8986605
0.61526656
1.1223011
1.3685293
0.9025756
1.176106
1.4777939
0.86339855
0.7818302
1.6612575
0.41890174
0.79465866
2.7110806
0.37597018
0.52266717
3.5379267
0.60797787
0.4427741
3.2955027
1.0764728
0.57955265
1.7054663
1.5747862
0.375893
1.1788089
1.8519945
0.5741075
1.6393346
1.3752108
0.49779165
1.0042078
1.540987
0.7805408
1.1417385
0.84713
0.666842
1.6561233
1.0176423
0.9484532
0.61791736
2.10518
0.64334446
0.79826343
1.862648
1.3230672
0.47464594
1.2108636
0.7517568
2.6778798
0.3853067
0.710572
3.1681266
0.77424234
0.250865
2.1560674
1.3035252
0.47242796
1.207792
1.7498693
0.68881285
0.70629627
1.4832232
0.8067932
0.8318604
1.2942183
1.0259984
0.9819106
0.4317547
1.7193155
1.4152032
0.6362281
0.78837144
1.8485638
0.6418592
1.4146471
0.8273385
0.5532601
1.716634
1.6008505
0.33301014
2.1203773
2.0956135
0.51130986
0.44994634
2.452288
0.9204352
0.65948135
1.8195916
1.02128
0.4644023
2.539177
0.73727894
0.5360787
2.225562
1.0681139
0.28023297
1.7834677
1.5831963
0.43007946
0.94091237
1.69363
0.8407213
0.6079876
2.7217607
0.66579247
0.32347712
