0.41499472
0.778303
0.42451343
0.646882
0.8955089
0.48879695
0.4721023
0.40042746
0.63776743
0.39589483
0.616694
0.59627223
0.9419494
0.6445877
0.69922024
0.72912437
0.51952654
0.46623006
0.53206414
0.56859684
0.5137986
0.50356203
0.44497007
0.6350406
0.7378972
0.4730094
0.5475211
0.53287965
0.5329178
0.4880373
0.4002489
0.5345428
0.63160145
0.5164995
0.5255287
0.69042194
0.5975349
0.6277777
0.35358322
0.60234225
0.6230773
0.52884054
0.7627811
0.76916254
0.5316484
1.0670655
1.000979
0.6089137
0.6915159
0.62084126
0.49491403
0.56644994
0.52309585
0.6938038
0.65208775
0.41551018
0.47392583
0.69131565
0.3481639
0.53437585
0.607895
0.48305863
0.8130401
0.799858
0.5815135
0.3597495
0.47926545
0.48770738
0.5758661
0.80269027
0.45809054
0.7971911
0.9228882
0.4106984
1.152234
0.9793732
0.45784596
0.5483527
0.4592101
0.6363236
0.67689216
0.428409
0.5063946
0.51193744
0.5848609
0.34921256
0.46504024
0.5293465
0.9971137
0.9124123
0.4168475
0.6131049
0.75036216
0.63379663
0.7448164
1.4993478
1.2325671
0.7717705
1.4548117
0.6006594
0.70742846
0.8900558
0.60326004
0.69661415
0.7642255
0.8287266
0.8071312
0.81560355
1.1317372
0.6729821
0.58233917
0.9775983
0.61643463
0.41288328
0.63927954
0.56022465
0.5466541
0.5815321
0.81552875
0.41471073
0.54149324
0.65071595
0.7759399
0.5728831
0.496896
0.690925
1.1519332
0.58108085
0.59214044
0.9837214
1.2013301
0.83075583
0.6082021
0.48622826
0.5201142
0.64823127
0.5942639
0.5601196
0.36408114
0.67740875
0.37662417
0.8062478
0.9442306
0.8677315
1.7082173
0.55647963
0.7124169
0.8521757
0.63099104
0.6167309
0.55784196
0.5760956
0.42779735
0.531012
0.6727419
1.0183654
0.7461605
0.7905246
0.581867
0.43509403
0.6753132
0.52051276
0.44320968
0.45564306
0.5732668
0.4042153
1.0066411
1.4517767
0.54488355
0.71382976
0.42330068
0.57526875
0.5972197
0.53129023
0.6615096
0.35832578
0.536121
0.4959377
0.4706637
0.5269853
0.47888842
0.6690211
0.73967427
1.0521209
1.0277975
0.34348887
0.69840634
0.32190058
