0.055207208
0.06427656
0.13037407
0.07693519
0.091413796
0.16923892
0.22885118
0.09414664
0.056894634
0.3344273
0.2440741
0.0959889
0.025514776
0.09574485
0.033875413
0.0629829
0.0808097
0.05909142
0.09623885
0.11057396
0.07559475
0.2626068
0.1921579
0.061265185
0.13213077
0.022763869
0.06375678
0.05355416
0.04406075
0.032819673
0.12764105
0.12044196
0.13507229
0.12172948
0.018897966
0.057835504
0.056081943
0.0814392
0.04064887
0.026242282
0.050301977
0.07731372
0.054960437
0.044671085
0.033836372
0.066153735
0.05142473
0.077548
0.04589834
0.023717629
0.093576595
0.06691997
0.02158396
0.05336108
0.103444576
0.053095154
0.05704443
0.13081448
0.26107055
0.31024835
0.08175827
0.06873205
0.13532992
0.015885236
0.10454343
0.12143856
0.27209353
0.08967067
0.21933746
0.05175741
0.06488404
0.02194934
0.16948251
0.17812364
0.043041293
0.059254088
0.050559524
0.06900855
0.0202106
0.03857909
0.041147012
0.06382735
0.06752284
0.04054798
0.14620304
0.10767164
0.059532683
0.12857214
0.16732243
0.11872555
0.13825774
0.0457067
0.07490505
0.03808247
0.0478566
0.05371205
0.039439395
0.035982177
0.120899275
0.029319279
0.06926744
0.03000608
0.059392937
0.062176496
0.07763154
0.23647416
0.082917705
0.06292137
0.02812539
0.025621919
0.026645407
0.09213806
0.03702927
0.037907552
0.06810657
0.03876657
0.0438336
0.04893308
0.05810161
0.033348277
0.08165418
0.040502485
0.064421356
0.06543903
0.09471295
0.05437638
0.12484696
0.12199677
0.05394135
0.104404286
0.017171364
0.05634307
0.02482178
0.056239035
0.031879432
0.015384581
0.1309118
0.123928905
0.038964786
0.24225771
0.12156844
0.020894952
0.08850875
0.037996158
0.051432267
0.02177288
0.04954775
0.110661544
0.044983633
0.04130203
0.31487092
0.55560553
0.814411
0.50344265
0.06608931
0.082129985
0.16582988
0.13795415
0.06908641
0.04066266
0.09136496
0.06389751
0.07663208
0.0518308
0.063902535
0.22345704
0.13949008
0.092627734
0.019103864
0.16827108
0.047568623
0.12420615
0.23552589
0.1520703
0.012443443
0.110764146
0.06597752
0.15713915
0.06556704
0.47721753
1.8063326
3.4325886
1.2154492
0.5485848
0.18579373
0.5816965
0.20183893
3.1876364
5.994197
3.2264752
0.7045358
0.6891245
1.7902541
1.2146912
0.10409464
0.23281917
0.07489187
0.047998264
0.3552922
0.3126107
0.2690703
0.31374568
0.093950376
0.19968984
0.18482454
0.21951602
0.24677584
0.1024681
0.105022006
0.11577315
0.060745806
0.22625111
0.37330902
0.21835637
0.037195493
0.09933551
0.11735576
0.09981593
0.06575158
0.060622364
0.23150711
0.114893466
0.15340398
0.057480454
0.14686973
0.243078
0.4570623
0.09519119
0.25221497
0.042241875
0.2977583
0.16186754
0.16054511
0.098500766
0.2503495
0.13777974
0.39888114
0.3799585
0.048415765
0.054352064
0.60969937
0.7169531
0.19122523
0.10278803
0.19107749
0.364229
0.055649977
0.020856686
0.0635211
0.061493132
0.06863691
0.06111268
0.07875581
0.06623699
0.069071054
0.05757263
0.098118395
0.021846225
0.078060865
0.039467566
0.047783703
0.13239817
0.11622767
0.1894519
0.6870466
0.8143228
0.07402687
0.29659766
0.22508791
0.057045046
0.24111739
0.22408378
0.030849954
0.022418886
0.2841461
0.14782254
0.09424505
0.07732359
0.07327087
0.050126553
0.08853561
0.08244582
0.04378743
0.09141838
0.13706228
0.037387762
0.14279473
0.09412192
0.049014173
0.11033577
0.09268499
0.10548062
0.14888285
0.061716832
0.09313856
0.029580437
0.099478
0.04548925
0.10208067
0.010667303
0.124203935
0.04131534
0.029971797
0.24199635
0.4421384
0.24765913
0.13229707
0.07752098
0.13245824
0.020199578
0.2285064
0.027285108
0.28186497
0.20254116
0.06486243
0.089702606
0.041714154
0.08161733
0.04760056
0.01728408
0.10301713
0.14176475
0.20644721
0.056245074
0.04978817
0.034590125
0.076650694
0.09071956
0.1104201
0.0530395
0.06442998
0.034922305
0.035035443
0.07035931
0.035044387
0.05790771
0.15364993
0.052686308
0.0643788
0.082987115
0.06808538
0.12486099
0.09465271
0.051245667
0.05336518
0.043830957
0.095026515
0.06814837
0.016298987
0.057120092
0.088339336
0.03305196
0.038819887
0.03834539
0.07174462
0.22824132
0.16542771
0.016605046
0.031082988
0.091131106
0.047360342
0.037552305
0.08455725
0.04674394
0.098186314
0.14322953
0.238056
0.05868807
0.1701733
0.023085015
0.059784733
0.03850571
0.07239242
0.044522848
0.07580668
