0.83836275
1.4951739
1.0484793
1.2549059
0.88838345
0.3840382
0.87169623
2.593741
0.90919554
0.7077372
3.5231743
1.606822
1.0278263
1.3554864
1.825749
1.7268233
0.51683724
1.5326207
0.7422862
2.411127
0.8201881
0.61630714
1.1899419
0.9036697
1.0373588
1.5598333
0.4537468
2.4266276
1.9442848
1.3226525
0.58908087
0.9315264
3.8007112
1.4569488
1.0043249
0.7333014
1.2104847
1.1702664
1.6694235
1.5103333
0.37169635
5.258378
4.2755413
0.6402714
1.8712192
1.1133361
1.5536857
0.3144463
1.8745732
1.6197757
1.7308347
1.1241932
1.3647871
0.8986769
0.9656676
3.6288624
1.3818638
0.4063192
1.5491502
1.4607716
2.1787481
1.1270869
0.30331817
4.562516
1.1790528
0.66880447
2.2390664
1.6427114
1.2735107
0.42133155
1.5725328
1.4910854
1.1851304
0.49855006
1.4231405
1.5621862
0.93756294
0.43570596
0.7906494
0.8927512
0.95746535
0.81479275
1.270989
0.4749672
0.32451943
1.7151812
0.6930866
0.6325355
1.3616334
1.7661803
1.6108395
0.48006678
1.395151
1.5843096
1.7756374
0.6795732
1.0899408
0.97656834
0.50781226
1.7476568
1.5263896
1.965103
1.0250635
0.95274484
1.493615
1.0586851
1.992639
1.1891791
0.3510334
1.130054
2.1704874
1.7525302
1.3806365
0.58107764
1.6357739
2.0657768
1.15403
1.3693398
1.4547825
0.96752715
0.9580748
1.267954
1.413549
0.79964155
2.0513098
1.0958843
0.45468295
2.108464
2.2076764
0.64829993
1.031432
2.2033753
1.8278661
0.5354612
1.9241257
1.3542365
1.0324967
0.6050929
2.4132283
2.0221486
0.87082016
1.1851101
1.1533251
2.3420696
1.0131416
0.9541619
1.1327511
0.577299
3.0526218
1.359051
0.7532512
2.5699234
2.1307573
1.424748
0.5326188
2.8927436
1.2167604
1.0926592
1.0078351
1.1505574
1.3138773
1.3657458
0.21929923
2.3083236
1.9167738
1.0341929
0.93011
0.8615484
0.38015753
1.4825075
1.5558175
1.8399862
1.0278287
0.6638759
0.79016757
2.899479
0.86326945
0.4498896
0.97165215
1.8736186
0.99436784
0.43183908
5.239015
0.7129903
0.46325308
4.0500665
1.7169352
0.40245214
