0.49150604
0.3301854
0.2388282
0.50393116
0.269134
0.34397602
0.23062582
0.21942048
0.17226505
0.34112275
0.71308863
0.2674668
0.23398843
0.15576705
0.18821044
0.2170189
0.16405694
0.13605861
0.45658106
0.24690235
0.17847894
0.18469495
0.23298207
0.18706426
0.19517776
0.22328945
0.16834328
0.15654257
0.2090716
0.21526054
0.24290627
0.10975688
0.17570925
0.21229254
0.33970588
0.3549081
0.22249986
0.34877065
0.15937315
0.3279335
0.14843091
0.48135942
0.33283594
0.19828026
0.1796289
0.16666806
0.22845122
0.23256098
0.22227365
0.2070073
0.24699432
0.19822851
0.18334952
0.20348789
0.14573845
0.23350413
0.20996408
0.17463495
0.29565722
0.11626008
0.10193525
0.12271732
0.20551626
0.1854865
0.19928503
0.28722748
0.38310003
0.6255859
0.14504592
0.33499044
0.17984694
0.1674657
0.21337157
0.18731153
0.2538558
0.16190885
0.20545909
0.1693204
0.25856265
0.20403786
0.18731004
0.22261056
0.18894616
0.1787835
0.09192692
0.1379959
0.26218992
0.32779807
0.32229644
0.20183748
0.14517099
0.15894751
0.26677418
0.23968531
0.13232699
0.30643195
0.11920747
0.16339739
0.13480878
0.13039017
0.11242616
0.27252108
0.3192433
0.90580153
1.4940699
0.6749199
0.2553358
0.65684575
2.461622
2.5643122
2.3025646
1.6360815
2.5994315
0.8663045
0.29081273
0.5932013
1.5568159
2.191632
0.90112424
0.36767048
0.5255023
0.44838017
0.3806039
0.3820691
0.36632115
0.2771471
0.3231699
0.5056097
0.26722595
0.421102
0.45579767
0.5500708
0.62946326
0.4561332
0.15494634
0.41922468
0.40692008
0.23498848
0.2206644
0.39269173
1.1837691
2.2019806
0.5657871
0.498682
0.65128493
0.45997655
0.2692076
0.2680345
0.574838
0.5594642
0.50045353
0.2700798
0.26722455
0.15906273
0.36101
0.5913516
0.44006398
0.17543164
0.3324657
0.4117356
0.38154316
0.4071005
0.53033066
0.24602485
0.30973598
0.40655017
0.50510234
0.37405413
0.19376439
0.23095351
0.3444577
0.28822148
0.17454681
0.47486824
0.17525366
0.39651257
0.25935078
0.2808625
0.27422822
0.49133855
0.35890353
0.13620111
0.3317935
0.2796796
0.21371499
0.20375298
0.22870407
0.1789369
