1.611057
0.5532869
0.9998848
1.6085091
0.48411825
0.8918745
1.8584015
0.73967624
0.96207666
2.486883
1.0001245
1.3400552
1.2189507
0.3531868
2.7160492
0.2633138
2.8519962
0.41580307
1.4865334
0.66716754
0.9398352
0.8228081
1.9465548
0.6860365
0.3902193
1.1990461
1.5850829
0.8215027
0.7741416
1.1544404
0.5739651
0.69597447
2.4488654
0.38559002
0.82056737
2.301685
0.15075001
6.7978654
2.0413861
0.61161554
0.5626662
4.1171527
0.20568945
5.5155516
0.64030164
0.8664144
1.8270278
1.660414
0.4940982
4.1780605
0.3138041
0.8663792
3.898961
0.33227187
3.9931202
1.7044988
0.13354519
6.9427824
2.1885417
0.48136935
1.0567191
0.5270674
2.0772305
0.64268386
0.9029268
1.7056761
0.13720796
5.0048122
1.5109022
0.33858907
2.3136268
2.2315016
1.8143241
0.37436098
0.9988914
1.8046546
1.1851411
0.2963623
3.20466
1.4722253
0.57873183
0.99641955
1.7837698
0.45584467
1.49436
1.6183174
1.5934498
0.73087996
0.54279983
1.1584729
1.2330122
0.9597886
0.38115042
7.438506
0.60732627
0.83545595
1.8246061
0.97100854
0.9884555
2.510248
0.6821432
0.8101402
1.3401715
1.3001173
1.1517625
0.8509457
0.3309253
1.0462303
2.0922265
0.6770539
0.6011992
1.3802478
2.1749377
1.2409403
0.34128213
1.0885649
1.2795708
1.739202
0.5757329
0.48174185
1.4081872
1.7976532
1.3163124
0.86244506
0.47220263
1.5367988
1.403759
1.11398
1.2824605
0.6259208
0.974177
1.8831904
0.9862214
0.39141047
1.6202948
1.3564281
0.96232843
1.064488
1.3151207
0.7059164
1.1445192
0.7615406
0.7227442
4.038604
1.365422
0.29010636
3.1289961
1.0603561
0.6924875
1.2837393
1.2312886
0.57578397
1.1423846
1.6922634
0.8275147
0.69368875
0.66977865
1.4099808
1.2539403
0.8044797
0.7701236
1.6372249
0.90367454
0.7437391
3.1890783
1.1683767
0.43256056
0.68514633
1.6576698
1.628315
1.1164479
1.012485
0.7448192
0.5784679
1.4798746
0.9495805
0.44026986
2.4811165
1.3543031
0.82474124
1.6719732
0.36906013
2.0253272
1.3435352
0.86088526
0.76831055
1.436533
1.783258
