1.0666597
1.2169101
0.58471787
1.4728446
0.669422
1.5383153
0.8577274
0.643507
1.3113062
0.62590766
0.93187714
1.0001636
1.3990483
0.7205349
1.1974237
0.69810426
1.4967659
0.48614395
1.7233096
0.7042409
1.1033269
0.8661997
0.9667513
0.87315917
1.3094144
0.70287424
1.113027
0.92898244
1.1531732
0.9375746
0.6436298
0.9580862
0.8927073
0.9309716
1.01771
0.6694916
1.7957389
0.6529809
1.1203847
1.1792524
0.44878083
2.5391588
0.6867758
0.82784534
1.23912
1.0910306
0.73489726
0.9351766
1.3915493
0.7062039
0.99070305
0.96468997
0.9046095
0.8558793
1.0543307
1.1221981
0.80716836
1.1685581
0.6174246
1.2769464
1.0484548
0.5891546
1.2906398
0.68072695
0.92572725
0.938449
0.8496082
1.1913612
0.6230931
1.3701482
0.60565424
1.6437011
0.79369575
1.0834411
0.8652123
1.2679834
0.36730176
2.3800077
0.5917839
0.9037327
1.0552671
0.7617754
0.93013775
1.1139113
0.8549785
0.9906354
1.0952721
0.86493737
1.0899959
0.85270214
1.0262831
0.8996895
1.2279325
0.58623374
2.1775467
0.36378574
1.3572083
1.1113869
0.84042645
1.0588716
0.84436774
1.0095608
0.8459742
1.0376201
1.1367939
0.71667767
1.3997166
0.36827543
1.8473204
0.6459483
0.8664995
1.3192606
0.7608484
0.9894906
0.9463113
1.1052082
0.8066499
0.9729626
1.0761317
0.84500945
1.2557822
0.5938659
1.4558146
0.55987203
1.346176
0.5986169
1.5613142
0.55171484
1.2294897
0.9712529
0.59079945
1.9991362
0.50405806
0.8040204
1.6607459
0.6458012
0.86574465
1.2643023
0.80989856
0.8732769
1.0164032
0.5378312
1.792263
0.6609297
0.76097333
1.1471424
0.89894634
0.780313
0.7964843
1.0838593
0.60763466
1.092908
0.92396915
0.7062613
1.4324834
0.6538346
1.1107662
0.94011474
1.0849407
0.79867125
1.327996
0.30003354
2.402399
0.59244
0.9618418
1.0317382
0.95226234
0.78491247
1.2713641
0.8108046
1.1004448
0.61150366
1.5853231
0.5058197
1.3890102
0.6777246
1.0574491
1.1060604
0.71512425
1.1403906
0.8026959
1.0657086
0.8876015
0.96551716
1.0223266
0.6226495
1.0917695
0.9286607
