1.1153744
0.95792747
1.2451073
0.9736682
1.0399063
1.0118958
1.1159387
1.0395269
1.041083
1.1314373
0.9469075
0.9456495
0.9581132
1.099689
1.1059935
0.9461042
1.0423024
1.0454805
1.0989692
0.9857025
1.0832393
0.86143124
1.1783223
0.93633187
1.0899618
1.1190541
0.872146
1.1738143
1.0384512
1.0594814
0.8765926
1.4315736
0.8723842
1.0928603
1.0211142
1.2749777
0.9629327
0.99236023
1.0113703
0.9357029
1.134433
0.8243146
1.0901688
1.0380366
0.98728395
1.1108956
1.0455254
0.9740907
1.2362599
0.95049536
1.1055868
0.9564794
0.92515385
1.2890778
0.8223039
1.0068668
1.1578032
0.76105416
1.2610037
0.8704754
1.0826546
0.9982176
1.1443884
0.92786014
1.03616
1.0879292
0.94053185
0.9820124
1.1231658
0.82631695
1.2355226
0.9969379
1.112632
1.0610886
1.1471083
0.90913415
1.197727
1.2222939
0.8584939
1.3633125
0.83758473
0.999776
1.0793123
0.98794276
0.93922573
1.0123992
0.9108479
1.2234411
0.83105063
1.0565732
0.91649973
1.3134695
0.76869905
1.1688979
1.0505991
0.85333085
1.2738136
0.872547
1.2317171
0.95684326
1.06082
0.98848236
1.0992534
0.90474343
0.9665595
1.0787587
0.9888507
1.1660134
0.87587786
1.2834697
0.85686195
1.344173
0.83142984
1.0378631
1.0408762
0.8702361
1.1481827
0.84768283
1.2297611
0.79008687
1.4780414
0.80536985
0.97162163
1.0869832
0.96042144
1.0971797
0.90399814
1.0866041
0.8994667
1.0042914
1.0538008
0.99929404
0.9004887
1.041553
1.0242273
0.9142125
0.9316868
1.1970465
0.8274903
1.3116375
0.8358569
1.0544655
1.0756158
0.9732014
0.988539
1.084071
0.8723049
1.365336
0.72790486
1.3805705
0.935226
0.9665877
1.3002605
0.86963
1.085365
0.99698794
0.94508827
1.0043089
0.9853513
1.0340664
1.0215216
0.92206633
1.0092504
0.8801858
0.9549835
1.1635964
0.88096523
1.1591818
0.95986813
0.90560544
1.1161886
0.96374714
0.948225
1.0814464
1.0710752
0.90576017
1.2285707
0.8787155
1.0657824
0.9142458
1.0782526
0.9209076
1.0692859
0.94483954
1.0782362
0.9664195
1.0145627
0.9951282
