1.0635377
1.0568122
1.069701
1.1213914
0.93082744
1.3560753
0.83125
1.0584594
1.0958706
0.9455031
1.1756704
1.0069821
1.0509773
1.1099495
0.8916733
1.1818465
1.0072159
0.93909276
1.0333245
1.051266
1.0606556
1.1644073
1.0601611
1.0300255
1.090225
0.97626925
0.97321427
1.1681764
0.9894142
1.1787668
0.87867993
1.222243
0.9363358
1.0999664
1.0284631
1.0934533
1.1833543
1.0522531
0.85319984
1.2027481
0.9648539
1.0801877
1.0568583
0.88899016
1.1955785
0.9545013
1.0621834
0.8600066
1.1588265
0.97385705
1.0260961
0.99735314
0.99707955
1.050364
1.0923607
1.0250548
1.2048354
0.882326
1.1615173
0.91455406
1.0146134
1.096096
1.0046602
1.0822272
0.9956262
1.0804884
1.083188
1.1287359
0.9044032
1.0798516
1.02366
1.0704861
0.9708148
1.0850253
1.0646826
0.91669786
0.9797783
1.0574619
1.0659921
0.9658116
1.136076
1.0133383
1.1113329
0.9877923
0.9532934
1.0803776
1.0335459
1.021137
1.1107917
0.8782841
1.3218204
0.8097399
1.0637139
1.0496497
0.8996224
1.2490194
0.8374925
1.2693806
0.9262229
1.1461809
1.0108955
0.9572802
1.203362
0.92558277
1.2187182
0.8462302
1.0327564
1.0950909
0.9299067
0.94203985
0.94888103
1.0973909
0.9158065
1.0488409
1.0574296
0.9374408
1.052038
0.9015777
1.0659081
1.0793958
0.9207078
1.0844786
1.1563292
0.96562123
1.0140499
1.1133085
1.006535
1.0677863
1.05376
1.0060427
1.0450149
1.1853821
0.9600133
1.1512077
1.0607669
0.9643796
1.1244631
0.82735837
1.1705096
0.8281607
1.010697
1.0536472
1.0997849
0.8845471
1.248555
0.87951297
0.957484
1.1390831
0.9851419
1.155722
0.8518311
1.219012
0.9428961
0.88337016
1.1873541
0.86541444
1.176072
0.97460485
0.94891673
1.1652243
0.93412316
1.0687324
1.1626577
0.8393459
1.3588665
0.8971375
1.2321205
0.94538444
1.0587889
1.0438852
0.9864187
0.941303
1.1500202
0.9739331
1.1670831
0.79061407
1.1421505
0.981244
0.9374949
1.1859201
0.94086176
1.1203403
0.9276471
0.9850634
1.0275452
1.0444441
1.0270443
1.0587082
