1.3841698
1.4960246
1.0779049
2.53658
2.2948036
1.1976703
0.7167661
1.2412038
0.9946658
3.595779
0.40641528
1.1908362
2.886973
0.54022086
2.9955964
3.1364105
0.47950244
4.138755
0.76336753
1.417204
1.4163747
2.16921
1.2213488
1.0742018
1.485081
1.6189213
0.98179984
0.72568834
1.5548851
1.9613373
0.4256553
1.0328484
1.0793573
1.5435942
1.5871098
1.7254933
1.88667
0.8509226
0.99889624
3.975245
0.11778047
10.974834
0.106386796
10.386527
0.047508188
14.766291
0.027145145
15.673002
6.4835343
0.82933414
3.6830158
1.6267612
0.90964174
1.8729117
1.768543
1.798882
1.2005934
1.2451491
1.3409662
1.0173792
2.127037
1.0933144
1.6648359
1.0526013
1.5734556
1.7251697
0.7759956
5.53113
2.0373526
0.38355356
6.5242267
0.60324866
0.5591404
3.1309638
0.7587632
2.029581
2.0415294
0.9826607
1.5316342
1.4757302
4.66481
0.64949703
0.9307599
5.1650186
0.72858375
0.7698542
5.0603414
0.75697255
1.3330618
2.731278
1.1544394
1.472169
1.0725014
1.458875
2.2436929
0.6939551
3.8172317
0.24359219
3.4812903
0.8919113
2.885638
0.49891248
5.233159
1.7139276
1.003738
3.978773
1.8521974
0.42129773
2.081094
1.2489065
1.9309
1.1980097
0.33967704
5.456356
0.90540254
1.4467419
1.8374712
0.50926614
1.0387001
3.3115888
2.0754266
0.5992514
1.642465
1.3926442
0.61362684
2.0598211
2.067079
0.397665
4.2265463
2.3038614
0.3746524
5.390301
0.22966549
5.974387
0.7716193
0.883832
1.1157675
1.1846696
1.9413568
1.8152646
0.50189984
4.391037
1.1989229
1.6620318
0.95867807
0.95444596
1.3636701
2.57935
0.5366138
3.4592733
0.25978526
3.609981
0.94143367
1.1977968
1.3482412
1.2068983
1.74983
1.3859639
0.4381072
1.0671062
2.5124109
1.4027712
0.7655575
0.81610537
1.1868119
0.2836644
5.8948994
0.789486
0.45203772
2.3292773
1.5965568
2.180542
0.71563715
1.0936654
2.427172
0.66330695
1.9931291
1.0651786
0.76781076
4.5630193
1.124614
0.5728143
2.5994878
1.3303766
0.5256754
0.7094088
3.7810755
0.6909687
