1.2051642
0.6419333
1.2100501
0.5950303
1.6449401
0.4724928
1.3133945
1.4131198
0.8939667
1.0968667
1.3578585
1.4145242
0.5992336
1.7387607
0.6361523
0.97599244
1.0945487
0.62914586
1.7229046
1.1028016
0.3737653
0.37385783
1.7056904
1.707565
0.40651023
1.8350747
1.7072937
1.4412588
1.0042088
1.4149237
1.6768315
0.78848946
2.043858
0.97692776
0.5820075
1.8261129
1.3647785
0.8367317
0.76961803
1.1754929
1.419028
1.4252813
0.25402397
2.1720533
1.4484847
0.60211575
0.70866
1.3330139
0.35159427
2.4564397
1.1135232
0.5756605
1.3162613
1.2213725
0.46220982
0.5848122
1.6030524
1.7495236
0.58065224
0.6394192
3.763542
0.090931356
6.7046967
0.33270884
2.6249359
0.56745124
0.2135065
5.599034
0.44819105
0.35206163
3.1689672
0.37167126
2.9958808
1.586034
0.48219624
1.8589232
0.65846133
0.3994012
2.6299713
0.94495714
0.3748259
1.1357329
2.2602565
0.6120862
0.73058176
1.6551818
1.6282928
0.4270863
2.3402967
1.6560497
1.0220864
0.23192619
4.746112
1.4037507
0.7054707
1.4231831
1.3399782
0.818665
0.6217078
1.2322005
0.9149898
0.7347301
0.76297116
2.329078
0.53046185
0.50087965
2.7971277
1.4652022
0.36995196
2.047266
1.1262689
1.0913501
0.8264008
1.7441638
1.252231
0.9627408
0.7984066
1.8217881
0.5344426
1.4484148
1.5753614
0.77883744
1.0900757
1.3709102
1.34146
1.2251366
1.1082484
0.84478414
0.3653776
2.097386
1.8120648
0.8108114
0.7257751
0.7790062
1.1850063
1.3033409
0.41785002
0.8769195
1.4573922
0.6785974
1.2401763
0.9674329
1.9360235
1.3267927
0.43307453
1.9318479
1.1150525
0.7330496
1.1114889
0.8308068
1.3788931
1.1714946
1.3616995
0.87042487
1.2759565
1.1358821
1.0127167
1.1484418
1.337277
0.81967676
1.2734319
1.0210534
1.0836833
1.0463362
0.9842562
1.1438942
0.937935
0.26462734
5.95354
0.17247942
1.8909798
2.0471568
0.25898445
4.750656
1.2274985
0.31251693
0.7481311
2.4757323
1.0100532
0.5586932
1.173518
1.6580935
1.3770072
0.9292181
0.5668458
1.161818
0.97458375
1.2805691
