2.045885
0.9729004
0.48339182
1.7527161
1.472441
0.8025807
1.0980077
1.3903315
1.904279
0.0943429
2.5755978
1.5258042
0.19322255
1.505327
2.637637
0.73855096
1.913942
1.2801924
1.3272035
0.73814833
2.4290285
0.93830025
0.9700974
1.66309
1.2553906
0.8143908
1.083823
1.4134653
1.274261
0.84432423
1.0293772
1.5106423
0.9302349
0.96748805
1.7644036
1.8863175
0.5798111
1.0861449
1.1022906
0.5655807
2.123916
0.5406319
2.3964658
0.69528973
2.0006232
0.6906584
0.9660275
1.4650104
0.50514317
1.8472435
1.1776297
0.6742307
1.3783815
2.2554517
1.4127524
0.24680337
4.4837008
1.0430472
0.8242061
4.201978
0.9578903
0.44455627
2.0821204
1.0118878
1.0778359
0.71660686
1.0349731
0.90145886
1.9718803
1.767035
0.3535103
3.9367507
1.8465977
0.31343514
5.2926927
1.1576021
1.1190902
0.8543558
3.0457654
0.91101515
0.5535854
3.8094916
1.3003104
0.7630145
5.0070057
0.8462227
0.3692641
1.8597207
2.1858215
0.9398776
1.1589676
1.1445153
2.7603202
1.2730473
0.2814854
3.521922
0.6595497
1.5774641
1.7526319
1.720269
0.9506039
1.4581769
0.42884663
2.534122
0.45788854
0.95120484
2.0580359
1.5425284
0.59051794
0.953717
1.9655286
0.63158715
2.0809913
1.4643663
1.9936527
0.8406525
2.1051474
0.752962
0.9901433
2.016657
1.9801667
1.4468565
0.18958357
6.277242
0.5806275
1.7162008
1.4794421
1.335696
0.8725028
2.7466753
1.7665644
0.5001165
0.9181947
1.3591686
1.3796861
1.065352
0.8412334
1.0179021
3.1923661
1.6361895
0.6321979
9.022795
0.7913458
2.9466562
0.34008217
3.733502
1.19682
0.8875895
1.1309731
0.6956836
1.6564069
0.6106613
6.2891808
0.36014605
3.6442077
1.02429
0.7334393
5.1710243
0.23752646
3.0350099
1.4533868
0.22570197
4.6945343
1.8422301
0.4153082
4.6103506
1.3045139
0.33138812
5.9594064
0.4624517
3.3674886
1.8573961
0.28420776
3.2373042
0.6594632
1.6327451
1.0601287
1.2960463
0.24868026
6.0557156
0.5754086
3.9078064
0.27907503
4.345525
1.7468395
0.5179516
4.448285
1.5344913
