0.5417475
0.4889043
0.4148865
0.54661244
0.48533005
0.59503746
0.8208733
0.6389018
0.48868018
0.47411126
0.8837986
0.8036293
0.7097409
0.5733926
0.4935813
0.574
0.5462253
0.864314
0.56377614
0.5994033
0.7128001
0.4797567
0.48036057
0.3872999
0.678913
0.5532501
0.73180264
0.7168154
0.9013458
0.7622306
0.85428953
1.355408
1.6376979
0.9078267
0.41200697
1.2554879
0.98186964
0.70149195
0.74726236
0.55841076
0.38373348
0.6202499
0.7274017
0.56924933
0.71462965
1.0447749
0.80542046
0.4954881
0.6542393
0.4310168
0.43988234
0.55022067
0.67074764
0.57328224
0.60795414
0.5706915
0.5258339
0.6273896
0.67803085
0.6989902
0.47215873
0.68582946
0.75597775
0.9692652
0.78476167
0.64537024
0.6585313
0.48832113
0.6237563
0.5672799
0.45645964
0.5873426
0.54065186
0.5902964
0.60989416
0.45221472
0.5343559
0.600068
0.647645
0.37484747
0.49078608
0.37551272
0.56185496
0.9911142
1.269294
1.2842988
0.46690518
0.8868178
1.0674648
0.7773757
0.5523483
0.47328573
0.63230324
0.55735767
0.73388654
0.38807663
0.42349538
0.8390891
0.49936277
0.5662358
0.5715121
0.64478433
0.6001336
0.35121462
0.48583633
0.46019572
0.66501266
0.71808076
0.56060666
0.38645253
0.5809874
0.4310906
0.45669577
0.8083248
0.32555616
0.73011464
0.7900816
0.5862032
0.48685426
0.376903
0.66525865
0.42456847
0.45568675
0.5793425
0.73555076
0.48365903
0.41620928
0.7060323
0.8285334
0.5577007
0.729579
0.6306585
0.5629972
0.51800257
0.24777393
0.6948603
0.8942013
0.49393287
0.4356509
0.5970268
1.034829
0.9716531
0.9525437
0.39361763
0.45512328
0.35626808
0.45303127
0.7810549
0.3504039
0.31802613
0.6282127
0.6042117
0.4189085
0.5220052
0.6827356
0.6785223
0.40365198
0.43810183
0.7814881
0.4166912
0.562562
0.5769835
0.48850602
0.47049698
0.44335985
0.43338653
0.59732807
1.0554186
1.8937783
1.803747
1.7098665
1.9514158
0.48931092
0.7301717
0.7279757
0.81764656
0.9603299
0.7569889
0.78062344
0.65064096
0.72164357
0.6804763
0.669081
0.70778835
0.46060395
0.9706429
1.2153146
0.85033333
