0.4602825
7.576742
0.039513484
10.737776
2.5922956
0.12519503
6.0738735
3.128429
0.59367883
0.8506731
1.1271626
0.7074887
1.2376564
1.6611652
0.91451955
0.41645706
0.26266444
0.37851202
0.73969924
2.3426352
0.08410327
1.8290167
2.2912164
0.3408053
1.5790654
1.2931627
2.4248047
1.702778
0.38843018
0.71200395
0.5291772
0.30189306
0.7282314
1.329115
0.985475
0.4308467
0.5457684
0.6308383
1.3253021
6.9361687
1.3240739
0.3346947
1.4988409
2.4394708
1.9841461
1.8856174
1.8184006
0.82516825
0.4242175
0.7729198
1.0605332
1.0002286
0.87271166
2.0458877
1.0802102
0.86247045
0.99050844
0.9880077
1.3118399
1.1440021
1.5055803
1.6579367
0.5565872
1.07711
0.9839045
1.1980462
0.5510707
0.42713606
4.063092
2.0450792
0.6484176
1.5800991
1.111949
0.5895285
0.6879959
1.1465037
1.2691058
1.0928038
0.44918022
1.3526056
1.4283347
1.0602294
1.6210731
0.42729992
1.0253578
1.2024103
1.5669628
1.4536406
0.75532067
1.1886778
1.2777542
1.614732
0.09606625
14.117298
0.05025198
19.710815
0.7445279
3.0452442
1.8071316
0.9203379
8.520901
0.2735628
13.821155
0.4881575
0.20565337
1.8110172
1.5255028
0.61966294
0.87790656
2.1161623
2.0391889
0.6487992
0.3514973
0.34446198
1.3112161
0.5400332
0.69183433
0.8659501
1.003556
0.6534466
1.8149204
0.086960874
6.457117
1.9189823
0.36852527
1.0014036
1.00446
1.3461721
0.788076
0.7777864
0.79959023
1.1119425
0.3532102
1.0635474
1.1674088
0.973519
0.15936181
5.173435
2.0946207
0.79186606
0.24694055
1.0338578
2.7692506
1.6008277
0.74340343
0.5510187
1.8389249
1.8376999
0.2853065
0.47225815
1.133002
1.0691705
0.74343455
0.38995057
0.6591576
0.7937783
1.3314836
1.0807807
0.43571788
1.6457129
1.0674773
0.20052777
3.9550588
0.88068545
0.7646669
0.5272963
0.7882126
0.60234785
1.3206382
0.23520316
1.2022861
0.8868088
0.60331285
1.0786601
1.0081036
0.4168258
0.9406301
1.6883153
1.540118
0.90921015
2.4983718
2.2235315
0.93853426
0.85044587
0.57802266
0.7463405
0.70520735
1.2668396
0.80574274
0.65403366
0.70505273
0.58002615
0.62719214
0.6812769
0.82256347
0.50284564
0.95199186
0.90525895
0.19947344
4.683815
0.45240766
1.345417
2.4601583
1.9038019
0.5210873
0.5189412
1.021522
1.5472007
2.7104492
2.003377
1.1437778
1.49282
1.1722451
1.609
1.2180125
1.3558321
1.131963
0.6909041
0.9849046
0.97905093
0.9920783
0.7596799
0.63488543
1.2511382
1.2347851
1.2056826
1.8425434
1.3467095
0.97005826
0.59483606
0.7208147
0.9027568
1.850321
1.1586592
0.5871961
0.89619875
1.4130087
1.2880296
1.0450583
0.8676923
1.0715833
1.0513813
1.2382947
0.7369013
1.1823609
0.9204719
0.88224745
0.6148422
0.50624955
0.94513345
1.3384873
1.3502414
0.1455591
1.2431612
1.8340827
1.8199934
1.6052198
0.5768465
0.42536464
0.8938473
1.0576257
1.3339102
0.8467553
0.8596428
1.0945652
1.4202571
1.8040358
0.8608649
0.6877154
0.5384613
0.30449224
2.0298364
3.3144317
0.06380338
9.118473
1.3253336
0.5016382
0.4380775
2.356566
2.8366864
1.0480375
0.5206256
0.58036005
1.1001754
1.3836491
1.1276767
0.27917215
3.3134735
2.671548
2.5203037
0.06913603
9.482987
1.9315703
1.0420486
0.7940609
1.4644922
1.267232
1.4047537
1.3033915
1.7355179
1.0347936
0.7967318
1.147791
1.3065542
1.1512859
1.0106077
0.7930199
0.59796727
0.44234765
1.0463015
0.8000294
1.2962015
0.8315486
3.6496434
1.6262456
2.115488
0.5919078
0.79271233
1.0280364
0.94723845
1.164434
0.9949708
0.7799219
0.8326349
1.8747864
0.8186778
0.47692978
9.959187
0.09936148
9.598708
1.6979818
1.1163478
1.1064968
0.67926943
0.52160394
1.225445
0.87036073
0.39190304
0.4062159
5.3622875
3.2602742
2.6149833
0.5018126
1.3647431
1.0189891
1.296869
0.94125307
0.06413603
15.377018
2.4116812
0.63287395
0.7361883
3.30336
1.9167862
1.1261979
0.52598953
0.88974625
3.1733594
0.5018074
0.42386007
1.0487025
1.4512525
1.481303
1.0206251
1.6974654
1.1815763
1.4816958
0.9985023
1.0820372
1.4429233
1.0301752
0.353502
2.573036
1.6582332
0.8425128
