1.0682445
0.6787389
1.0379682
0.9223597
0.82826
0.8255824
1.0451076
0.6936549
1.0782604
0.659676
1.3359842
0.5176588
1.1532156
0.82882065
0.7460645
0.84053683
1.1339632
0.75590074
0.91515076
1.0499138
0.6391779
1.357831
0.5059272
2.0358515
0.5491308
0.91820407
0.9291153
0.7215227
1.0284319
0.69389904
1.0576015
0.6665002
1.1199272
0.84328026
0.80181
0.7959534
1.2272353
0.52298427
1.4202228
0.62751484
0.8005654
0.9102776
0.7871368
0.9890708
0.82328415
1.0834825
0.7406272
1.1555734
0.6784848
0.8479079
1.164088
0.5764797
1.510818
0.5131781
1.3438742
0.56824756
1.0231612
0.7081442
0.97496915
0.77207077
0.7542621
1.1948035
0.63412595
0.89857304
0.9592329
1.0123333
0.4180541
1.8435812
0.73584557
0.69573665
1.0915191
0.829739
0.6420309
1.0012081
1.0390011
0.6981111
0.88614726
0.9807128
0.8403014
0.8407043
0.722469
1.1037533
0.84614736
0.6587398
1.4662763
0.6586307
0.7457148
0.94945264
0.95463425
0.7326766
0.9065905
0.9798762
0.95100355
0.69624984
1.0817509
0.6369552
0.8918921
1.0920091
0.5652312
1.8740144
0.5309975
0.8417779
1.011327
0.8467229
0.6888627
1.2395923
0.5880171
0.91097784
0.9297817
0.60611784
1.1804821
0.748593
0.94779795
0.9172607
0.8506465
0.894714
0.83525133
1.148142
0.5443261
1.683192
0.42048743
1.2483765
0.7790516
0.81910235
1.0283427
0.83654726
0.83336294
0.9029794
1.0020771
0.92418885
0.7446606
0.8694169
1.2510831
0.5743687
1.2465272
0.5740361
1.1760647
0.8270372
0.8411262
0.9110713
0.8594661
1.0146352
0.66417426
1.4821215
0.57341456
0.90199935
0.81581104
1.0535991
0.8737966
0.73977244
1.0044419
0.79564834
0.98596203
0.7724012
1.3223405
0.5946116
1.5167382
0.70410633
0.9375597
0.77545273
1.0235769
0.6711489
0.91210765
0.9145987
0.6663572
1.1141098
0.6539269
1.2298203
0.51616925
1.4968114
0.6602669
1.1292615
0.6772555
1.1571856
0.6816247
1.16172
0.7476945
0.9680276
0.97747755
0.7506634
1.009598
1.0838015
0.590581
1.2100241
0.45060176
2.2333834
0.6064368
0.59153354
