1.4341247
1.6094525
1.8483958
1.4689392
1.3784672
1.5874593
1.3536482
1.4272243
1.3965151
1.6417797
1.4150522
1.4134979
1.3237536
1.2965589
1.4962282
1.4277167
1.3978007
1.170572
1.3457369
1.5012228
1.265849
1.1858318
1.3862698
1.4137326
1.5666486
1.6099052
1.254117
1.4164617
1.5360407
1.3687408
1.2741936
1.3024065
1.4394822
1.5438135
1.4162524
1.222058
1.1699576
1.3279226
1.5513959
1.4689133
1.5012639
1.4577284
1.4931412
1.461139
1.3734
1.504123
1.6052208
1.8729552
1.6399218
1.264831
1.2270763
1.2626474
1.3042243
1.4393048
1.5348531
1.4145933
1.2207075
1.3265828
1.4654227
1.3516673
1.3375572
1.3368669
1.6919966
1.4749331
1.2945423
1.3153262
1.4751261
1.2540239
1.3526545
1.348357
1.2291124
1.252465
1.3008534
1.4938567
1.4649968
1.4924164
1.3340495
1.2644413
1.344058
1.4066658
1.4204264
1.3618016
1.4368308
1.4472337
1.464541
1.7473776
1.5684452
1.5724429
1.4658117
1.4952278
1.3313179
1.4512746
1.3344414
1.424084
1.5259842
1.3296974
1.4142165
1.4074051
1.4740833
1.4161878
1.3188746
1.475504
1.2244408
1.2258532
1.1911886
1.2496388
1.4189737
1.7933242
1.5134834
1.4014387
1.4426634
1.5275848
1.17735
1.4115633
1.8253057
1.313127
1.2722071
1.2181242
1.4635885
1.6913874
1.6055616
1.4117317
1.2798309
1.3799721
1.5833504
1.4454504
1.2907016
1.2447245
1.181776
1.2742505
1.3369086
1.4665186
1.3974977
1.3659815
1.2868011
1.420998
1.5423188
1.4061391
1.4085777
1.4069431
1.2369273
1.4069169
1.3570427
1.3141257
1.214247
1.5059524
1.346353
1.5957344
1.762315
1.3519567
1.2407273
1.3130896
1.3406564
1.426467
1.2725315
1.4390066
1.4476035
1.4484528
1.4505343
1.5093082
1.3271451
1.4170691
1.4355259
1.5745142
1.6617098
1.6195712
1.500367
1.2523514
1.5266787
1.5651035
1.7167807
1.3982012
1.232034
1.2962046
1.3826827
1.4328641
1.3788797
1.3600979
1.4209533
1.1537883
1.254767
1.3823421
1.1228949
1.2770334
1.51031
1.5836716
1.3517834
1.2300835
