1.6271105
1.5765243
1.6442083
1.6275961
1.6277609
1.7249393
1.8267078
1.6270446
1.5055786
1.6473782
1.618343
1.6607251
1.6903727
1.6553488
1.6631489
1.5847956
1.5974187
1.6072502
1.5090115
1.4834882
1.5523378
1.5012245
1.6391733
1.7345078
1.6205323
1.4970472
1.5494752
1.6356514
1.729769
1.8177046
1.7004116
1.6842223
1.7365685
1.63846
1.6548705
1.5411894
1.5551832
1.6373241
1.4885609
1.617695
1.6612661
1.6139449
1.5866772
1.5752033
1.5845997
1.6994978
1.5845346
1.703539
1.9624064
1.8186557
1.5917811
1.6555223
1.6284598
1.6029754
1.5628171
1.6451786
1.6639502
1.5186496
1.5989469
1.757164
1.5768118
1.6447581
1.702923
1.8543808
1.5123715
1.702141
1.6640846
1.601646
1.6003063
1.6702628
1.6849294
1.5588169
1.5531927
1.6997652
1.7763877
1.6732075
1.7804868
1.7674932
1.876378
1.5420325
1.5336912
1.6258322
1.7180115
1.5539877
1.6649479
1.5851536
1.5041387
1.4658436
1.5535154
1.7080922
1.7051127
1.5903698
1.6909671
1.6811016
1.6007417
1.646249
1.5634772
1.799367
1.8527987
1.6775885
1.5389645
1.4795322
1.499346
1.7678041
1.77178
1.7440416
1.5543723
1.6066281
1.5567648
1.528027
1.5396562
1.4967468
1.584187
1.6411232
1.7514181
1.6646407
1.5570081
1.6115961
1.6190033
2.038306
2.503145
2.210923
1.6133928
1.841328
1.5607901
1.5801657
1.5832499
1.528681
1.5443672
1.579983
1.551338
1.6111794
1.6498331
1.6744627
1.5801337
1.5855565
1.5970514
1.5488722
1.5905118
1.5551386
1.7204441
1.6470685
1.6376047
1.5827596
1.5760769
1.5678773
1.6352954
1.6288543
1.5330821
1.5704432
1.721131
1.5693389
1.6650423
1.5640037
1.5349271
1.5831959
1.6169226
1.5792282
1.589574
1.7300833
1.7302006
1.6074251
1.5105658
1.5724156
1.5910354
1.5148726
1.6256325
1.6340245
1.6674302
1.5654485
1.590505
1.5717387
1.7337738
1.7277744
1.5533764
1.658503
1.6130044
1.5156038
1.6050832
1.7245443
1.6115649
1.5748146
1.6319901
1.6782706
1.6982509
1.6478231
1.5628083
1.6881945
