0.5101626
0.79415643
1.9832306
0.37012264
1.3374033
0.9022049
0.93611765
0.6750867
1.6859827
0.4387889
2.4750903
0.5114192
0.5959054
1.7412027
0.40370977
2.3080754
0.5573471
2.0023174
1.2159828
0.92264986
0.9158816
1.6450393
0.2666118
3.0119991
0.25531375
3.2214124
0.89008105
0.4210191
1.674833
0.9019015
0.67389834
1.0037435
1.0497217
1.022713
0.43558726
1.3107095
0.51096964
3.0359347
0.3726646
2.1213202
1.1268789
0.3725018
2.2439427
0.9032231
0.45603818
2.0637007
0.53336996
1.4295304
1.2482679
0.986068
0.62388486
1.8558017
0.625556
0.89470744
1.5104659
0.34206307
2.3658228
0.7102312
0.67877537
1.3679497
0.6899483
1.6741629
0.46493983
1.3163607
1.1795456
0.40903938
2.5742142
0.21808885
1.0158738
0.5069437
2.1018372
0.6362775
1.5926691
0.61781144
1.551497
0.7103659
0.8418845
1.0794737
1.081239
0.6100183
2.4058967
0.20420128
2.879207
0.5419692
0.54559064
1.6634258
0.45389682
1.5176096
0.74559134
1.7661004
0.8064054
1.0370448
1.3214247
0.56265604
1.544592
0.37414438
1.8784705
0.5368728
2.7148523
0.29241532
1.7917142
0.7433922
0.6542872
2.259934
0.4203667
1.6708302
1.0372603
1.1201923
0.32200634
2.6101198
0.3633414
2.0318055
0.77819085
0.61483836
1.7536852
0.49528292
1.4807698
0.86740535
1.3554809
0.990549
0.4386389
2.8755324
0.42611343
1.7586389
0.6204146
1.2243549
0.99605244
0.6613214
0.7151307
2.2486057
0.5385081
0.9283599
1.4815531
0.44209892
2.16567
0.604371
1.8845171
0.47458988
2.160727
0.49048316
0.8037133
2.6662893
0.3455239
1.3196614
1.6216229
0.3094765
2.1999636
0.90191466
0.70394
1.5615277
0.7645864
1.8883302
0.79517245
0.82603765
1.7181132
0.6429745
0.6799264
2.15692
0.3940233
1.3026605
0.46129212
1.7497079
0.67844176
1.0505792
1.0306923
0.48352268
1.8590741
0.21679184
4.055447
0.5972749
1.0528598
1.6307287
0.6088939
0.7068572
1.6863093
0.29163086
2.2700658
0.46489352
1.6896445
0.8358308
0.6091773
1.7492507
1.1840575
0.44987398
2.5929778
0.8648883
0.43225083
1.8392942
