2.0874195
2.0024664
1.4456545
1.3675044
1.1604784
1.3569318
1.396827
1.2882463
1.4391336
1.6877621
1.2915723
1.5067225
1.3903363
1.2935996
1.4180644
1.5232627
1.2295017
1.353191
1.2133673
1.3168219
1.3909771
1.3797183
1.3899561
1.2272005
1.3022227
1.3231606
1.2908475
1.4506023
1.7046254
1.7039244
1.5634892
1.6348984
1.5143664
1.287087
1.3326806
1.4571544
1.3632824
1.4683158
1.2919161
1.2554564
1.2816012
1.3025613
1.2723408
1.2625011
1.2820143
1.3618885
1.3154933
1.6286676
2.0938969
1.285848
1.514403
1.5477381
1.406507
1.3390117
1.3708102
1.3988295
1.2654607
1.2839438
1.418159
1.3475335
1.2597463
1.2930641
1.5977045
1.4625466
1.3278302
1.5029783
1.3433034
1.3363206
1.3724481
1.301413
1.3799889
1.5283906
1.5254679
1.3465416
1.264156
1.240537
1.2638698
1.4337785
1.5490662
1.5498049
1.3173023
1.3338478
1.3891362
1.3031026
1.3231945
1.2548959
1.3183224
1.36025
1.3222692
1.3546028
1.365232
1.3189083
1.2435116
1.2332718
1.3531861
1.3471854
1.4479254
1.5851119
1.4392633
1.2809224
1.3864081
1.1388788
1.2205007
1.408221
1.2398528
1.2453146
1.336976
1.4249703
1.4824431
1.5221541
1.4701161
1.3557429
1.1983217
1.3557014
1.3629694
1.4007425
1.3925824
1.3032963
1.269195
1.11044
1.1790884
1.2100055
1.3736
1.3997855
1.3323493
1.2308718
1.4238536
1.3386259
1.4160554
1.3908327
1.3834293
1.3872781
1.3481942
1.1652892
1.6320441
1.695547
1.612896
1.4162967
1.3529366
1.2033277
1.4453824
1.2609231
1.3403045
1.2978377
1.288803
1.3614848
1.2282801
1.2605941
1.4643058
1.4904838
1.5898122
1.3809578
1.409931
1.2259594
1.3341348
1.3577793
1.1975195
1.3892103
1.3703946
1.2513878
1.361594
1.2323657
1.3209846
1.3594048
1.2958698
1.3370479
1.2667642
1.3435248
1.4231819
1.3481414
1.5577625
1.3027407
1.3481231
1.3505218
1.4323614
1.3447092
1.3268536
1.4384084
1.2324746
1.4580762
1.4739509
1.674139
1.7523489
1.3628283
1.2760129
1.2526757
1.1985781
1.4625101
