2.3195739
1.2467715
0.61648214
1.3210285
1.0787016
0.84273875
0.80133355
0.7693229
0.6747426
1.5445603
0.75184774
0.8613703
1.8988702
2.1734943
1.7921453
1.0129126
1.0131617
0.7866147
0.89883447
0.81697357
0.8160811
0.94118667
1.7200263
1.5963948
1.0116187
0.84706116
0.7828683
0.50928605
0.8221116
0.6528473
0.68590385
0.58616495
0.6042659
0.532032
0.63371146
0.4325498
0.79124606
0.513257
0.45661113
0.7565601
0.57138115
0.55577135
0.8731214
0.5824872
0.77094984
0.37732488
0.34276658
0.5784638
0.40917313
0.3559307
0.5471697
0.563438
0.7437359
1.0041541
0.64723617
0.62663865
0.24125504
0.28699195
0.2613421
0.5835513
0.3011637
0.2820282
0.20607795
0.4480535
0.81633353
1.7812107
1.4432644
0.24866742
0.8914354
1.3295292
0.5963378
0.48376277
0.43523526
0.5940428
1.4089576
2.8034813
0.8261582
0.30381706
0.49748778
0.76778805
0.5372037
0.22737014
0.28837994
0.3777228
0.31156632
0.65097475
0.9869226
0.44026798
0.55817395
0.5786837
0.49269554
0.277622
0.46288157
0.41874212
0.3822844
0.238202
0.4819638
0.5454967
0.45061547
0.3836798
0.48837346
0.30412722
0.29019946
0.45134333
0.3450316
0.28995556
0.76745355
0.68374866
0.41908896
0.25748852
0.2238909
0.2671187
0.5276013
0.7501723
0.35917893
0.6112671
0.6610291
0.3401806
0.48836333
0.32726714
0.26948968
0.16665739
0.5425559
0.45924518
0.3139399
0.2475585
0.11120932
0.2909261
0.13106087
0.5752121
0.8344815
1.0798373
0.32485518
0.5273309
0.476197
0.19697312
0.2726938
0.28924415
0.3873781
0.42125204
0.820622
0.56651366
0.23381251
0.11958382
0.20125031
0.48377764
0.5605791
0.27728614
0.35124615
0.20988365
0.20338777
0.19861192
0.21458238
0.3614916
0.26789045
0.3031332
0.16763693
0.21711367
0.24461155
0.25047833
0.40202022
0.20393765
0.16246934
0.19311826
0.1675932
0.25160286
0.27563533
0.14231703
0.4508351
0.42883328
0.31560558
0.19261736
0.17824057
0.18976778
0.1416603
0.29286265
0.24703515
0.08657649
0.3412725
0.5067143
0.39459923
0.11794062
0.29366267
0.3298208
0.2878871
0.18730943
0.27511972
0.1651081
