1.131779
2.3862047
0.40818596
0.79217184
1.5521164
0.64515185
0.56239057
1.2640499
0.7511761
0.7720338
1.1582098
0.90599775
0.7101184
1.3309573
0.66956925
1.480459
0.7878381
0.46606326
1.7837697
0.791259
0.94417894
0.63071597
1.4591258
0.7181867
0.54278314
2.301068
0.30136192
1.3010142
0.93042153
0.8791051
0.29290408
3.364016
0.7302248
0.9370707
0.4918483
1.0701966
1.0787127
0.49617592
1.2259144
1.0064144
0.52858555
2.1508765
0.698761
0.71236086
0.6788726
2.2535822
0.36645758
1.477407
0.8160647
1.7057413
0.47969437
1.2687988
0.7347235
3.164041
0.39981955
1.5754166
0.6446972
0.5816922
2.1631563
0.5745043
1.2143288
1.2955377
0.40171108
2.0392675
0.5639287
0.47733688
2.898552
0.69445086
0.61631286
1.9913986
0.6607713
0.66894996
1.4630201
0.43602726
1.3303337
1.0371536
1.722966
0.43242788
1.9927421
0.6642399
0.61437094
2.06374
0.41068912
0.92718697
1.0840331
0.346178
2.1483417
0.5518361
1.2857928
0.81340915
1.1552985
1.0848813
1.0756124
0.48767978
1.7302814
0.82069016
0.36545563
2.6359816
0.4530996
0.8317567
1.1387763
0.9032855
0.7870381
0.48412856
1.9550514
0.80522203
0.55212986
1.7874435
0.49189204
1.2913643
1.4283524
0.629651
1.3107028
0.40085503
2.6265202
0.7320785
0.5101061
2.0005627
0.6000819
0.7403055
2.1398587
0.7306966
0.75285506
0.84807587
0.98673993
1.1880181
0.5109211
1.4657812
0.5698594
1.7507715
0.892236
0.63363457
0.8008284
1.8126127
0.51706874
1.0857377
0.5461582
1.6750572
0.54089344
1.8310417
0.32468152
1.4027303
1.0313257
0.43607968
2.5680997
0.6116204
0.59402233
2.5922918
0.78098047
0.41223323
3.174059
0.61223674
0.37978065
1.8124444
0.5976231
1.0639875
1.649441
0.4357478
1.0124874
0.5137602
1.5963603
1.2963463
0.40965813
1.1688476
0.94228566
0.756564
0.98290443
0.60984373
0.48022357
2.4964545
0.7669145
1.3149891
0.8308262
0.49441257
2.4101276
0.76701796
1.1300255
1.1908787
0.3847918
0.8494439
1.1170001
0.3697914
3.4641037
0.33218545
1.3338212
0.45256418
2.6718528
0.43048877
