0.30013826
0.7680908
0.9518876
0.34144852
0.5663003
0.6630486
0.5065627
0.99606067
0.5793255
0.46487147
0.28667283
0.6052196
0.8462922
0.40112206
0.79233456
0.46986908
0.46257326
0.3769391
0.46951598
0.56740475
0.42970586
0.45833158
0.6499234
0.6569994
0.42893392
0.2932002
0.30752814
0.43744507
0.64731747
0.5927235
0.3511902
0.4354043
0.29814458
0.3576337
0.36007893
0.55893964
0.62919444
0.45728952
0.40746605
0.44592983
0.88254994
1.6437069
0.4454342
0.8634608
0.9282798
0.41271922
1.1381559
0.8707558
0.45053822
0.8178803
0.44277602
0.42950076
0.5360534
0.4980712
0.4048391
0.6421766
0.7144934
0.57500446
1.7634336
0.7084374
0.9351449
1.1615647
0.26493245
1.070652
0.6461826
0.59132206
0.61786836
0.6367054
0.8429428
0.22884884
0.5923046
0.606975
0.39293993
0.722072
0.61465335
0.6099558
0.60298884
0.71402884
1.1626811
0.4252524
0.5680338
0.6896635
0.3994107
0.5037378
0.6386116
0.386788
0.86611015
0.8080599
0.34864455
0.5834012
0.58820283
0.4388991
0.5916675
0.43259397
0.5723732
0.583518
0.4120713
0.5355422
0.7652725
1.5552801
0.8420673
1.2174124
2.516567
1.0053098
0.90640867
0.8532116
0.74055237
0.6826705
0.86408484
0.80858076
0.9968781
0.80358106
0.59849924
0.42296344
0.6764641
0.81813097
0.5237967
0.59427315
0.59801275
0.5718363
0.48176414
0.47632378
0.50877476
0.80264777
0.55919796
0.35298198
0.493699
1.0635048
0.8992012
0.7726994
1.6730602
0.51044196
0.8298553
0.6882914
0.46324238
0.50789046
0.58770573
0.6807591
0.4992574
0.36276048
0.66216356
0.6661359
0.4153652
0.61064047
0.62103754
1.113069
0.6842773
0.72849226
1.0873127
0.33628455
0.80142725
0.8672174
0.52691567
0.39809924
0.3389308
0.40284705
0.5522379
0.4579969
0.5223798
0.4624926
0.47169006
0.5328846
0.39469433
0.3982497
0.49421006
0.6422182
0.44871002
0.5247334
0.8407548
0.2522357
0.7636031
0.5023012
0.8409387
0.8891967
0.63295543
0.5539278
0.3593223
0.43724445
0.57509
0.5166153
0.6125276
0.61279345
0.8320641
0.6618742
0.37448502
0.41312724
0.5688341
0.45428532
