0.29471797
1.7336178
0.8756682
0.4555338
2.7484212
0.71297586
0.57492244
1.221318
1.1068802
0.7300399
1.1436028
0.5935707
0.97403115
1.1842446
0.45862824
0.7996486
2.3897336
0.21820343
2.5043495
0.64132965
0.6793184
1.5404661
0.83936286
0.5118899
1.3758302
1.1352401
0.5803112
1.9252492
0.5736486
1.06607
0.64644885
1.0199032
0.87773603
1.1003628
0.36965635
2.5628018
0.36553907
2.3428178
0.7282567
0.7719448
0.8287793
1.017734
0.47667143
0.8163897
2.9427738
0.2616752
0.77795017
2.2541027
0.52006555
0.4385148
1.8308233
0.620611
0.54885304
0.6133525
2.5512707
0.5275081
0.5593569
1.2109865
1.0910852
0.65622014
0.7751984
0.41281956
2.4410214
0.9453945
0.56255984
2.3755927
0.24693465
2.0482187
1.4075729
0.33406454
1.5817555
0.7665286
0.717259
1.4525238
0.44404006
0.6696786
2.00626
0.39232937
1.456491
0.32417998
2.1678357
0.5462191
0.99344134
2.1558616
0.551136
0.8159081
1.6456556
0.9097618
0.7158507
0.77776533
2.4823513
0.47059846
0.5571233
3.2476754
0.6690521
0.28200975
3.5118809
0.45699227
1.2377139
1.5940135
1.0307143
0.49673802
1.7718071
0.351772
1.050524
1.0346661
1.0790703
0.5337765
0.84100085
1.7810056
0.49720705
1.4507141
0.8879461
0.5307955
0.5349188
2.1477652
0.57645047
0.80148816
1.8439802
0.9226936
0.74773884
0.7812672
0.9232993
1.1861746
0.3721918
3.5704432
0.24953559
1.950184
0.5151255
0.56128496
1.7636316
0.5625763
0.44299555
2.4537618
1.1063502
0.20343922
2.4267495
0.8796062
0.3924651
2.4879968
0.64862347
0.5068801
1.5036848
0.58102196
0.7158953
0.9841918
0.6499965
0.7702004
0.97395086
0.37264413
1.2828585
0.55300677
1.3752378
0.2803299
2.2379892
1.3434763
0.74660295
0.52911067
1.7744946
0.5661762
1.2789133
0.9535969
0.35240072
3.4481654
0.31470197
1.6418768
0.52151537
1.1394005
0.95180684
1.831409
0.6338757
0.2562678
2.4607797
0.46494564
0.6969121
1.3456343
0.61226094
0.7625854
1.7428157
0.22544813
3.4345388
0.9494349
0.3416197
1.4724329
1.0073359
0.6615065
0.91616917
0.9434463
1.757777
0.45264828
0.75648475
2.5398393
0.409067
0.97030497
1.501878
0.683027
0.8017577
1.0905035
0.70802605
0.882594
1.4655191
0.7280162
0.27233964
2.9223177
0.47934923
0.6480217
0.6069015
2.8307314
0.45491466
0.46936303
3.2372913
1.3033066
0.15287523
2.74125
0.95778644
0.37685025
1.5316396
0.7367828
0.44681686
1.3934702
1.0506282
0.92763996
0.2549049
2.3752038
1.1832728
0.41207194
0.9690645
1.6111237
0.6891085
0.604112
2.4718072
0.9630152
0.50781167
2.324253
1.4391477
0.4987332
0.44093415
3.1225593
1.1991056
0.3154971
1.2278676
1.086786
0.93665856
0.72209656
0.67038447
1.5619535
0.62867
0.43742567
3.5641332
0.38305187
0.69990003
1.6653197
1.1287289
0.9106238
0.25083798
1.7043153
0.9717579
0.4378007
1.3506849
1.1035569
0.5487443
0.70922744
1.2629161
0.842471
0.64257616
0.94060856
1.377737
0.5198615
1.3052433
0.41207618
0.86636144
3.0921855
0.34037712
0.8347436
2.4913106
0.5579189
0.30990845
1.7499192
1.0446748
0.4328211
1.5083545
0.64778066
0.97828066
1.1752164
0.49041972
1.1261681
1.3307592
0.4033035
1.5847604
1.5933806
0.45982322
0.71832824
2.0676413
0.49259186
0.42926568
1.8132672
1.298706
0.52435297
0.32627004
2.7346766
0.5161134
0.5693885
1.1028581
0.61607325
1.4059631
1.0343888
0.59311795
0.8943678
1.1647732
0.6719751
1.402132
0.3729043
1.1957635
0.8109394
0.6957746
1.5427128
0.6150893
1.1477137
0.44879377
2.1258662
0.35425103
1.4252143
0.7210757
1.0182539
0.87365794
0.18584573
3.3558888
0.5154428
0.40065837
2.5253263
0.73549294
0.20066307
3.2788494
0.9735396
0.2625562
2.6793356
0.35282242
0.765121
1.3808043
0.2532963
2.3490345
0.9328445
0.22683364
3.2280736
1.6481988
0.19610848
3.5870495
0.44199762
0.83992124
1.6122572
0.7842041
0.5829806
0.44113848
1.2543136
0.52806455
1.1150582
0.94542956
0.30504057
2.7106123
0.3460043
0.19292107
3.624866
0.75481856
1.2998626
0.7379872
0.90334684
1.9598509
0.54162574
0.20678811
2.9825053
2.1061993
0.27706194
1.1252266
1.9178653
0.58462197
