2.5589397
0.93395174
0.6112038
2.3951216
1.1129235
0.4970225
1.0720469
1.2180505
1.106976
0.7672951
1.0359206
1.2402335
1.2460341
1.0839593
0.6829939
0.6895291
1.3709036
1.1952335
0.52132803
0.6981112
1.3407426
0.73420614
1.8928969
0.58934724
0.8968594
0.7850651
0.8710397
1.8781545
0.49077705
0.6810014
1.6434793
0.355969
0.41112578
1.3616431
1.831814
1.4354382
0.8357326
0.10541527
12.699062
0.10919841
8.541222
0.0027417876
14.808659
1.3014925
0.07857876
11.726134
0.1706889
12.407881
0.30178136
5.9757805
0.30270666
4.846345
0.43386653
1.0838506
2.5399797
0.96537596
0.84351575
1.0592712
0.74149716
0.5527999
2.7311025
0.5320624
0.691322
2.4765306
0.38942987
1.3401859
2.2216492
0.36834446
0.92263955
2.038356
0.27822822
1.479978
1.9102199
0.26221883
4.5626745
2.3422694
0.10634459
4.669345
1.2300341
0.70175785
2.0232844
0.5512663
1.2100246
1.1109749
0.7095559
0.79779613
2.0582907
1.2674811
1.2538074
0.3384403
2.2525759
1.4436991
1.1726453
0.5253061
2.5862477
1.0199783
0.82468355
2.7796097
0.79420435
0.5240572
3.2635148
0.7380951
0.7848963
1.5589932
0.4274419
1.8881534
1.5783888
0.097493306
10.998759
0.7604101
0.19417533
5.5179358
0.30934313
2.4144106
0.99083245
0.44547936
1.7786002
1.9936302
0.4089832
0.6936505
3.7545843
0.6738013
0.93503475
0.92029816
1.0694699
0.99571204
0.68694067
0.6198282
2.5511885
0.19634712
1.4661843
1.5804915
1.3037599
1.0588448
1.2693639
0.50193465
3.436884
0.56638616
1.3829985
0.9994931
0.77308613
0.91820014
2.0628886
1.216054
0.36421934
3.2006526
0.34318888
0.6737704
1.7018044
0.42296624
3.0438626
0.1688285
7.823352
0.57842875
0.7929186
1.5676684
0.8256364
1.4453974
0.6302773
0.9271288
0.58099496
1.1875848
3.2126017
0.13341333
1.0324802
7.0602427
0.605409
0.5707936
2.7885356
1.8336546
0.3064201
1.2119172
0.28491032
0.9398586
1.6267054
1.2650347
0.37826502
0.7645954
1.4473205
1.3614049
0.7717285
0.657586
0.7556738
2.1518376
0.51523715
0.26734108
0.57189155
3.6992583
0.52477086
0.53289074
0.873329
2.125451
1.1364529
0.38625723
0.4550829
4.7170706
0.7630834
0.30065417
2.0762544
0.73352575
0.37176502
0.8074134
0.72955877
0.9668857
1.5433869
0.7491906
0.46357894
0.98275506
0.8983661
0.8675016
0.77076113
0.9639383
0.55170095
0.48517036
3.0367126
0.40485352
0.55303264
1.8631729
1.2327557
0.6352857
0.6436676
1.8016917
0.18740124
2.216485
0.8259826
0.79037875
1.1646966
1.0375466
1.2441175
0.32769972
2.2135444
1.337987
0.89672655
2.0276117
0.649657
0.54095304
2.1089935
0.6002054
0.6987074
1.2900659
0.57357705
0.7845317
1.9930373
0.3581031
4.035089
0.7586486
0.3047672
1.4206419
3.290829
1.0643177
0.39644545
1.4994164
1.864394
1.8359625
0.9184418
1.0021214
0.29509303
2.6994524
2.2790194
0.5262029
0.46678382
0.9309195
1.2958785
0.65834993
0.35961914
1.056011
0.96881896
0.38457727
2.295639
0.30656192
1.4214847
0.87521225
0.5486078
0.5923736
1.5883273
0.5683429
0.50554866
1.0027742
1.5946175
1.0542998
0.8661619
1.2587886
1.1195738
0.61007607
0.84731007
0.7845935
1.6980765
0.3295067
0.33850944
1.09745
1.5898616
1.1559517
0.43725058
0.4765808
0.46080357
1.5314902
1.0859429
0.5865406
0.71599483
1.9922447
0.98609143
0.33111703
1.093726
0.81609243
0.76886827
0.877341
0.26528975
4.639248
2.740275
0.105867974
4.846058
0.48419693
1.3262345
0.5939907
5.804838
0.06905174
8.871096
0.6296036
1.6492827
0.57070184
0.46441513
4.3081136
0.34352028
0.38612843
2.714888
0.38994288
1.13955
5.2012396
0.12480276
1.834626
1.4074718
2.4421597
0.46900305
0.3797505
2.3640888
0.48146752
3.2212634
0.7119314
0.720752
1.1816475
1.2787265
0.23205523
5.719052
1.152861
0.7163838
0.8426953
1.6102449
1.813379
0.6966946
0.3950602
1.1214383
0.88892484
1.0564964
0.9397413
1.634717
0.14832863
2.165805
2.0932155
0.6277695
0.4057809
1.4359595
1.3254346
0.28308538
2.1922078
1.6754985
0.976249
0.821404
0.7343849
0.69456446
1.2449636
1.4680277
0.71075857
1.030821
0.7955877
0.71557415
