0.6803599
0.7668026
1.1594777
1.1497414
0.9509466
1.370486
0.6482709
4.8677826
4.0580215
0.892359
0.3199008
8.131254
3.6339083
1.4405024
0.8687406
1.5112785
1.8306329
1.6215547
1.6038597
0.810966
1.2115523
1.6393636
1.6725609
0.57310563
1.0116935
1.992107
2.0188444
1.250042
0.6508424
1.1385342
2.5897555
2.532739
1.3015486
0.78095096
2.1578598
1.7929974
1.4483291
0.7609843
1.4281992
1.7957491
1.6796982
1.6414549
0.5053232
2.169398
1.2990189
1.5105052
0.40244406
0.6438267
1.683749
1.7564001
2.1968637
1.3927791
0.67310905
1.0832051
1.3220495
1.6086056
0.80769515
1.3210678
0.7899068
1.5743783
0.963373
1.5058987
2.6521087
1.615926
2.2236934
0.8640701
0.90322673
11.384998
1.7220156
0.4797207
6.4858723
2.1753383
1.197471
1.2713897
1.2909572
1.5420041
0.6545706
1.5854045
2.3774831
2.8712826
1.9865043
0.9725554
0.65309185
4.3008914
1.6349753
1.0485556
1.1768289
1.8550348
0.8954079
0.8735349
0.55884933
3.2010157
2.751275
1.6730193
0.79061687
0.96462846
1.4517245
1.6851032
0.41094047
3.9928744
4.4472275
1.8989363
0.75434476
1.4165747
1.3197528
1.1641308
0.9038073
1.1612072
1.5086175
2.1304467
1.2846248
0.46281302
1.2054083
1.7473204
1.9700558
0.87899774
0.82306147
1.0605016
1.0164441
1.3478365
0.67140675
1.4282491
1.485294
1.7880507
1.0309865
0.26248163
3.27883
1.980094
0.5634439
0.6814668
3.8892539
3.0268931
1.964517
1.0165292
0.9694654
1.2610784
0.95042527
1.0003898
1.1442413
3.1685762
0.85865986
0.31591314
4.077068
2.671087
1.1772016
1.005831
1.8765036
2.2303262
0.4600684
4.0239177
0.5290755
1.1318275
2.033792
1.9182497
0.74842876
2.5105906
1.2378778
0.6750102
1.0614808
2.2354953
1.6495438
1.2926376
1.5340409
1.3180895
1.3054279
0.32989895
9.037979
0.87398684
0.35897276
5.932681
3.4732678
0.37388122
8.284143
5.516159
1.7839558
0.27303696
2.5826774
2.903595
2.6250238
0.4544399
3.3374598
2.1687849
1.0765406
0.87165976
1.1746857
2.48406
1.9794675
1.3249266
