0.15288295
0.29623622
0.263386
0.2566213
0.13375573
0.197945
0.64359695
0.21779731
0.28013206
0.5467938
0.38598394
0.38389835
0.27207628
0.23067084
0.20467481
0.3260724
0.28691
0.40233734
0.54205424
0.26256922
0.1511098
0.18195169
0.36373356
0.4150095
0.28788158
0.3379083
1.2092854
2.4059124
0.5285438
0.29731545
0.25459218
0.41342497
0.36811778
0.3217456
0.42584866
0.4550681
0.16637123
0.27140835
0.1605463
0.30919686
0.25403702
0.13537815
0.2435958
0.39475158
0.23862052
0.31020778
0.3581326
0.37136608
0.19178396
0.23559122
0.2545587
0.16104275
0.20355402
0.34854585
0.20821324
0.28072572
0.28857094
0.12713097
0.2480587
0.30136204
0.34304565
0.17787427
0.4707537
1.0913453
0.9875999
0.6537029
0.27637187
0.73143137
0.8502221
0.5097954
0.539907
0.5765027
0.7341214
0.34359634
0.21519725
0.3240923
0.3583728
0.35889357
0.22397646
0.20881394
0.28178847
0.43491685
0.14144585
0.37679067
0.34527767
0.3134283
0.29635632
0.43646783
0.6881901
0.39999977
0.12666337
0.21706983
0.23848823
0.23967808
0.20195091
0.36421484
0.39325568
0.20678145
0.40947717
0.55064887
0.20652
0.1553104
0.16420092
0.29772156
0.23982447
0.14646444
0.2085325
0.17286476
0.2390455
0.3900193
0.35878095
0.29808483
0.19215438
0.20998713
0.10272833
0.14625658
0.17645735
0.17191017
0.3031867
0.3299134
0.08927044
0.21640606
0.21648861
0.114138275
0.23076878
0.13716476
0.24970216
0.16951121
0.10840215
0.23204754
0.12895058
0.14642288
0.2941337
0.42863795
0.2653815
0.16618313
0.26124856
0.2383411
0.2819784
0.14112806
0.25069627
0.20753494
0.122480795
0.2851153
0.6152599
0.50369203
0.19683775
0.12548149
0.16360325
0.15362899
0.1368991
0.2871293
0.5982885
0.45937908
0.12465425
0.3798406
0.28568625
0.16542411
0.12898724
0.4151733
0.8760929
0.48765832
0.19704667
0.18044251
0.14253779
0.33157042
0.2214593
0.14741059
0.19046521
0.20502725
0.1546193
0.120843366
0.17408885
0.39380926
0.16193423
0.09826696
0.32236722
0.2900015
0.23137146
0.27851975
0.402663
0.14864188
0.1355341
0.11374801
0.127262
0.18234341
0.14677812
0.15769169
