1.4939696
0.515761
1.3598628
0.61155736
1.8398061
0.2512119
4.2000046
0.50226396
0.90384674
1.1272687
1.377425
1.639261
0.22049806
2.6234765
1.4359708
0.346013
2.292351
0.4702013
1.7027117
0.6421074
3.1184754
0.1518334
4.041056
0.34059823
2.0622737
0.5945712
1.9183778
0.8504838
0.62061334
1.786724
0.6593698
1.0373166
2.1718757
0.8723749
1.059536
0.5507297
2.2831478
0.8699368
0.42306164
3.5674453
0.38083845
1.2585149
1.0879
0.5750533
1.0441766
0.6294931
0.9951474
0.47460103
2.5200777
1.0303442
0.4303583
1.909651
0.7191417
0.5251903
2.0145302
0.76341885
0.6748139
1.1891042
0.97856134
1.0264776
0.4368143
2.5203815
0.2639764
3.7326648
0.23245287
2.775192
0.87440276
0.8162235
1.1111248
0.48359704
2.22369
0.6135945
1.2561722
1.1439219
1.1290677
0.9454273
0.7866818
0.56524074
2.2043326
0.57236606
1.1299231
1.9884005
0.21451512
3.270235
0.49329677
1.100133
1.339166
0.27634856
2.0361052
1.0086571
0.8509879
1.4562157
0.690168
1.6218776
0.82283497
0.64714265
1.1249976
0.6360056
1.9889812
0.9180069
0.6656099
2.47634
0.46500853
1.7345492
1.0177689
0.930308
0.8700441
0.627365
0.6309892
1.3587434
1.5868208
0.14720884
5.059366
0.7543351
0.33217934
4.245969
0.9364717
0.4714339
1.443542
1.4060805
0.46646443
0.8117012
1.493973
0.5839565
0.9377078
0.6845783
1.3378271
0.8316648
0.6269665
1.6932825
1.0309532
0.5858761
1.6611364
0.7640159
0.8588901
0.7881361
1.4522419
0.68584895
0.90486526
1.5652506
0.36251184
1.5605171
0.9533844
1.0379995
0.6455103
0.9007448
1.4312541
1.6619034
0.14826337
6.3654294
0.11396346
6.2944646
0.44780177
2.6499233
0.63633305
0.61321276
0.9708096
1.534431
0.45158243
2.3986924
0.21175727
1.7173829
1.8121234
0.3988434
1.1391277
1.3823216
0.2753493
2.366317
0.6968238
1.7926327
0.6404973
1.1354368
1.0901362
0.65400136
1.2435958
1.1946617
0.6449335
1.7991133
0.54311395
1.737903
0.7485632
1.8735276
0.7968962
0.71813583
3.1281586
0.55195487
0.42281562
2.8292804
