0.45886707
0.33700407
0.18611172
0.18509555
0.20310444
0.31969076
0.35724914
0.1684073
0.23326659
0.26332074
0.40537322
0.30107528
0.21842116
0.42612964
0.51015383
0.21410935
0.5065795
0.3835215
0.17524384
0.28542686
0.19687448
0.2279206
0.30365896
0.27503154
0.25539842
0.46396756
0.34738755
0.22673044
0.27940992
0.34115404
0.27563977
0.33645555
0.26732492
0.20470974
0.18277198
0.3136043
0.54534084
0.30666184
0.19163577
0.39241168
0.20414853
0.25275183
0.26210836
0.32237464
0.23165792
0.3414922
0.2638844
0.33535263
0.3552122
0.15934381
0.16152659
0.35492602
0.4315797
0.36299166
0.2835824
0.24686766
0.22868273
0.32938612
0.19829488
0.21380293
0.19122332
0.27364892
0.2213712
0.22683404
0.22594777
0.3911233
0.39236075
0.18354903
0.16713297
0.14819019
0.22076665
0.23585352
0.2895775
0.27358967
0.3610195
0.2900447
0.18820783
0.31337956
0.23765938
0.37678075
0.23660372
0.14941886
0.21041948
0.19887233
0.2492978
0.17124367
0.20714404
0.4861257
0.41836867
0.6218221
0.4600707
0.2878333
0.11710736
0.21368742
0.5232938
1.2463784
1.915911
0.63902366
0.49752694
0.61018217
0.44407302
0.31526384
0.46724817
0.47493684
0.33692008
0.7514332
0.49043697
0.28885597
0.5991141
0.11698561
0.59957653
1.064544
1.2893503
0.5457385
0.49751556
0.3852918
0.39688092
0.4234711
0.22972569
0.17823687
0.39456055
0.52637374
0.38597137
0.27789608
0.52710044
0.20317805
0.23589659
0.23159498
0.16541818
0.25133643
0.36367407
0.28836343
0.20451358
0.4255032
0.31085125
0.23582429
0.3109634
0.32496658
0.23446763
0.22184369
0.31002092
0.43466932
0.31750745
0.49246225
0.5649352
0.11244141
0.62925255
0.4157888
0.4395101
0.39215288
0.20083906
0.3456431
0.20608202
0.2711046
0.27056733
0.24014726
0.20164847
0.21094558
0.12930353
0.1657759
0.40697774
0.58381283
0.65035194
0.2931955
0.22900026
0.31729817
0.2709814
0.30496678
0.18570802
0.26535767
0.18158804
0.15374409
0.20732142
0.3014381
0.5191046
0.57446826
0.38714632
0.18379389
0.3180791
0.38204062
0.40023994
0.27776608
0.38113356
0.28122902
0.23675248
0.26435632
0.22586378
0.18096898
