0.5309514
2.827017
1.0434362
0.54361504
0.984252
0.5235385
1.5731437
1.3782791
0.88502926
0.4871595
1.1435891
1.4882498
0.7799823
1.2197896
1.8356503
1.4379079
0.84774035
0.7701279
1.7523719
1.6519177
1.0072219
0.9854963
0.5404156
1.2151951
0.69148576
1.367202
0.8941424
0.7973033
3.62059
0.54395795
0.55841994
1.8865169
1.2923195
1.0726268
1.0705113
1.318721
0.25083083
5.109271
0.7078383
0.74526846
0.8787727
1.2043972
2.0738244
0.811869
0.42610094
5.7872562
0.3133055
4.289098
1.956456
1.2853005
1.4266958
0.4483259
0.98247087
0.7370705
2.3216772
2.4284425
0.108493336
5.5902977
1.7008085
0.30072302
3.6465287
2.3524218
1.1884899
0.6976897
1.1935427
0.858351
2.5456324
0.28997076
2.4148138
1.4485517
0.60095143
3.175362
1.7851388
0.60115665
0.13433409
7.5465193
1.2231736
1.0040616
1.4362123
2.5132167
0.7196002
0.8307081
2.2094302
2.047339
0.7583275
0.58165216
2.1623094
1.4642266
1.1346867
1.3591169
0.30051282
2.0398545
1.583756
1.4740934
0.38959432
6.3699894
3.4433773
0.6273155
0.68398213
4.0844665
1.8585113
0.6293608
0.26181936
2.1100554
0.43466124
2.6701179
1.4073786
0.6710465
1.9187646
1.4153686
0.4369451
1.6123644
1.1745224
0.8962163
1.5932558
0.838994
0.63358486
1.7351255
0.5124706
0.6489689
3.7957888
0.6307404
6.0056267
0.717505
0.9022597
2.0879755
1.6962556
1.1284908
0.59968656
2.575605
1.1468887
1.0634658
1.0912594
1.7577621
0.7129263
0.7929218
1.2049007
0.50356793
0.7919519
3.1516404
0.8257152
0.3251277
5.1352596
1.7650928
0.13775736
9.425752
0.217437
7.95795
0.085915126
8.094679
0.043189928
15.938451
1.8674543
0.013650976
12.125496
0.8767981
0.18328552
15.724752
7.3107185
0.728392
2.1257954
3.1553845
1.3465757
2.3144925
1.2022492
1.7362711
0.9864183
2.0592377
1.0103631
1.9986472
1.2569777
1.3339976
1.1572559
1.6525078
0.92339224
1.4102656
1.2135231
1.6324707
0.8800862
1.7597605
1.1541641
1.2072282
1.1545775
1.2672551
1.122618
1.5682489
0.8849586
2.4914448
