2.185876
0.6909427
1.362644
1.5315504
1.2854108
1.3770779
0.16277787
14.055615
0.48667526
1.2484685
4.8669376
0.61387396
5.32942
0.45365146
1.8381374
1.7831748
1.0570319
0.51067257
0.7658723
1.4235452
2.294763
0.5358966
1.1503501
2.7260232
1.0242348
0.9125159
0.381783
2.990482
1.1331758
0.61585915
1.1215858
1.0419323
1.2472305
0.9438467
0.6371838
2.1000292
1.9610908
0.56434053
2.4282393
1.2672367
0.50826347
1.0627445
1.9492935
1.9060574
1.4294288
0.30376542
9.471943
0.3502593
4.401212
0.4798029
2.3519554
2.7786427
0.59782743
0.34690428
8.393759
1.8173614
0.53296816
5.3754225
0.5771719
1.0844126
1.921542
1.7066393
0.76524687
1.2631891
5.291175
0.27777064
6.4138002
0.52622354
0.6852988
2.3234072
1.1977776
0.89386564
0.7970685
1.2008181
0.90899754
1.9539254
0.335687
1.177107
2.5212631
0.43704468
0.46292156
1.5453695
1.6881453
1.443974
0.65712345
0.7844094
1.5885628
0.697698
1.0150406
1.8080972
0.91745
0.6879983
0.5512794
1.0657254
2.0064077
1.0940497
0.53450537
2.5121064
1.0078231
0.52493733
1.0036163
2.5441723
1.903563
0.36828363
0.68352956
1.6451101
1.1708684
1.3644878
0.79318875
1.0300632
2.4243758
1.4801251
0.9661629
0.5349454
4.139704
1.5300925
1.1784071
0.58835024
2.542798
2.2606192
0.54625314
1.0838959
4.5195084
1.2913826
0.8100047
1.0041407
1.0890996
2.7640867
2.604702
0.6021626
0.7835654
1.7057338
1.7553825
0.4995942
0.9556913
3.0671563
0.23169112
1.5308067
2.039341
2.265134
1.456574
0.9370826
0.9026079
1.1272559
1.9824646
2.0266776
1.1403071
0.9253274
1.4383501
1.6049545
1.5101883
1.212893
1.0075157
0.78804636
2.3114643
1.5171666
0.846929
1.3043118
1.431757
0.71929276
0.6768037
1.8782867
0.79184484
1.1498247
1.2814664
1.5835029
1.3566004
0.9133894
0.6292
5.0917006
2.834694
1.6043952
1.1026406
0.79965734
0.7319815
1.1387453
5.879387
0.2580287
0.5853172
3.572052
1.4271331
0.77048266
1.4078712
0.99798906
0.78787386
1.9004037
0.20586646
0.65134895
