0.60702586
2.8471246
0.6271528
0.9504181
0.933451
1.8193936
0.17112298
5.3976097
0.6973634
1.1353129
0.22410098
3.226024
0.1545002
3.8168612
1.8084798
0.36284316
1.2380446
1.237385
0.4481473
0.7778717
1.5200686
0.2960291
2.147585
0.65823495
1.0439918
0.71938735
2.081092
0.28203803
1.8627284
0.75102735
0.37498558
2.45386
0.6874535
1.2279973
1.2842017
0.5308864
0.6799685
1.2267317
0.5089172
2.3595717
0.23187256
2.3252852
0.61220074
0.37335056
6.865786
0.28098345
1.6100299
1.463808
0.21235295
3.0495944
0.40979466
1.412417
0.43663716
1.267464
0.62778115
1.1367762
0.996791
1.0418234
0.7374792
1.1786913
0.8016323
0.35573834
1.1960692
1.6912807
0.63217187
0.8905754
1.0307643
1.3086947
1.0838774
0.69047785
0.64011365
3.002242
0.34556288
2.040928
1.6649746
0.61469376
0.40441036
0.9817293
1.5729275
0.55902755
0.5139677
1.3961169
1.3296517
0.16402078
2.709429
1.3187622
1.1958965
0.13607702
4.8874207
2.2574453
0.576659
0.69938934
3.190287
0.73689777
0.5948418
1.3715883
1.4247388
0.4479934
1.2557282
0.996479
1.3910894
0.20254388
0.67624706
4.4203806
1.1067051
0.5008187
1.0828983
1.4255917
1.1270471
0.59726095
1.255976
1.5946064
0.9405657
0.66788334
0.9790737
0.9561833
1.172703
1.201076
1.0640765
0.583771
3.8364494
0.12945682
7.2330456
0.3558653
1.4559805
1.8336465
0.69297254
0.6304636
0.8894281
1.4340404
1.0060024
0.5091335
0.6244111
0.8690477
0.5836028
1.9882867
1.0785915
0.3004341
4.338309
1.8283334
0.7775744
0.7034441
2.9702592
0.83892787
0.42110807
1.6234049
0.8889378
1.6261454
1.3541135
0.7811947
0.81511676
1.2164906
1.5964271
0.61138433
0.6062253
0.75297487
1.1883104
0.6002166
1.2401289
1.4920745
1.0312481
0.5587833
1.9350554
1.699539
0.45909643
0.8926352
1.6398813
1.4676244
0.1419752
4.6919823
2.3018267
0.26079953
0.6719352
2.0103786
2.2393708
0.7770595
0.32000023
1.6642574
1.2102821
0.9337683
0.99314773
0.8345863
2.047623
1.1751125
1.0866021
1.156867
0.85363877
1.7095246
