1.2660614
0.86348754
0.86352587
2.0336092
1.0736063
1.3374734
0.9725302
0.91346216
3.2851753
0.6706579
0.7923837
1.2809777
1.2882025
1.4746029
1.4275124
1.2748852
1.121748
1.3239912
1.7142662
1.4099845
1.0844938
1.3899231
1.4004614
0.7276162
0.6263784
5.5325737
0.39833438
0.68375415
2.360279
0.8867532
0.71580774
0.8663229
1.4268166
1.6996728
0.9139546
0.55743945
1.2489725
1.2186356
1.2382324
1.2002044
1.4882563
0.81456393
0.9139487
0.5826576
1.0278513
1.8521764
0.9123225
0.86324763
0.7351548
0.9858094
3.7212029
0.33559558
1.7652451
2.8114083
1.6924782
0.75630605
0.85733235
0.79244024
1.1653242
0.9581673
1.0443099
0.35857174
1.4289496
0.9245566
0.8381982
1.3611659
1.6659658
0.56728005
1.2889183
1.644514
1.1999288
0.95171684
1.0261331
1.2798827
0.5300878
2.551293
1.8773257
0.77575356
0.8495568
1.5957502
0.7728776
0.9120425
1.0790826
4.312191
0.21325871
4.0178375
3.1003675
1.1974764
0.616954
1.3641973
1.5626137
1.4781871
1.1936979
1.2241936
1.1979015
0.5546141
0.54755247
2.6576421
1.9225609
1.0573736
1.0466206
0.9644201
1.3871012
1.4806728
1.2445586
1.508123
0.8895382
1.4886557
1.2672813
0.9692651
1.0016073
0.7623057
4.3057795
3.6524549
0.11880782
9.515192
0.22149278
5.7343264
2.081656
0.027271416
2.7648695
0.15847667
1.0581334
2.9129448
1.2191157
0.66208017
1.0412594
1.3661258
0.9935771
0.15924376
1.313334
1.3428817
0.10541104
4.9223585
0.45903495
0.44844463
5.759805
0.21362346
3.5357265
2.0499384
0.47542867
5.0421844
0.18943174
0.44298896
3.9293537
1.7506435
0.34907836
2.171233
0.6789563
1.186547
0.86694163
1.4780941
1.7843719
0.5392738
1.770755
0.7216223
0.48092696
4.7559495
0.2382764
0.6806457
4.265526
1.6972644
0.32327285
0.72709864
2.849939
2.0134652
0.4485215
0.43344143
0.71963394
1.5373623
1.6161108
0.48431194
0.51876223
0.6885668
1.1715527
1.0541923
0.7873937
1.0085359
0.9853076
1.1804554
0.8616181
0.5309247
4.350147
0.71721685
1.0015602
0.7540704
0.7752057
1.4923201
