0.2700561
0.44859087
0.16387366
0.47475004
1.4373481
0.40642086
0.3276519
2.2262466
3.1733642
2.7374713
1.674608
5.3885684
2.556573
7.3501105
2.416285
11.805572
1.5273919
7.198866
6.6967764
1.274497
3.6109812
5.248494
0.8429686
2.4816256
2.4962425
1.3321817
0.7014695
0.7281015
1.1109749
2.345655
1.2659448
0.47254226
0.9169466
1.0050185
0.45697066
0.483903
0.7848051
1.7544103
1.007998
0.61393297
0.6371421
1.1701686
0.7646847
0.6988763
0.41961646
0.47404647
0.82483387
0.49254143
0.6145834
1.0369599
0.84731376
0.373892
0.66081184
0.84840304
0.2784713
0.45119274
0.41330367
0.941186
1.6475059
0.48416373
0.3831084
0.17091402
1.1212995
2.467719
1.0283589
0.4080748
0.6925371
0.29194224
0.3689115
0.52565646
0.56138337
0.23352967
0.5636489
1.015387
0.6982821
0.27263004
0.9406212
1.3016006
0.41313452
0.58030415
0.32885087
0.22163361
0.32132718
0.53712773
1.035643
1.9045583
0.7382418
0.21789306
0.22851165
0.30563426
0.3123689
0.26235718
0.27298084
0.3851331
0.26315528
0.6323427
0.5090572
0.15166402
0.68783426
0.7258236
0.36054918
0.2509014
0.08885513
0.20947596
0.25309876
0.52245516
0.3362032
0.18828449
0.12306999
0.23747273
0.46811485
0.2861475
0.4326583
0.42201263
0.2843629
0.18162233
0.19342503
0.21745242
0.25125745
0.33681592
0.18301065
0.19397533
0.1808705
0.23309511
0.13444039
0.25704738
0.22256331
0.31549552
0.22877489
0.3073525
0.1384893
0.20766504
0.26713735
0.41935796
0.19187015
0.2658124
0.28948587
0.36459583
0.37786844
0.10109031
0.1624873
0.24016249
0.19986516
0.1045758
0.26398784
0.33711296
0.36514032
0.21560204
0.093563795
0.26860985
0.3466573
0.37615994
0.2838597
0.20483512
0.22449443
0.14499028
0.26114908
0.2522121
0.23022954
0.5307021
0.20531605
0.35876152
0.16399203
0.30730888
0.20727256
0.25146854
0.36791748
0.32864413
0.23237076
0.12435207
0.21199378
0.19380946
0.19942409
0.1556808
0.28085187
0.08109768
0.2136404
0.1978376
0.17501688
0.21617895
0.21433493
0.22744836
0.07992646
0.12979014
0.13633361
0.12945446
0.15508053
0.07078655
