1.3546019
1.2836609
1.5103724
1.4602313
1.3727415
1.3803841
1.4434218
1.4984562
1.4369812
1.5520978
1.4402359
1.328699
1.317229
1.2802896
1.2856848
1.2586615
1.4840238
1.5772375
1.5465438
1.4698627
1.4171522
1.3301437
1.3252695
1.3955312
1.4881426
1.752409
1.4668007
1.3863473
1.2475091
1.3109522
1.7469956
1.6435809
1.4849862
1.5695543
1.3619527
1.3884115
1.4985173
1.7533609
1.4744425
1.6616741
1.6163397
1.8263898
1.9683319
1.3702666
1.338989
1.2446706
1.4384524
1.3393936
1.3086615
1.5051051
1.4278548
1.3689375
1.3178489
1.3335755
1.3365282
1.2012922
1.2586472
1.4588734
1.5695843
1.6423061
1.43529
1.363535
1.420666
1.360988
1.5788474
1.2910713
1.4249758
1.3715038
1.3449526
1.4004245
1.4881169
1.6261029
1.424855
1.4994981
1.2473532
1.3137325
1.4424846
1.994993
2.2270026
1.6314807
1.4067259
1.4357166
1.5030986
1.3038242
1.4074336
1.3160272
1.2543494
1.2206471
1.3405931
1.4021891
1.4129868
1.3417346
1.3978608
1.3438542
1.5332223
2.04825
1.5349944
1.3892109
1.2870138
1.4256696
1.3311298
1.3715055
1.4249442
1.351561
1.2061596
1.3691654
1.5026145
1.5382075
1.6439252
1.6079603
1.4393306
1.2458553
1.4062128
1.2200702
1.2356194
1.364649
1.4415288
1.4952908
1.488563
1.2579539
1.2390251
1.4271816
1.404532
1.478307
1.5371845
1.5267866
1.4075677
1.4092109
1.4193951
1.3578496
1.3839014
1.5519485
1.7358029
1.5144916
1.4381102
1.6393136
1.4262251
1.290082
1.1376872
1.1758006
1.2873142
1.5194056
1.6958468
1.5414741
1.3521655
1.1904604
1.3379927
1.4295652
1.3585138
1.446852
1.4607053
1.318702
1.1961012
1.3256322
1.3482648
1.4278014
1.5057122
1.1647878
1.3126955
1.2971729
1.462522
1.6244577
1.8349158
1.8669713
1.4988971
1.3170424
1.317452
1.3842845
1.3106121
1.2611489
1.5142372
1.4633129
1.499755
1.6396875
1.4571147
1.3351157
1.2854491
1.3131354
1.3096056
1.3582703
1.4206512
1.1028833
1.2318566
1.2683568
1.2500668
1.3609762
1.3746578
1.2002386
