1.5872464
1.4763404
1.443562
1.3973615
1.3087467
1.5287211
1.4515253
1.3760347
1.400274
1.3725004
1.3892612
1.5187259
1.4031725
1.3850391
1.43803
1.5026307
1.3798573
1.3363383
1.4347816
1.3864019
1.4300797
1.438841
1.4543684
1.4507487
1.4155385
1.4365015
1.4208381
1.5251868
1.5124708
1.4803061
1.499358
1.5538275
1.5836897
1.4810747
1.6413385
1.8152659
1.3786172
1.4396224
1.4725134
1.4102966
1.3962047
1.4565521
1.2702835
1.2531619
1.3159246
1.4322073
1.4453847
1.4981631
1.6439171
1.6473694
1.4376781
1.4175673
1.5356314
1.7210016
1.6294293
1.5723975
1.4560914
1.4093266
1.3647137
1.5672761
1.5466517
1.4653959
1.5607432
1.4632255
1.5134652
1.5681033
1.3145066
1.3720765
1.4965297
1.4350258
1.5624152
1.4221956
1.3934467
1.4027021
1.4891448
1.3938415
1.5231383
1.5971458
1.6729099
1.5350399
1.4522502
1.4371501
1.5254512
1.4475517
1.5957396
1.4192784
1.3933141
1.4737417
1.3698033
1.4090676
1.441021
1.4068921
1.473983
1.6141787
1.5859522
1.522728
1.5332637
1.5940342
1.6312798
1.4278858
1.3664762
1.3798802
1.3920875
1.4944509
1.568286
1.3461568
1.4495949
1.6185566
1.8801281
1.4883304
1.5914266
1.4595139
1.5379617
1.4753404
1.5756457
1.5770578
1.5134046
1.626689
1.4909148
1.5511366
1.4734559
1.4059484
1.4341104
1.4644666
1.5193659
1.4067874
1.3792446
1.3793197
1.4418306
1.3959488
1.4401399
1.480611
1.5055232
1.4767282
1.4383047
1.3723294
1.4782573
1.4359424
1.3542113
1.4456761
1.4348531
1.4509928
1.3032722
1.3232431
1.2772529
1.2978126
1.4170985
1.5258825
1.5616965
1.4272099
1.3772814
1.2723932
1.4822364
1.6446533
1.4664421
1.401103
1.3966844
1.3982291
1.4615015
1.3881532
1.6133394
1.9480503
1.4897649
1.398149
1.3443387
1.5041704
1.5325493
1.3502394
1.435068
1.5653934
1.6982863
1.2902559
1.5394058
1.5693145
1.4926653
1.4278469
1.5348146
1.4991341
1.3027284
1.4949772
1.4135077
1.4353318
1.3791894
1.4530749
1.487144
1.4611719
1.5405641
1.4967513
