1.6706015
1.4202063
0.34751436
1.8848735
0.8304521
0.6910741
1.6074139
1.6343066
1.8841839
0.24709278
4.1410317
3.163777
0.55400836
2.3441553
1.2576947
0.98414385
1.7108309
1.0851101
1.2371247
1.5991118
1.5635045
1.5340494
0.655615
0.7080141
0.9434835
1.1888447
1.3305602
1.0429688
0.54682857
1.4628837
1.6261457
0.04863046
11.115079
0.433186
2.1223285
0.15741277
11.050913
0.22883636
7.7765064
0.12692493
7.2559757
0.6759778
0.93144715
1.8275819
0.68646824
1.5998616
1.4022408
0.25722325
4.566105
0.1619566
6.0338717
0.23791571
0.6905125
7.9236016
0.37651515
4.919835
0.31503823
2.7040043
0.2323628
2.5758824
0.37016666
0.5226041
3.2470748
0.24550709
1.3862231
1.2956198
0.14325552
6.2230105
1.3097622
0.4173236
3.6284509
0.7794234
0.6263229
2.3045347
0.59613085
1.1100533
0.18319233
3.9118707
0.697137
0.11056344
6.768338
0.83186585
0.405191
3.6476784
0.21700652
4.2243843
1.5363109
0.5077957
3.2870033
1.5506444
0.16824129
4.7933917
1.6378028
0.67211604
2.2647405
0.40426055
1.6408297
0.97218984
0.72573954
1.361104
0.66470253
0.8820064
0.8567741
2.7000625
0.4068438
0.52581143
2.4223301
0.88938534
0.48706606
1.701623
0.31324834
2.2769396
1.3980738
0.6477928
0.4640853
2.277124
1.1280744
0.8806305
0.48699617
2.444327
1.2411448
0.5990831
2.4174447
1.0654459
1.1651475
1.0170178
1.2153083
1.3795869
0.47790682
0.93843067
2.6220405
1.1389191
0.73591655
0.5917287
3.4358785
1.1234423
0.43555933
1.5684963
0.61798346
0.9775846
1.143147
0.9701804
0.6910702
1.1331968
1.4062614
0.29388544
1.4004359
2.7343836
0.5214775
0.74711466
1.3716823
1.0346128
1.099329
1.0382591
0.9162208
1.024406
1.071835
1.0527036
1.3597112
0.92103064
0.4654252
1.8548363
0.9978313
0.5632459
3.852132
1.326962
0.28402394
1.0350168
2.0930982
2.0106726
1.2401935
0.4686916
1.4239587
1.1189351
0.35949308
2.4758804
1.3907967
0.51609236
0.8626313
1.2942373
1.0300186
0.79464924
2.749358
0.24305296
2.668725
1.0217856
0.41570488
1.5892636
