0.4447606
0.29238552
0.17795628
0.056355916
0.691059
1.6639297
1.5558759
0.98526293
0.23183046
0.47100827
0.26882398
0.1140795
0.2622435
0.16309841
0.3144045
0.34566358
0.09709575
0.12083107
0.29142427
0.29705065
0.19661833
0.17135826
0.072611764
0.23247877
0.35108683
0.45861548
0.31924814
0.08662172
0.08481315
0.13542262
0.13990538
0.11313949
0.12882322
0.108668715
0.13953298
0.09656063
0.29691744
0.18646547
0.23216078
0.13713166
0.10605441
0.09323481
0.17415285
0.0905271
0.10721301
0.26599106
0.25867274
0.12706695
0.10939063
0.15414503
0.07068147
0.0895976
0.18291122
0.14909124
0.08696836
0.14176191
0.12328997
0.17085275
0.43173695
0.38457292
0.19893812
0.058189653
0.060147524
0.12083931
0.14852886
0.31971034
0.7673283
0.64315426
0.041465342
0.2741782
0.070740715
0.12450572
0.6082882
1.8193953
0.86839306
0.039748374
0.20972824
0.12606414
0.62149894
1.3283885
0.20027503
0.40240306
0.39601302
0.21751416
0.06722792
0.06356671
0.08474173
0.08580275
0.18974842
0.1800878
0.26604405
0.13363269
0.30431283
0.32187042
0.08482997
0.13891277
0.07056908
0.1701028
0.28111836
0.09149056
0.24923407
0.17233057
0.10829752
0.08587902
0.13329196
0.17222434
0.12412028
0.26944834
0.16813652
0.089944534
0.2238711
0.11801949
0.2534647
0.15424916
0.1425329
0.14218238
0.120502986
0.12986979
0.15563805
0.123429954
0.18266654
0.29828683
0.1899947
0.05150463
0.045959577
0.12557466
0.19926408
0.17790788
0.048663642
0.09284379
0.1556709
0.060335215
0.13686746
0.19610628
0.16194794
0.12147286
0.12305845
0.06868666
0.10867163
0.2254038
0.07785864
0.055193156
0.17986926
0.14148682
0.1919283
0.16710234
0.032036383
0.061544135
0.12617232
0.3196643
0.18318142
0.101355836
0.058980897
0.031619012
0.05377156
0.09653461
0.13038014
0.14720783
0.5362054
0.5695427
0.085033014
0.46639487
0.4546477
0.071723126
0.24544606
0.045462776
0.27493322
0.13830653
0.19355331
0.08320459
0.05713187
0.02204474
0.119572
0.1300681
0.10027014
0.111700766
0.09162019
0.12767129
0.21217458
0.046397895
0.12821741
0.19443187
0.061464906
0.27639955
0.62053764
0.08471125
0.40400505
0.07124006
