1.5517638
1.2534316
1.2267382
1.4274533
1.4579117
1.571983
1.4877434
1.3444484
1.2912788
1.5701139
1.2866263
1.3791556
1.3369696
1.3695273
1.25353
1.3724811
1.2632108
1.4068917
1.2944806
1.2912015
1.2577038
1.3735945
1.408651
1.3801601
1.397542
1.4855115
1.4108597
1.2886646
1.4520628
1.7435186
1.5368123
1.3281739
1.4266202
1.4473681
1.6885481
1.8789964
1.7805375
1.5492798
1.3461452
1.3554735
1.3114057
1.30286
1.2290446
1.4699566
1.3137784
1.4153479
1.4336982
1.4557695
1.7099905
1.3900073
1.3076581
1.4559073
1.6116568
1.3834573
1.3464652
1.5215776
1.6149893
1.4599965
1.4120181
1.3138106
1.3382173
1.5829915
1.5274237
1.3131049
1.5542369
1.5006307
1.2681116
1.3682361
1.5622656
1.2580459
1.3668513
1.4862492
1.7342176
1.4350379
1.34619
1.4519992
1.4695238
1.423924
1.3634295
1.3515934
1.3012784
1.3869537
1.4472432
1.4137675
1.3518083
1.3199705
1.3970896
1.5036952
1.3073734
1.3098747
1.4899428
1.1984216
1.337642
1.3449143
1.4511747
1.3337499
1.2313318
1.3994553
1.3981282
1.332542
1.471941
1.4578824
1.3621979
1.4151233
1.3722429
1.3422002
1.3324642
1.354687
1.2447243
1.3007047
1.4981769
1.3539734
1.3887029
1.6601946
1.653844
1.5175084
1.1585315
1.3158624
1.3146478
1.464127
1.4685369
1.4145536
1.4158144
1.3903571
1.3217756
1.3203119
1.4917033
1.5550642
1.3630838
1.4317167
1.3344
1.3000593
1.3606114
1.3211224
1.3849074
1.4568405
1.4077137
1.2230549
1.1587653
1.1537347
1.612268
1.6742368
1.4487135
1.3929989
1.3851546
1.3868935
1.2122571
1.3718629
1.5481783
1.5368936
1.5673656
1.2428207
1.3215942
1.2712334
1.4778794
1.3954332
1.1950943
1.3558899
1.3834991
1.3657001
1.3322226
1.4554734
1.3716373
1.3667078
1.4657633
1.3808982
1.4092793
1.3530896
1.5483503
1.3564177
1.3858159
1.3511512
1.5798423
1.3509434
1.2803531
1.433303
1.2949605
1.5325851
1.3203157
1.4338541
1.752446
1.9617376
1.4504504
1.3072855
1.4854691
1.6054702
1.3675086
1.5059288
