0.05259352
0.032707036
0.083069526
0.06767482
0.05648986
0.1910149
0.043950096
0.22833508
0.11576326
0.023451392
0.039870717
0.01144357
0.04353746
0.05778988
0.038804226
0.073193416
0.058257557
0.036806382
0.028973784
0.11870842
0.061437033
0.032653295
0.06601504
0.1382161
0.109627895
0.19211273
0.029376095
0.4443343
0.36055696
0.024158861
0.04668466
0.088412486
0.041886553
0.01845375
0.07321907
0.034060337
0.04711432
0.075472176
0.053338416
0.02682678
0.058332108
0.054304756
0.04241854
0.18786806
0.12082586
0.083896026
0.022245402
0.029015105
0.035598937
0.019393103
0.025294395
0.038433958
0.07778074
0.06384888
0.033725545
0.06753058
0.05599858
0.022901984
0.03197337
0.03917593
0.08719301
0.18576697
0.12849393
0.039210513
0.030697066
0.030343294
0.036099534
0.03026058
0.090676166
0.059273288
0.05189682
0.02582124
0.017301982
0.041650496
0.035066787
0.065982595
0.026041519
0.0711917
0.025068412
0.09352804
0.08634341
0.06500979
0.1160952
0.05213249
0.11957215
0.012794014
0.00927685
0.18109965
0.1781684
0.049308054
0.015501361
0.01738647
0.09079948
0.076601714
0.028236117
0.027895415
0.020260239
0.035462007
0.16832788
0.09388593
0.08934963
0.12167552
0.00812263
0.04870036
0.022665681
0.009856775
0.020275403
0.023260718
0.018582761
0.051426593
0.05647579
0.012507774
0.044309527
0.03280439
0.32478398
0.073741235
1.0408778
3.1549962
2.4047935
3.9795382
0.8501433
0.31424323
0.22090594
0.10845667
0.35274494
0.49427938
0.13453262
0.14409971
0.17197855
0.40400776
0.14601803
0.09099359
0.06407286
0.31393757
0.44902307
0.20132732
0.066639446
0.07904522
0.15634066
0.04186422
0.15969625
0.20159015
0.26455197
0.17079896
0.1967312
0.18519834
0.19091451
0.046088465
0.06916052
0.102605365
0.045497775
0.096167624
0.05003083
0.036132164
0.036072616
0.074094415
0.08820886
0.10034476
0.09319213
0.2581309
0.09688031
0.17131662
0.089838326
0.043043714
0.10057863
0.09607056
0.052387923
0.09578875
0.19188577
0.04540495
0.09293735
0.046799697
0.071982935
0.24912894
0.12133806
0.16149355
0.116469175
0.2871524
0.026881397
0.0701748
0.0483182
0.025658011
0.05821707
0.11572683
0.017349955
0.07505135
0.047679484
0.06649266
0.015685247
0.048200585
0.11892696
0.067220494
0.08057965
0.1502503
0.20440096
0.058457952
0.11881922
0.05777162
0.10287439
0.015941158
0.0419531
0.1708535
0.22280361
0.05852091
0.027837645
0.05839076
0.037617832
0.03439781
0.040667553
0.17817649
0.037566762
0.5260754
1.4558581
0.57936996
0.71851057
1.4633759
0.9561207
0.07756602
0.28251958
0.10683367
0.074975416
0.03393167
0.18795976
0.26114893
0.05025737
0.06239445
0.09740425
0.5235012
0.106558725
0.26720417
0.32269394
0.06859302
0.03398051
0.039067212
0.26770818
0.08818788
0.23829615
0.12608512
0.20806086
0.07847043
0.04250168
0.06222228
0.0776705
0.03607379
0.022160593
0.055367634
0.08468581
0.09393499
0.04517165
0.13344102
0.18108934
0.12996878
0.029061992
0.034303382
0.116143115
0.05427971
0.09769479
0.020427398
0.042754576
0.11090987
0.037655268
0.16844067
0.15248813
0.060880173
0.052853346
0.050598606
0.12538384
0.042926632
0.11812991
0.09970991
0.041994378
0.026480354
0.029907847
0.03806812
0.023591705
0.078751355
0.095033124
0.025241695
0.0425469
0.044524014
0.04636538
0.049941294
0.03224717
0.08588166
0.0732042
0.1257177
0.32659164
0.13534807
0.03645772
0.02284537
0.02103422
0.03289358
0.061170153
0.07205933
0.050011165
0.05859679
0.043739803
0.043842718
0.034968533
0.25829533
0.186282
0.13376927
0.03386677
0.28605488
0.1435018
0.038867336
0.039853428
0.048873015
0.036995985
0.026384227
0.021931946
0.0415018
0.06221629
0.033872504
0.080250934
0.1142652
0.15462127
0.080833465
0.026353307
0.06290605
0.18101645
0.14567947
0.08382644
0.013124828
0.18017176
0.040522724
0.07835534
0.024197377
0.03621362
0.08987561
0.036367208
0.06743778
0.012167849
0.028961897
0.026492288
0.05229912
0.10525403
0.024171162
0.0742057
0.09487454
0.021232996
0.04038339
0.027065068
0.034635697
0.024914652
0.048533965
0.042286966
0.07251486
0.026118211
0.053747334
0.03266135
0.052243277
0.036430135
0.03073576
0.041843504
0.0384902
0.038650066
0.12933661
0.016825333
0.07429242
0.114756465
0.025564563
0.06478516
0.108063996
0.1266889
0.033668723
0.03403315
0.020033365
0.023178104
0.030848388
0.04891516
0.06740949
0.09627314
0.10379978
0.052273955
