0.021770336
0.15271166
0.072342455
0.060084924
0.047655225
0.03832441
0.018603623
0.06562181
0.049184076
0.050478972
0.06623108
0.051358227
0.1037037
0.028952468
0.10370617
0.028708538
0.026175324
0.04049233
0.021144552
0.06689701
0.109779835
0.028596971
0.12288626
0.022252202
0.019728128
0.20255162
0.20947218
0.04494658
0.031684455
0.021348044
0.031330824
0.016774967
0.022173816
0.036211804
0.01608788
0.059373938
0.04237969
0.027114298
0.026157267
0.083317295
0.0466341
0.03825954
0.02068258
0.01982185
0.07003468
0.012782089
0.11362505
0.0553346
0.047616743
0.11836058
0.124104686
0.020682598
0.021345597
0.037917472
0.021542493
0.035452086
0.013787288
0.015163226
0.07344876
0.042739864
0.0425241
0.03219086
0.023898236
0.0111103635
0.049409896
0.027439628
0.045066908
0.021996934
0.07930186
0.092769705
0.014624092
0.08059172
0.02912622
0.06645015
0.056887876
0.011031853
0.03210461
0.03910889
0.020750554
0.07440937
0.018414285
0.07032648
0.022226663
0.029823428
0.04021983
0.047657363
0.016363822
0.07418278
0.053840958
0.037505977
0.06616411
0.028208517
0.1475241
0.062759
0.07413681
0.018830245
0.020681094
0.03525279
0.14162803
0.017434616
0.08133468
0.0512603
0.054253925
0.059601985
0.015437553
0.05309683
0.034710314
0.013847138
0.024004068
0.007190191
0.019685367
0.050414287
0.04682419
0.05540352
0.0341351
0.023125209
0.042075206
0.041493338
0.027090576
0.051444124
0.061268494
0.033204455
0.034252863
0.057353888
0.039166033
0.06988307
0.027238905
0.03625457
0.036040593
0.03232957
0.06253332
0.04927349
0.054466195
0.009546509
0.015059086
0.065681554
0.043643627
0.019232767
0.08790269
0.06423251
0.073336504
0.10191199
0.010637932
0.035605956
0.026077468
0.022788731
0.018810745
0.056748107
0.04822325
0.03661636
0.028817097
0.024101099
0.026980465
0.043131478
0.03543967
0.013802639
0.03499695
0.025510326
0.037891816
0.024031555
0.034808494
0.06781879
0.03435345
0.04332354
0.042015962
0.025101848
0.025373269
0.14443907
0.16739398
0.03487837
0.08325627
0.013084094
0.023886126
0.05596411
0.02688186
0.03804756
0.0106642125
0.048836436
0.05234175
0.016790332
0.034129597
0.027122743
0.008599404
0.022934727
0.15040149
0.1104276
0.052500676
0.02404879
0.05770798
0.00649743
0.05253953
0.031565614
0.024625365
0.023274265
0.05464191
0.012440478
0.07161354
0.050918344
0.021631759
0.028098103
0.018740868
0.017832715
0.023645831
0.06377023
0.06345127
0.022994028
0.010293359
0.027049135
0.0139754675
0.016804116
0.042301297
0.03522806
0.09288868
0.08501882
0.017630205
0.028831674
0.03234966
0.04869559
0.03233128
0.017641317
0.020698117
0.03342683
0.041014202
0.05200877
0.029732648
0.023974763
0.026162907
0.009100739
0.0065279566
0.037530158
0.03564621
0.016136933
0.009088879
0.03533275
0.020155098
0.05372618
0.025563437
0.05002734
0.07586803
0.041344784
0.11786879
0.062151387
0.03490643
0.028839145
0.13853103
0.14904958
0.011324855
0.010436005
0.018710453
0.061228495
0.017561464
0.04485411
0.01698354
0.06250444
0.009724382
0.016325932
0.014430951
0.009411098
0.010781083
0.034709822
0.15056999
0.090389356
0.09433962
0.029733732
0.042702984
0.073902756
0.05259251
0.014395634
0.034589484
0.0612745
0.017984962
0.014946264
0.06331006
0.019450126
0.015987141
0.02766975
0.03011584
0.0109867845
0.014200402
0.036309227
0.043611005
0.022927385
0.02517503
0.022809401
0.06144783
0.0702873
0.09867812
0.048748903
0.043304402
0.0133742215
0.037961632
0.03318606
0.03972946
0.02180922
0.01852763
0.021784903
0.030569632
0.028895488
0.045214713
0.06474241
0.011394056
0.036884584
0.028116815
0.048754178
0.07068964
0.053420685
0.020670643
0.018565202
0.049715728
0.051546562
0.018165939
0.038953487
0.0191697
0.02830065
0.12841032
0.11096783
0.058071256
0.04887543
0.02117138
0.009502867
0.01145019
0.02154384
0.029596498
0.0466454
0.051872484
0.008418659
0.020266838
0.019080946
0.03662207
0.08292231
0.20310101
0.019232523
0.2401389
0.023145305
0.4407596
0.1745764
0.056463808
0.012091598
0.030658621
0.022063741
0.029523134
0.020450465
0.016938161
0.019055175
0.037526157
0.008880936
0.044718035
0.09099671
0.01621074
0.02433087
0.097059906
0.06011646
0.03443486
0.015663859
0.15534553
0.09144615
0.03092495
0.0044276053
0.0065426584
0.0102691585
0.027035126
0.017460741
0.051721852
0.018935923
0.050811835
0.021289207
0.014801381
0.09332138
0.00833156
0.03453197
0.010280013
0.04793989
0.04658118
0.010107415
0.009746848
