2.7867699
0.490232
1.0021791
2.0235987
0.2728587
1.2970524
1.2828414
0.53185886
3.0948405
0.28887525
2.5096574
0.8693163
1.424567
0.8498931
0.89821804
0.7058929
1.624567
0.7355238
0.619318
2.064958
0.92773104
0.67540133
0.5965391
2.6128364
0.84166485
0.69302875
1.6850023
0.9038724
1.3261021
1.6061658
0.391239
1.9082649
1.0262614
0.48031357
2.4742975
0.4740171
2.0505648
1.1256939
0.90615344
0.84978133
1.7671267
0.96537256
0.48597363
3.4789803
1.2850897
0.23846653
4.4507236
0.86754805
0.8139289
1.4975948
0.71368384
0.53388155
1.5582571
0.90867746
0.9337066
1.8730427
0.6292328
1.2458277
1.1276157
0.8317598
1.611233
1.0369686
0.43026805
2.0098438
1.2892451
0.4427879
1.6483834
0.37731308
2.9870682
0.543376
2.0902424
0.9376644
0.7773206
1.2215314
1.206214
0.3343411
1.1157736
0.90660316
0.7519829
1.6003838
0.64111197
1.7033103
1.1648507
1.3453002
1.6852543
0.38977227
2.153245
0.36526477
3.2469645
1.1591055
0.41968566
2.7829971
1.261374
0.76900625
1.0566386
1.1147037
0.98613644
1.7816188
0.5286686
1.243157
0.99325264
0.85489213
1.1021686
0.53187877
3.40561
0.2359734
2.7051568
1.2417346
0.7880107
0.83274114
2.1069655
0.6397543
1.0505314
1.3506427
0.4516372
2.0581155
1.7505974
0.323317
2.5854552
0.9228269
0.8349005
0.71239793
2.322642
0.86122173
0.8914842
1.0968497
0.8935214
1.2089916
1.5194685
0.5035517
1.5771139
0.52058667
2.7760024
1.3315601
0.22780687
3.9190474
0.35718125
0.78412575
1.1806872
1.2419531
0.2309163
4.9400477
0.7157703
0.6601529
2.288083
0.44567966
3.4974194
0.7360183
1.0425718
0.9723679
1.5181534
0.908427
2.1778255
0.30831465
3.352848
0.8257346
0.6328088
1.0980728
1.0068622
1.5890825
0.5016583
1.8250346
0.56442237
0.9512228
1.374033
0.7472461
0.8144597
1.6473413
0.33920524
1.4565263
1.2194531
1.1584744
0.47818282
2.9155207
0.26806617
3.1433756
0.62086725
2.0863812
0.57749325
2.9256902
0.61536753
0.72401416
1.6038423
0.6237438
0.8859569
0.8351774
1.0869749
1.4582801
