1.3922706
0.5583657
1.0111297
0.86743045
0.8946615
0.7499808
0.93757415
0.8648576
0.66623366
1.0588527
0.97707236
0.5868478
1.1268456
0.9189145
0.7559804
0.8596342
1.0698183
0.80021286
0.8908544
1.0651717
0.65180486
1.0769446
0.7196858
1.0502722
0.675346
1.0778812
0.7417158
0.96808386
1.1338619
0.5270564
1.3634517
0.56693614
1.0710773
0.78108704
0.71867
0.72140765
1.2526703
0.6145915
1.1060002
0.78927183
0.8794481
1.0470246
0.7060317
1.002946
0.65150535
1.0728717
0.6363262
1.2088392
0.7121764
0.95284986
0.7852191
0.82175773
1.0180647
0.66947216
1.1914525
0.53264153
1.455095
0.5072149
1.2017779
0.75929916
0.8730891
0.7932924
0.79865956
1.1132994
0.7762954
1.1012609
0.41775805
1.5371058
0.66992664
0.76002276
1.0907943
0.78589314
0.6789589
1.2855158
0.91547436
0.5762184
1.1085616
0.68979186
1.2130721
0.7920903
0.9096493
0.9886858
0.7810043
0.8779094
1.0728377
0.8768211
0.7609842
0.76996493
1.3792176
0.43092024
1.3748931
0.6961186
0.9992847
0.8736867
0.7730454
1.1116778
0.61660695
1.0813739
0.6437871
0.9174302
0.99443465
0.74259835
1.075685
0.5651502
1.1132721
0.6766353
0.84699893
0.94022954
0.7318748
1.1477227
0.55014914
1.4374688
0.6459513
0.8541299
0.87216556
0.75495803
0.85739326
0.9163785
0.7990899
1.0033284
0.6637091
1.3814437
0.5799499
1.0481622
0.98270255
0.796906
0.7700953
1.1596117
0.67740405
1.0334861
0.74150616
0.8450393
1.1427538
0.6694138
1.1392136
0.58798444
1.3346264
0.6084709
1.3018869
0.60066056
0.9927079
0.9737838
0.49027973
1.3127421
0.5744692
0.9349671
0.7709469
1.3332186
0.5391413
1.1157293
0.8110894
0.74663955
1.0892103
0.65571487
1.0252342
0.76156235
0.8053012
1.1182851
0.6208655
1.0213923
0.8362849
0.78989726
1.1301961
0.67650926
1.0882013
0.73379797
0.87654674
1.0359498
0.62304044
1.0936558
0.866842
0.72821736
0.8752614
0.8841015
0.9947587
0.5155364
1.5163665
0.5092964
1.1561902
0.8388708
0.7732581
1.4531083
0.60051274
0.9493877
0.7981469
0.97013783
1.0366824
0.6454115
