1.9914954
0.40454683
1.1668992
0.56527257
1.1583147
1.7055638
0.2951489
2.2033763
0.938923
0.36277324
3.7306485
0.90046704
0.6409235
1.643021
0.5115689
1.6267787
1.1397538
0.42564267
0.7696693
1.7918155
0.2559679
1.9888586
0.547304
0.9219066
0.92367023
0.9592631
0.8252549
1.1646876
0.63024604
1.4656832
2.2099981
0.7671836
0.782545
1.0783026
1.0638597
1.3436878
0.65685415
1.464344
1.464654
0.49912837
3.384293
0.7572379
0.65016544
0.96167606
1.3639197
0.35071826
1.132925
0.80008304
0.51385486
1.1206386
1.0818427
0.6142211
0.79450303
1.0112747
0.2598759
2.7395217
0.25385323
0.86729634
1.8711363
0.7475123
0.9514575
0.87842846
1.0897683
0.8015443
1.171644
0.79689574
0.6045543
0.92497694
0.743804
1.3254586
0.5048952
1.336487
0.61649406
1.3486502
0.32446378
0.97772324
0.63029516
2.8024147
0.49340934
1.7896678
0.2248604
3.1418576
1.3685513
0.36416116
2.1947021
0.7852577
0.7862335
1.1228867
1.0073569
0.7564666
0.51139283
2.7542865
1.5322957
0.5100182
0.99292713
0.7812815
1.6679479
0.66849947
0.570464
4.564098
0.15462464
4.548126
0.27620035
3.8910096
0.49378884
2.1029623
0.955011
0.10777128
4.214739
0.66063124
0.2216169
2.8883104
0.935854
1.8432045
0.3586422
1.9855465
1.4045682
0.5780027
1.4106286
1.3602059
0.72345674
0.4395794
0.9331299
1.0890107
1.254983
0.9893087
0.9738727
1.4173012
0.84847534
1.6218374
0.26798427
3.735182
0.38017923
0.57637984
2.0444736
0.16515517
7.226924
1.4052052
0.40664268
2.5609174
0.58382237
0.87303555
1.0164734
0.63024294
1.0384923
1.1653912
0.60348284
3.1697187
0.62180674
0.6111387
2.9385433
0.2811828
1.6144581
1.5265663
0.81418955
1.3669963
0.7385392
0.56961566
1.2383206
1.2535563
0.72384566
0.41148508
1.8452332
0.817095
0.16449626
3.946396
0.42968518
1.8142736
1.4605845
0.34751862
1.5276132
1.998999
0.18297884
4.3109136
1.4480555
0.1769385
4.969755
1.0831215
0.3280657
3.3856235
0.5577018
0.8661642
0.95827407
0.6140561
2.7398205
0.45362878
0.40479055
1.6527412
