0.24359107
0.27009436
0.2945311
0.42695475
0.29245946
0.37948143
0.43574107
0.25024098
0.30992478
0.4590599
0.34308732
0.20076716
0.20707926
0.33755273
0.62677366
0.6069507
0.5608411
0.29041162
0.5009916
0.4208016
0.206824
0.41159225
0.32010692
0.42138705
0.44641113
0.57368964
0.3019567
0.3683895
0.35778397
0.192087
0.28041357
0.33897182
0.3086894
0.2780807
0.24858198
0.35965765
0.33375096
0.37776715
0.46664917
0.49711287
0.41899782
0.3566567
0.41958547
0.2932971
0.55901694
0.89308983
0.5449343
0.2820627
0.44186467
0.5041955
0.6012233
0.49392593
0.37067991
0.31516838
0.36194044
0.33755702
0.5306641
0.45184773
0.51319146
0.3841778
0.22617143
0.3240065
0.32226962
0.532832
0.27612063
0.23850113
0.352977
0.31209886
0.2357562
0.15731819
0.3932358
1.09906
2.6202233
1.4271852
0.99047816
0.88953584
1.2100117
1.8942102
1.7596822
0.7986393
0.63851714
0.66625357
0.9994893
0.7578772
0.33387944
1.0575489
1.0594053
0.7713854
0.58501655
0.5787405
0.43711126
0.5140015
0.67731565
0.58225
0.33596116
0.5176673
0.29415524
0.41437742
0.48652643
0.6218592
0.3685345
0.33327544
0.56014156
0.62110674
0.25439417
0.34543622
0.32137555
0.35613155
0.38745135
0.26973963
0.27473223
0.7360327
0.63858104
0.3686428
0.51169443
0.5675287
0.33558935
0.3277873
0.43687883
0.3811183
0.26539865
0.38492334
0.3186468
0.28228027
0.3737936
0.37945333
0.30896336
0.5460449
0.30312937
0.24780232
0.9457115
1.656879
0.6975306
0.26292595
0.775888
0.7365774
0.22225237
0.4686934
0.45474523
0.48659608
0.840977
0.62030244
0.25272664
0.3174565
0.4490553
0.4418328
0.44858146
0.507913
0.3089451
0.29245198
0.27356607
0.44534346
0.2610523
0.29121032
0.6761559
0.6240202
0.21821035
0.72867775
0.81666684
0.39051473
0.28292203
0.46761554
0.33790165
0.3864507
0.36451277
0.50492454
0.21700512
0.43759167
0.32886156
0.2657377
0.42399132
0.33159828
0.36144447
0.39041337
0.31248274
0.30134875
0.61198777
1.196132
0.7060041
0.3830241
0.41732574
0.31917828
0.29766044
0.3439494
0.4535591
0.21782236
0.22396393
0.41936415
