1.2515687
0.92363584
0.9119202
1.1374478
0.77816
1.177809
0.83402985
1.0652909
1.0089338
0.87893224
1.209584
0.8200605
0.92721844
1.0992309
0.8015678
1.1073209
0.8863717
1.0285983
0.9494276
1.0762951
0.77207506
1.2245164
0.7228215
1.1384372
0.83351755
0.91801924
1.0614334
0.8992233
1.1832645
0.87548566
0.98384464
1.0029052
1.0415804
0.8798406
1.0421269
0.8579621
1.012831
0.8192003
1.01138
0.84938943
1.1369491
0.91897607
0.8995095
1.1019666
0.7792747
1.094363
0.8733455
1.1557791
0.996238
0.87691987
1.1369195
0.71456397
1.6536336
0.69839853
1.0491443
0.9868517
0.8246201
1.0514838
0.8948536
1.011102
0.84832203
0.9933496
0.8432796
1.0249373
0.79230833
1.058512
0.7865113
1.1491892
0.85537565
0.94206053
1.05212
0.85210085
0.9300522
1.06702
0.9838873
0.8289455
1.1026044
0.71081203
1.1889768
0.8670318
0.8812294
0.9901939
1.0308965
0.73450863
0.9658572
1.1897688
0.6649221
1.3757784
0.8724314
0.8374196
1.1505915
0.75073475
1.191612
0.82253885
0.835329
1.0196337
0.8021495
1.0950773
0.75917697
1.0475973
1.1765909
0.6811813
1.2704198
0.87746096
0.8508879
1.0932789
0.8277156
1.0434288
0.8725942
1.0603678
0.9016435
1.0108495
1.1194696
0.8079635
1.124284
0.904631
0.88938594
0.96000373
0.77368426
1.0782186
0.7944821
1.0838864
0.89330274
0.7831129
1.0828949
0.9920007
0.8339335
1.1838332
0.8147871
1.14582
0.65670246
1.2475352
1.0089734
0.7345313
1.0542668
0.8924297
0.97090477
0.90306747
1.1068766
0.8832315
0.8903687
1.0534759
0.81958425
1.0792636
0.76284057
1.1833062
0.8512022
1.0653598
0.94158536
0.86318153
1.0601315
0.82537884
1.1045406
0.7904228
1.2435969
0.76336575
1.0345705
1.0124168
0.7957505
1.0174525
0.84549737
0.732079
1.2847917
0.7190411
1.1236845
0.86536026
0.9307444
1.001403
0.8375572
1.0030304
0.96129394
0.95441204
0.71481115
1.2955211
0.68505967
0.8806952
1.2721348
0.7086953
1.4227905
0.7240025
0.98718977
1.0016487
0.81096077
0.9829707
0.916263
1.0777286
0.9683584
0.8915231
