0.099818334
0.2952279
0.37603974
0.38094324
0.2823389
0.114476174
0.38152215
0.63941056
0.39044112
0.21381937
0.18524449
0.30550835
0.18676795
0.13270631
0.25280246
0.31974307
0.7630498
0.30987102
0.3489839
0.25840735
0.23059551
0.47345525
0.41975325
0.20810659
0.16387084
0.21084473
0.29756868
0.2558675
0.2716803
0.16858852
0.20233947
0.18849158
0.2766601
0.41757873
0.30350462
0.19328962
0.53040063
1.1625518
1.803293
0.6401561
1.1451905
1.7518435
3.659539
2.148344
4.5927844
8.459185
21.666187
7.5507116
11.466961
4.629316
5.821257
5.991293
3.5976522
2.6979063
3.042837
4.0277867
3.480519
3.0750582
2.4554675
2.2629783
2.1636767
2.4692016
2.2489934
2.2087903
2.0450609
2.1639779
2.2508392
2.160261
2.0620031
2.168239
2.0728772
1.8736839
2.0297303
1.8904495
1.8813424
2.036686
2.1412446
2.13819
2.3445976
2.4089901
2.1336212
2.112434
2.0961447
1.9980094
2.0577564
2.072023
2.362855
2.3906772
2.0576212
2.1306815
2.5345268
2.0965838
1.9515026
2.081184
2.1127598
2.154547
2.0268314
1.8246853
1.9996952
1.7718213
1.8877523
1.9832256
1.9636469
2.1800764
2.0453973
2.0209305
2.1054335
1.8853049
2.3070483
2.1400611
2.0598116
2.2460115
2.0590892
2.1122723
2.1132312
1.883594
2.4934347
2.5136428
2.027022
2.2300034
1.9937557
1.9298445
1.9831316
2.1114993
2.0020583
1.8270199
1.9990141
1.8707011
1.9396752
1.9496627
1.8984588
2.121313
2.0694337
1.8782887
2.0151856
1.885835
1.8533622
1.7554929
1.9029403
1.7667131
1.9939916
1.9311292
1.9874556
2.0493238
2.2781568
2.1582248
2.2573047
2.0106933
2.0545917
2.149796
1.9173092
2.0364
1.967905
1.8764758
1.9928025
2.0431156
1.8434892
1.9485822
2.0334878
1.7670302
1.932959
1.9773762
1.890883
2.023063
1.9706924
1.8057752
1.9109039
1.9898332
1.849329
1.8468677
1.8240618
1.9809513
1.9619385
1.9942536
2.0687528
1.9761527
2.0510747
1.9449432
1.9650187
1.8270369
1.9533526
1.8104903
1.9621778
1.9518771
1.9510036
1.7631023
2.0047927
2.11025
