1.4202468
1.5873086
1.607836
1.3634576
1.2510291
1.1640238
1.4316761
1.2784287
1.2662448
1.517759
1.4046173
1.2126955
1.201305
1.1665848
1.3062406
1.3021864
1.5486219
1.6988957
1.4818501
1.0781274
1.3704361
1.3168086
1.3790878
1.3658435
1.2116592
1.3098495
1.2288461
1.1840637
1.2480215
1.3233008
1.3948885
1.3392687
1.502913
1.4178915
1.3138176
1.3863968
1.5361316
1.2869649
1.3293185
1.3700533
1.2552862
1.2584788
1.5241582
1.3361299
1.4824698
1.7273041
1.8404831
1.4337568
1.3280084
1.3942207
1.3024772
1.4019139
1.3261998
1.3666711
1.3076731
1.4405252
1.3714788
1.5306087
1.625157
1.3822536
1.2991074
1.2213266
1.3576214
1.3586323
1.3194673
1.2568405
1.3902752
1.3566628
1.3624244
1.500327
1.2587726
1.2975364
1.2688038
1.4480741
1.4150348
1.2067213
1.2290881
1.2731915
1.2038622
1.2292374
1.5020576
1.5627984
1.3903649
1.2543507
1.3444339
1.5117745
1.4294122
1.4006393
1.1935053
1.5551453
1.4710917
1.2238321
1.2772875
1.1899779
1.244811
1.1288927
1.1578766
1.1284013
1.2479508
1.3639425
1.6088752
2.258037
1.655874
1.2699884
1.1336551
1.3536944
1.3753538
1.197119
1.3150957
1.2785566
1.4821751
1.3597628
1.4825681
1.2813838
1.4656453
1.3587675
1.1817231
1.2298615
1.2092234
1.3374035
1.4026604
1.4933051
1.2929801
1.2718279
1.1086576
1.231421
1.3651907
1.2116927
1.2333037
1.262526
1.2317376
1.4607224
1.1230273
1.2707785
1.5947561
1.5900153
1.5982964
1.4033074
1.3050736
1.1946635
1.2503431
1.2947822
1.1392856
1.1385496
1.2940978
1.35737
1.2447255
1.3563162
1.2709835
1.4587507
1.4720106
1.310803
1.2140745
1.291813
1.3407557
1.2412485
1.2373959
1.1524291
1.2507565
1.3109717
1.4777176
1.3818924
1.319072
1.562294
1.5738528
1.4597714
1.3347573
1.4285536
1.231775
1.2497373
1.4400918
1.4252636
1.2199609
1.213518
1.1702182
1.318854
1.4119725
1.7212269
2.0070097
1.9138534
1.5104902
1.1650634
1.2016792
1.3132802
1.238527
1.1873486
1.3217466
1.4120829
