1.5414109
1.7682252
1.5822796
1.564166
1.5444036
1.5424708
1.5098771
1.4022136
1.4803095
1.5472918
1.6687443
1.6321833
1.3285635
1.4167926
1.5049071
1.4921367
1.5718331
1.4449464
1.6489242
1.5498724
1.6280072
1.4652352
1.4708587
1.5163763
1.5706856
1.4799944
1.4701846
1.5612828
1.6119103
1.7164845
1.8410109
1.6492767
1.5535803
1.6037055
1.6022952
1.5965766
1.5679302
1.5229807
1.724127
1.6889658
1.553966
1.4994144
1.605475
1.733735
1.6251792
1.5901309
1.5945673
1.5966611
1.5134995
1.5249666
1.5037321
1.6275344
1.6740037
1.7341969
1.8497041
1.7260926
1.5780642
1.4502795
1.4897239
1.5296781
1.5620372
1.5817013
1.6040287
1.5726252
1.5176036
1.5377887
1.4961569
1.566036
1.6586614
1.5937966
1.4849668
1.6215892
1.6568271
1.7379752
1.5710021
1.6014575
1.48508
1.4098697
1.5174172
1.6260471
1.5407547
1.6392227
1.6093166
1.5222309
1.5688398
1.5505631
1.6342561
1.6456847
1.5611098
1.5018913
1.5143378
1.561995
1.6473792
1.7638962
1.6903584
1.5834866
1.5112672
1.589817
1.5157405
1.5349813
1.4537861
1.5817993
1.6457286
1.5363374
1.63499
1.6305728
1.5921364
1.4911263
1.3749471
1.4555852
1.4374337
1.7912511
1.7821867
1.6124309
1.5168132
1.4359161
1.4943671
1.5048039
1.4812543
1.4748704
1.5445395
1.7053374
1.9778175
1.8234065
1.60159
1.480171
1.5904188
1.4961975
1.3725691
1.521377
1.5482149
1.5905157
1.4797106
1.5339887
1.5470394
1.5931376
1.6618328
1.8552432
1.6708679
1.519234
1.5257313
1.5891434
1.5666051
1.602881
1.7321501
1.7233127
1.7350069
1.5845153
1.5381012
1.5008568
1.5068426
1.5751472
1.489903
1.5131798
1.4824032
1.4429874
1.5909591
1.579164
1.5294534
1.4773064
1.5639623
1.5739301
1.4293506
1.4259624
1.6511996
1.6651274
1.5275214
1.6059709
1.5285109
1.5146899
1.4765635
1.4843764
1.4613883
1.6778688
1.5834928
1.6170851
1.5158149
1.7059339
1.7081094
1.4192889
1.3770032
1.5262346
1.4420712
1.5176942
1.5695384
1.6000655
1.4282496
1.5102525
