1.1686633
0.9155877
1.0515461
1.05969
0.88121074
1.2794871
0.9348022
1.2081385
0.9496124
1.1896374
0.9917293
1.160093
0.86723673
1.1887528
0.95002824
1.1151623
1.048096
1.0679502
0.9569913
1.1181979
0.8806586
1.0975742
1.1022952
0.9817532
1.0754994
1.0544857
1.1034398
0.8995125
1.0059644
1.0842094
0.95339155
1.0954669
1.1185188
0.9919249
1.0608153
1.0089575
1.0663377
1.0033214
1.1878324
0.95341516
1.2015126
1.0965273
1.0087306
1.1818651
0.93575764
1.012894
1.094028
0.9006557
1.3262533
0.98803234
1.0759299
1.177275
1.0042692
1.1956339
1.0575819
0.9757258
1.1491721
0.9792536
1.0552424
1.2343386
0.9203078
1.0824473
1.01585
1.1523833
1.0082285
1.1108639
1.0263693
1.1260457
1.0387461
0.96046776
1.1779164
0.9148001
1.209278
1.1076531
1.0511758
1.0235848
1.1648161
0.939275
1.4951026
0.82925165
1.1555681
1.065369
0.9459262
1.1908906
1.04017
1.1631445
0.9564444
1.216481
0.9595356
1.0154922
0.98949766
1.3409455
1.069514
1.1341926
1.1473619
1.1561104
0.9998342
1.192595
0.98015714
1.08281
1.1869782
0.8620002
1.3372338
1.0174642
1.0788515
1.1231465
1.036916
1.0965978
0.8034604
1.1037692
0.9760426
1.217633
1.1956298
1.3013759
0.9813847
1.3734461
0.8642202
1.209472
0.9837173
1.1027341
0.9526727
1.0007027
1.233055
0.85184604
1.0576152
1.1849301
0.9127064
1.419162
0.85238314
1.246166
1.0361075
0.94286156
1.2319077
0.92690086
1.1459708
0.9938629
1.0346043
1.0589876
1.0285228
1.220514
0.96568775
1.2201146
0.975237
1.1697837
1.1087976
0.9466164
1.2426076
0.9511573
1.2792721
0.72189033
1.3729314
0.82879204
1.1277176
1.0515413
0.96900153
0.9694029
1.1232731
0.9744581
1.2375263
1.0385988
1.0012197
1.2195183
0.95642865
1.046457
0.9854454
1.0903456
1.067103
1.1550361
0.99226606
1.3523184
0.9126768
1.0936782
1.0064262
1.2387556
0.9456584
1.0678674
1.1070025
0.9488772
1.1893755
0.95853466
1.3511696
0.9242469
0.99439096
1.028944
1.104975
1.0011014
1.0494251
0.9771075
