0.9117377
0.6910455
1.0557516
0.74991304
1.0095613
0.765696
1.1802282
0.6500505
1.0674474
0.5392697
1.4636238
0.56845266
1.0593557
0.7765428
0.89897275
0.59945214
1.511549
0.61796457
0.8958298
0.94472724
0.7356555
0.7768925
0.92818165
0.7168626
0.9365516
1.0628706
0.5712682
1.3851688
0.6650168
0.8811288
0.9701122
0.77722365
1.1744893
0.7729388
0.94033
0.6943343
1.299128
0.3945896
1.9530717
0.53252256
0.7499628
1.133305
0.7917683
0.98202515
0.8276495
0.82477784
0.8966401
1.2059863
0.5663278
0.93382996
0.96024466
0.69540334
1.2972608
0.4499207
1.6251078
0.58643717
0.74894625
1.0825067
0.8964803
0.7914724
1.1661081
0.77406466
0.81858754
1.0462594
0.73446363
1.0643992
0.56745124
1.2339801
0.6559672
0.83579063
1.1391115
0.7651334
1.0326421
0.95521307
1.1253462
0.4424486
1.8369231
0.49885693
0.89524686
1.1080749
0.5631249
1.1454504
0.8906324
0.6995444
0.99806494
0.8412621
0.7026635
0.847825
1.0867316
0.63080436
1.1304717
0.6111083
1.4346458
0.56654775
1.1721239
0.6592227
1.1054263
0.64953506
0.73419917
0.86511695
1.0879258
0.7478105
0.91216063
1.0394182
0.61287576
1.2699586
0.60650146
0.85271204
0.9398459
0.7365359
0.8976629
0.72967124
0.94628775
0.8867787
0.88252115
0.9253574
0.751745
1.1984739
0.6966931
1.5816014
0.37772155
1.5778133
0.6384945
0.9332748
0.9109674
0.8738945
0.63011557
1.2103022
0.7937531
0.9447719
0.77804065
0.756559
1.0395093
0.68318135
0.9350262
0.9304735
0.9028059
0.79217064
0.9689072
0.6262729
1.0826328
1.0137968
0.567876
1.4710481
0.7001212
0.9685473
0.90987873
0.81158185
0.9855845
0.75156516
0.7800817
1.0063626
0.98876286
0.6623659
1.2745414
0.6779809
1.1029084
0.853706
0.8792468
1.0982567
0.5844443
1.0676137
0.66219044
1.2388828
0.6158115
1.2558742
0.6846912
1.0986488
0.6208594
1.0540547
0.8191011
0.7713269
0.8419908
0.7982034
1.7406406
0.38962305
1.6398475
0.69707716
0.78084886
0.88682544
0.9525213
0.8558436
0.931528
0.70655054
1.0539728
0.65637034
1.055693
0.66387564
