1.2100086
0.7841412
0.5940695
0.47808415
0.9434061
0.568905
0.68395615
0.53878075
0.71028125
1.1457602
0.9404439
0.64303195
0.53938216
0.44573972
0.5928557
0.5468974
0.5040508
0.5579451
0.5575733
0.432161
0.38326305
0.4758905
0.54103285
0.685464
0.6289955
0.5300044
0.52537423
0.4464774
0.5474287
0.45619363
0.6658408
0.63376755
0.42146936
0.5645097
0.6590755
0.70207626
0.5958203
0.4706775
0.50019944
0.56536335
0.69888943
0.45567584
0.5885844
0.70804983
0.38176954
0.92918396
1.4896203
0.9986436
0.48308283
0.4694901
0.6479268
0.54655015
0.49747527
0.41632462
0.39358974
0.5234691
0.41904524
0.51526606
0.46694517
0.52120787
0.33760136
0.48409718
0.46235067
0.5596468
0.44243383
0.5603255
0.6551548
0.8752233
0.7156179
0.6710291
0.6023745
0.4282729
0.38477546
0.37614995
0.29620126
0.5417228
0.8069241
0.44762295
0.4760529
0.58359873
0.47815856
0.53235435
0.57087004
0.32101828
0.27347553
0.70296276
0.6188148
0.6756689
0.9881293
0.545654
0.61424816
0.8154133
0.37026182
0.39836532
0.50075257
0.4384907
0.3513078
0.51585966
0.5163079
0.44326884
0.42786297
0.38645282
0.48969847
0.47898018
0.79319704
1.1731974
0.91569173
0.37585455
0.47150466
0.35723203
0.5893772
0.53399295
0.39352524
0.4680715
0.7110878
0.6463313
0.30961844
0.8252082
0.7691259
0.39776778
0.45678994
0.5471797
0.544089
0.4560538
0.3271081
0.35609972
0.3026715
0.52384955
0.28477368
0.5167059
0.57425946
0.5338055
0.6633995
0.35944182
0.5911885
1.2592902
0.9604385
0.31575316
0.6002269
0.4882937
0.80317575
1.2706227
1.1024386
0.32652375
0.54660726
0.9125496
0.930284
0.67107093
0.3302276
0.55585486
0.40708908
0.49022672
0.56895626
0.7445538
1.1001542
0.5079548
0.44488078
0.59222925
0.35795555
0.3329869
0.57399935
0.5936519
0.5610771
0.38119188
0.59220505
0.38296527
0.6279146
0.3788973
0.68357545
0.5390861
0.39315486
0.3595361
0.5404477
0.6275344
1.0903438
1.0229499
0.67527616
0.62468404
0.82934684
0.94072974
0.7759085
0.3901578
0.44471544
0.38721603
0.49177128
0.3709196
0.28739077
0.3897289
