1.0903666
0.7753943
0.95440733
1.0762031
0.84496045
0.95041907
0.9312414
0.7439048
0.76137966
1.0789843
0.72916776
1.0373623
0.77733415
1.1918417
0.65300095
1.0753129
0.8266198
1.0881989
0.8023765
1.0114336
0.71328473
0.8754158
0.88990307
0.88130724
0.84611654
0.97275114
0.7975609
0.9507276
0.870505
0.8712496
0.95824873
0.7841622
1.0222762
0.9398875
0.7199242
1.0124955
0.8262256
0.87292105
1.0795653
0.53247607
1.4143108
0.77072096
0.895688
1.3753858
0.58794516
1.0620527
0.82053906
1.1696626
0.66708547
0.8161642
1.0762982
0.66935456
1.0769191
0.75665677
0.8689564
0.9057711
0.9829921
0.93985844
0.94074965
0.9256766
0.77956283
1.0336826
0.7889315
0.899628
0.78849626
1.0108124
0.76620483
1.0743811
0.8094443
0.98835266
0.8125354
0.9315691
0.7058718
1.2785975
0.6935158
0.98907024
0.8691279
0.82648826
1.1456876
0.6819739
0.8313885
1.0853412
0.7517463
1.0141172
0.7457049
1.016243
0.84121186
0.64635813
1.462816
0.5352552
1.3125274
0.68057823
1.2343752
0.7020906
0.81970894
1.0523915
0.74352944
0.98147666
0.6816109
0.87870514
1.0697575
0.62657404
1.1614308
0.8584366
0.77817535
0.8851861
0.8443861
0.9346864
0.8521224
1.0077372
0.7919458
1.0392082
0.700219
1.4414177
0.5502858
1.0295103
0.8901835
0.8774862
0.71509683
1.0960436
0.6865766
1.0491765
0.7049442
1.0640205
0.7791128
0.8663788
0.90663314
0.8936074
1.0091611
0.8850084
0.70203656
1.0519471
1.0012512
0.7034426
1.059629
0.8998054
0.94909585
0.8452368
0.9338607
0.8368157
0.9078933
1.0052202
0.74797153
1.2768736
0.62659514
1.2323369
0.6704184
0.95248187
0.8058994
0.87297034
0.87211025
0.88435495
1.0026073
0.80530393
1.0592668
0.74518156
1.0694185
0.8774151
0.697149
1.0028095
0.72506917
0.8189021
1.1080693
0.7556854
1.0945052
0.6692734
1.5211841
0.62538874
1.15235
0.8390871
0.86848855
0.85299826
0.7142287
1.0349658
0.8753145
0.8372392
1.2565522
0.69265187
1.0802691
0.80051774
0.9734187
0.7862757
1.064394
0.7167458
0.92951155
0.85890913
1.0605032
0.574767
