0.51095873
0.6940737
0.8714813
0.9144947
0.72581327
0.6091465
0.6847229
0.6160136
0.57665324
0.75807106
0.648243
0.7230841
0.7857825
0.76405364
0.6656714
0.6760683
0.71688
0.5510268
0.7719993
1.1303678
0.8224683
0.67751086
1.0650266
0.79056835
0.73441005
0.8896916
0.6886823
0.42775458
0.8504459
0.65409243
0.64062387
0.6368334
0.5666696
0.79239607
0.57478845
0.39058834
0.6745465
0.82245004
1.1085501
0.81462604
0.5526608
0.6371745
0.6428461
0.78816736
0.7751896
0.73479056
0.76252174
0.6293102
0.5388526
0.4392136
0.8119031
0.8020392
0.40109926
0.6632974
0.5829767
0.5520737
0.8363644
0.5849245
0.74365515
0.5880232
0.4607233
0.6376754
0.6140916
0.5501176
0.5335068
0.7540412
0.73126984
0.75426215
0.45367843
0.53885365
0.5879642
0.5229241
0.6391502
1.2001592
1.3914701
0.5781133
1.1149846
0.90000135
0.7672747
0.91860485
1.1099317
1.183434
1.1680608
0.95354384
0.7921938
1.0138744
0.7688597
0.7500525
0.9385791
0.82816994
0.6166998
0.8570737
1.0224862
0.71103364
0.5562617
0.8059871
0.4382108
0.5806168
0.52837974
0.76977515
0.8715069
0.886183
0.9693533
0.9099187
0.62427086
0.52194965
0.5734389
0.906422
0.8913942
0.61891073
0.6584558
0.9674704
0.77322245
0.643711
0.53946537
0.5769392
0.60539013
0.7495097
0.5267815
0.4982283
0.568306
0.6408599
0.6871856
0.7204101
0.785259
0.6550503
0.9246116
0.61673117
0.43778098
0.69727457
0.62319547
0.85307753
0.7400053
0.41223478
0.6215316
0.9035446
0.67894316
0.94215584
0.9711849
0.7260934
0.71417636
1.0251449
0.40181786
0.9060627
0.7141825
0.8950962
0.8153368
0.54590416
0.79155207
0.674901
0.82137656
1.1548077
1.3093423
0.5641099
1.2513969
0.9143749
0.7109156
0.7626549
0.71693134
1.4080051
2.1931777
1.0514121
0.7004878
0.66288483
0.64268196
0.8481741
1.2964683
0.897584
0.748705
0.73792046
0.8776945
0.8802216
0.7100371
0.62488854
0.7683866
0.55946267
0.6570845
0.5296784
0.65976036
0.71896976
0.7632203
0.6530028
0.6394057
0.6984127
0.7571724
0.56910825
0.6628432
0.8090147
