1.090205
0.5734962
1.4477656
0.60562223
1.1487887
0.8020625
0.7686571
0.9967393
0.90143305
0.8291956
1.1034043
0.71460575
0.8894501
0.928022
0.8431023
0.7629491
0.9803654
0.896465
0.8724029
1.0286224
0.80358434
0.93656206
0.87449116
1.0731193
0.7220513
1.1012825
0.76656365
0.96446383
1.1190811
0.69969237
1.2889476
0.61817515
1.1648973
0.82206726
0.71031654
0.94731724
0.8560884
0.9111722
0.862383
0.80193436
0.9905638
0.8139659
0.78734076
0.9370363
0.9435374
0.64486337
1.1277201
0.91752255
0.8791287
0.7963658
0.9770197
0.67266953
1.105444
0.5889936
1.0633912
0.7622183
1.007155
0.8527104
0.97222817
0.824055
1.0068458
1.100738
0.7118975
1.3130571
0.6092515
1.0764081
0.73257905
1.2435951
0.7932411
0.74404854
1.2883942
0.6738887
1.0370629
0.89595294
1.0948713
0.54591346
1.0229156
0.76212907
1.2212805
0.80894375
0.55349684
1.6459651
0.7370257
0.62534505
1.0124726
0.7841376
0.82525206
0.796158
1.3474731
0.5768398
1.1467866
0.76941234
0.915519
0.8433826
0.74567705
0.9792373
0.8296414
0.74996465
0.7284691
0.8426595
1.1929528
0.66671276
1.0331175
0.9684507
0.64327884
1.1505532
0.641725
0.8312174
0.81138074
0.95324486
0.76667684
1.0340714
0.8725579
0.7632358
0.91223454
0.87979907
1.110652
0.8541552
0.973573
0.9678587
0.7097434
1.1766187
0.62424433
1.1753514
0.5801534
1.0389588
0.77276564
1.0077296
0.7830154
1.0762725
0.76712203
0.8824867
1.0310102
0.57992077
0.9914693
0.88973486
0.87055343
0.8820835
0.92328095
0.777982
0.94128513
1.0170054
0.69014126
0.98429143
0.7549057
0.90478575
0.8906386
0.8567845
0.8574123
1.0312624
0.60833204
1.2117193
0.7608702
0.8648753
0.93697
0.7975135
1.0317619
0.85168934
0.8215829
0.9605241
0.8348022
0.69268554
1.004621
0.92585295
0.7010608
1.5214007
0.37041166
2.094572
0.6740017
0.49864176
1.5734304
0.7994276
0.5519059
1.2577478
0.8181642
0.7450215
1.0827482
0.6724255
0.9663575
0.8693683
0.76257604
0.87644637
1.0103625
0.67187667
0.8708484
0.8984854
0.9342586
0.7636068
