1.5157347
1.535254
1.3857251
1.4121139
1.462256
1.5075123
1.459433
1.333996
1.5248036
1.4531505
1.5259345
1.667483
1.5607255
1.5150213
1.4253614
1.4049897
1.5312554
1.4675678
1.4483926
1.4430002
1.4999492
1.5485778
1.6198413
1.78567
2.1892898
1.6519461
1.4453845
1.4397495
1.4644849
1.3723149
1.4919658
1.4343652
1.464335
1.4594176
1.4505382
1.3921595
1.3932991
1.4413509
1.6576959
1.7584648
1.5858299
1.6083927
1.611249
1.4729617
1.311486
1.3520944
1.5859876
1.3693049
1.432565
1.4848058
1.3922852
1.4936509
1.5129743
1.6611576
1.5930629
1.5783906
1.4688141
1.4589293
1.4712012
1.4820392
1.4977257
1.4764102
1.5737517
1.411199
1.3832266
1.4637841
1.6373565
1.9903212
1.861443
1.5888567
1.5377462
1.4772991
1.5288618
1.4679083
1.3602718
1.4428538
1.4125264
1.5655262
1.4536524
1.5026677
1.5468395
1.4589273
1.3762115
1.3991637
1.5473909
1.6196809
1.5084009
1.363744
1.3712777
1.5792058
1.5110824
1.4020536
1.3579531
1.4569504
1.5075552
1.5074475
1.3910973
1.3732392
1.5050943
1.6575446
1.7218156
1.4552947
1.3955092
1.3456756
1.676458
1.5120108
1.5524876
1.4186388
1.4744456
1.4747785
1.4844202
1.4707122
1.5152669
1.4230162
1.4910557
1.5427377
1.5250964
1.4134086
1.4649258
1.6616557
1.842681
1.8002677
1.4999183
1.4941486
1.4061149
1.4413773
1.4809335
1.4783397
1.4566829
1.442738
1.339586
1.4528154
1.4299545
1.5382445
1.5918797
1.670538
1.6074691
1.4322282
1.4632599
1.4692755
1.360908
1.5395113
1.5857209
1.5498395
1.6736197
1.6370134
1.4243906
1.3140588
1.4558465
1.4855454
1.4362128
1.3740239
1.3804808
1.3322041
1.511887
1.5025102
1.56069
1.4866489
1.44749
1.3907044
1.5860063
1.5988668
1.5358009
1.4764595
1.5383852
1.5614924
1.5406847
1.4818461
1.5901842
1.6799147
1.5188258
1.5023425
1.5596895
1.6884176
1.5495646
1.6988862
1.5119879
1.5183103
1.5874271
1.530324
1.4888018
1.4443328
1.4661899
1.5302727
1.548389
1.7628233
1.8124783
1.6059785
