1.4523464
1.4979049
1.6084766
1.6550503
1.5010117
1.4461212
1.4370625
1.465899
1.5419538
1.5609437
1.6140229
1.6185489
1.5838802
1.5686727
1.5140884
1.6111681
1.4797139
1.3825318
1.4338107
1.5303082
1.5636348
1.5584792
1.5869077
1.5175822
1.5954219
1.5738659
1.5700345
1.624151
1.6082244
1.5001442
1.6057773
1.5494406
1.4257847
1.525344
1.5139036
1.6419343
1.7023169
1.7048229
1.5310881
1.5304959
1.5608964
1.5381984
1.5637293
1.5528524
1.5222216
1.5251105
1.7067549
1.4649694
1.5226369
1.4387162
1.4689717
1.4850225
1.5649232
1.6152701
1.7583628
1.6979578
1.521711
1.4403834
1.3210288
1.4868909
1.5111011
1.4575603
1.5413518
1.5836416
1.3557215
1.4139135
1.4542325
1.6306688
1.8237219
1.5251389
1.5193055
1.5106928
1.5081569
1.58182
1.6074083
1.6026747
1.4755449
1.3934833
1.5205489
1.7178962
1.7322626
1.6363738
1.5403925
1.4964824
1.6174444
1.4619265
1.593841
1.537343
1.6758726
1.7756572
1.5436001
1.4742036
1.496926
1.5901501
1.4410768
1.3469986
1.3821776
1.4854088
1.718325
1.6192262
1.5676725
1.5879227
1.6693603
1.4289845
1.5273218
1.5446258
1.5818594
1.5592887
1.5364656
1.589148
1.6187177
1.6175982
1.5739161
1.5319686
1.5173867
1.3774723
1.4391744
1.3949665
1.393336
1.3792459
1.6182966
1.6370795
1.6161435
1.5825887
1.4391782
1.4090538
1.4727497
1.4761484
1.5079894
1.4911996
1.3869061
1.5310719
1.2712522
1.414376
1.5747457
1.8340731
1.866299
1.7730014
1.536506
1.631334
1.4998797
1.6405784
1.5956718
1.5049944
1.608381
1.4285605
1.4749107
1.6938747
1.6514175
1.5510663
1.5124418
1.4363465
1.4911599
1.534893
1.6635207
1.5251533
1.53986
1.42657
1.4775617
1.3709607
1.3929839
1.6161255
1.5949638
1.5417411
1.8534098
1.6492519
1.6280359
1.5492837
1.4435512
1.351644
1.5143385
1.5640036
1.575388
1.4314344
1.7766011
2.3567355
1.9188627
1.5018063
1.513253
1.5576067
1.5635328
1.4949934
1.380084
1.4033206
1.5260895
1.4935175
1.4568374
1.580045
