0.6740279
1.2268307
1.2001116
2.019402
0.40981126
3.1914957
0.57449996
2.2138379
0.56206894
1.9443082
0.61243814
2.3624864
0.53889775
0.8490812
2.479228
0.25670478
4.9707403
0.509972
2.1080198
1.2211843
1.4218739
0.95379007
1.7243111
0.23331404
3.9058208
0.74372536
1.5716379
1.7946007
0.22116815
4.313919
1.2164621
0.6294694
2.0099201
1.2593584
0.85878026
0.59989965
2.091744
0.3004225
3.1523738
0.36112785
2.1281314
0.6312584
1.2747304
0.73367685
1.2551938
0.32200837
2.2886124
0.44124985
1.6661513
1.124332
0.8354971
1.1405911
2.7067242
0.22266734
3.1044436
0.38956428
1.783234
1.0104227
1.2670807
0.90993726
2.1607594
0.35018584
1.2251909
2.9557385
0.4282984
2.2365153
0.6036647
0.43377656
2.6730704
0.3305049
3.058356
0.2981665
1.4397655
0.33685827
2.8059692
0.14616597
2.1420712
0.385568
3.012018
0.6428766
0.45942694
2.3761005
0.46464014
1.6501611
0.6639584
0.50587434
5.0798798
0.26306713
1.9091306
0.774517
2.1751022
0.5233562
2.1876435
0.96923614
0.40238023
3.562069
0.37435442
1.4737961
1.2516596
0.33446133
3.593732
0.5014671
1.7065352
0.38818282
2.3421326
1.2607121
0.29407498
3.0055654
0.56489384
0.7741633
1.9413121
0.36239338
0.8617573
1.5709616
0.64149106
1.6910083
0.7290509
0.47708875
3.1927557
0.58536696
1.8382757
0.94811976
1.0470493
1.2498126
0.47956488
1.2416676
0.34254625
2.9434586
0.62492025
0.36874884
0.6800111
0.7637191
1.9255979
0.8720128
0.36375418
2.5618126
0.24969238
3.435423
0.51836634
0.85101503
0.6564779
1.6731025
0.6385369
0.8449136
0.9759209
0.26554167
4.180835
0.52145207
0.6684191
2.4208207
0.17407691
3.0658436
0.5924501
0.7899894
4.709351
0.16477783
1.6651812
2.1320379
0.55048156
1.3859756
0.58235544
1.8177173
0.8050704
3.080865
0.50867546
2.0772502
2.1137369
0.61665905
1.7948184
0.39940536
3.57754
0.5814774
0.7043415
1.7087662
0.44063708
1.8467269
1.1218672
0.7539791
0.635416
0.65351963
1.2894529
1.421046
0.19710606
4.79436
0.3592906
1.1136544
0.92808545
0.5323156
