0.5932938
0.72789073
1.3517994
1.3161099
0.5254369
2.0579224
0.32244256
1.589013
0.97220874
0.87323546
1.4970558
0.844435
0.8147718
1.8195288
0.37620506
1.4797816
0.87222373
0.70399606
1.2634991
0.95753646
0.93779385
0.8762835
1.1767892
0.7219596
0.8503573
0.90755856
0.78179634
1.3228388
0.59786874
1.5351793
0.70645297
2.3948936
0.31512198
2.101571
0.8316946
0.41619152
1.9050707
0.51077056
1.1292304
1.3597176
0.46945474
1.4467366
0.6497528
1.2155701
0.5158125
0.96332854
1.1063607
0.9291381
0.7368356
1.2475706
0.4719941
2.5040193
0.43405038
0.97928137
0.88588274
0.44114748
2.0222967
0.5693894
1.8533847
0.62612706
0.5317615
2.3856218
0.5147588
1.0556073
1.1042337
0.81775206
0.6023528
1.6438311
0.8809371
0.7002361
1.1598552
0.8974477
0.702713
1.2593377
0.8368198
0.6773833
1.3904151
0.5495771
1.6167864
0.52916014
1.2464788
0.59961617
1.3290086
0.71890736
1.2284694
0.7236503
1.4710529
0.39923564
1.8938068
0.66819626
0.83711
1.24415
1.1162429
0.68138623
1.1670891
0.8358046
0.7468253
1.284189
0.6318772
0.9763882
0.96176684
0.9154185
0.5737902
2.3201518
0.50976735
0.84896165
1.2100447
0.7820177
1.4132485
0.7904175
1.0584733
0.9167701
1.3935719
0.7637288
0.57480705
1.7676684
0.507239
1.6111221
0.58462775
1.0777197
0.66377234
1.1649702
0.5257074
1.6846216
0.6580013
1.0377833
0.75379884
0.9221409
1.173831
0.5527327
0.9739387
0.4461044
2.658804
0.5926919
0.3625477
2.3012643
0.38497812
1.4691911
0.80627465
0.8340844
1.3327187
0.58452535
1.3948107
0.5111321
1.2531316
0.58734
1.1093749
0.7916855
0.76473
1.3405256
0.47804016
2.0683053
0.56929237
0.9786401
1.304205
0.648888
1.9261918
0.5280837
1.0404797
0.58803564
1.5375385
0.4679295
0.9382396
1.4354827
0.4081923
1.5128238
0.70608485
1.4355915
0.55297434
1.7581748
0.37225357
2.6354575
0.5287435
1.1107231
0.89548683
0.54350924
1.4903716
0.5412245
1.622689
0.59997594
1.1495309
0.86472726
1.7573628
0.2870954
2.2181902
0.5943402
1.1747252
0.8890612
