1.3684084
0.47191262
1.5163553
0.64816594
1.1124899
0.7133961
1.0425146
1.0023174
0.5933604
1.2179294
0.69557047
0.6688302
1.142055
0.6028248
1.1739566
0.5926633
1.0310347
0.9496429
0.8521151
1.1435587
0.62094164
1.0133783
0.7365373
0.87893265
0.75074863
0.9635705
0.8427955
1.0077827
0.8185648
0.9414636
0.895028
0.67979944
1.2552781
0.6042996
1.1229007
0.5714795
1.6646211
0.5782045
1.1452456
0.5827167
0.9813694
0.8319573
0.8727077
0.9798655
0.7651775
0.81408745
1.031168
0.73136234
1.2591186
0.5239185
1.7164799
0.28057194
1.2675812
0.8163823
0.6607298
1.6128778
0.5767056
1.0731373
0.9850844
0.94683504
0.86852294
0.88315964
0.6257048
1.2653179
0.7587979
1.0272812
0.58358467
1.3575077
0.67479503
0.84761626
1.0808657
0.46224698
1.0052665
0.8679126
1.1292524
0.5395781
1.3378276
0.5296166
1.3473604
0.57303596
1.0421855
0.75087905
1.0241607
0.6660969
1.0642018
0.82490134
0.9567466
0.4711138
1.6275618
0.60517085
0.7514286
1.2671843
0.7845099
0.80036753
0.8389286
0.8897718
1.106659
0.74910104
0.85338026
0.87524354
0.8540523
0.9111185
0.6684769
1.3673027
0.5403727
1.3491404
0.7013105
0.8764733
0.993771
0.68733066
1.0605847
0.63103193
1.2995632
0.7193092
0.6383481
1.1170955
0.7226639
0.79312015
1.2487981
0.5016191
1.403976
0.61354786
0.8151473
1.1536915
0.58965766
1.4442754
0.47509533
1.3410597
0.7427678
0.75916994
0.9161085
0.49856675
1.5289456
0.6163238
0.71874535
1.1943738
0.59573585
1.2918211
0.84803605
0.7392701
1.2999578
0.81665105
0.6183156
1.377389
0.52779615
1.0539145
0.78500354
1.185426
0.821567
0.86353034
0.83719593
0.63821113
1.5008008
0.40197492
1.2812296
0.8093168
0.6828139
0.9980197
0.93654215
0.6517776
0.9635166
0.85105497
0.7686897
1.2201394
0.4993205
1.8255112
0.45427802
0.85007083
1.0040123
0.7606315
0.97681344
0.9892216
0.68071634
1.0327985
0.72749233
1.0314063
0.8887051
0.8000928
0.8047192
1.0918071
0.5603224
1.4752736
0.46736106
1.1099186
0.688513
0.6639552
1.2677997
0.4870177
