1.8519442
1.8673371
1.9351318
1.9142163
1.9256692
1.9406601
1.8859237
1.8603513
1.8627926
1.9489434
2.0006595
1.9084053
1.8806432
1.9964906
1.979358
1.934288
1.9437311
1.8937819
1.9833554
1.845214
1.8681103
1.8940433
1.9748304
1.9087079
2.0123363
1.8655562
1.8283739
1.9012866
1.8653897
1.8391011
1.9170108
1.8618999
1.8578699
1.8492725
1.9123824
1.9482924
1.9707205
1.9156569
1.8312728
1.9438655
1.9601601
1.9012423
1.9514024
1.9914123
1.9539071
1.850846
1.8328819
1.9269761
1.9060929
1.904784
1.9160912
1.9955876
1.9038148
1.9571936
1.9555187
1.8948048
1.8518566
1.8912804
1.9086318
1.8992186
1.925385
1.8704829
1.9668217
1.9092661
1.8931606
1.8787484
1.8630315
1.8724189
1.8898077
1.9268154
1.8482924
1.9065868
1.963457
1.8942207
1.8476751
1.8715351
1.8991185
1.8759348
1.7830403
1.8063151
1.9016166
1.8816364
1.9014966
1.8869296
1.9590485
1.9414564
1.8872262
1.898427
1.8816005
1.9260962
1.8814043
1.8830843
1.9000512
1.9634608
1.9568585
1.8254745
1.9781187
1.9055233
1.9156742
1.9549519
1.809237
1.922612
1.8490582
1.9013942
1.8456655
1.9186604
1.9760709
1.8542979
1.8945646
1.9435794
2.0101266
2.0666523
2.0203454
1.9045697
1.8683822
1.9193325
1.921722
1.8612125
1.8971238
1.9177897
1.974354
1.9885311
1.9612403
1.9234246
1.8662441
1.8975842
1.8767385
1.8766906
1.9219892
1.925523
1.9755356
1.9310712
1.8220946
1.930493
1.8853343
1.8916048
1.9080434
1.9391793
1.8495896
1.8450805
1.9061457
1.9351406
1.9137717
1.8671362
1.9074137
1.893469
1.8919094
1.8785808
1.8396459
1.8907856
1.8939865
1.8936268
1.8237232
1.8321855
1.8329768
1.823348
1.865366
1.8482883
1.8893441
1.8911364
1.8924031
2.0407834
1.9334309
1.7833264
1.9603338
1.8928838
1.9733891
1.8722365
1.8688715
1.8534005
1.8613983
1.813361
1.895786
1.8074119
1.971571
1.9312885
1.8753467
1.856204
1.837158
1.8830161
1.8648092
1.8255205
1.8505772
1.8520164
1.8244705
1.8741502
1.789406
1.8866397
