2.43814
0.3599436
1.038816
2.539243
0.6500994
1.6174979
1.8674628
1.0072091
1.3331853
1.8582278
0.468286
1.9492192
1.8330455
0.8138826
1.1439776
0.94261765
0.46949604
5.3765535
0.4783019
2.1180258
2.2787817
0.32736653
3.2719243
0.59330267
3.1095428
0.31075907
3.0501733
1.3518515
1.0386479
1.2336619
2.018395
0.9084402
0.9583457
3.300871
0.47598588
1.6731
0.98442423
1.1841829
0.9301269
1.4528607
0.77023757
0.7928027
1.0538955
1.4087279
0.7964269
0.6522249
0.69918984
2.6340442
0.52860117
0.93785816
1.1388122
2.035081
0.580566
2.4900866
0.52985907
1.580909
1.5194848
1.1784332
0.8568874
3.2063131
0.9130829
0.9618489
1.8643081
0.86823547
1.2230506
1.1561846
0.52526104
2.067059
1.4811848
0.6293776
1.220659
0.46435195
1.7595124
0.6264838
2.2474928
0.9157472
0.5919558
2.4057832
1.8801596
0.503865
1.700474
2.4343278
0.30531234
2.6188476
2.0790095
0.37400526
3.7175555
0.3460979
1.6697984
1.4534683
0.9727001
0.9417014
2.276825
1.5655552
0.7099136
1.1409384
1.1972733
1.217071
0.9201263
0.7902448
2.606565
1.1265271
0.7030015
0.7660577
2.6447043
0.5026638
1.0310574
1.3175606
1.248698
1.1576552
1.1176026
1.2592177
1.0785209
1.2508211
1.2384629
1.4462271
0.7912789
1.7584898
1.3229897
0.63212895
2.2462506
0.63670564
1.0330039
1.6729835
0.83032537
0.9759134
2.289047
0.22153842
2.5231533
1.3811291
0.50637084
0.8746624
3.8423376
2.4962156
0.13625495
7.154358
0.20554426
1.8426987
0.05638059
6.6540346
0.8877106
0.86314917
2.0772603
0.8859154
0.69718856
4.0880938
0.53567374
2.149846
1.2051741
1.0305443
1.0260259
0.9371159
3.0419464
0.85634476
1.0925229
1.6701151
0.70721835
1.6249037
0.8264793
0.91859055
1.5485497
0.59519416
1.6681471
1.3429742
0.426909
1.1667819
2.96694
0.761115
0.83006316
1.3634661
2.1746187
0.41031992
1.6014712
1.4198772
1.2300996
1.2911066
1.2126033
1.4914728
0.5347132
1.400334
1.6288004
1.3713777
0.60706997
2.495874
0.82137245
0.693604
1.4885936
0.42931545
