0.5854486
1.0667425
0.92825305
0.64474106
1.0606611
0.74229056
0.9375217
1.0455744
0.77991813
1.2298355
0.76455736
0.6530667
1.3271279
0.566722
1.5616473
0.52101135
1.2673793
0.86966455
0.76903415
1.3158727
0.593737
1.0029874
0.7361586
0.68903893
0.97660756
0.7723893
0.9113284
0.78427565
1.0137074
0.64712083
1.0727085
0.5516122
1.1950812
0.6163649
1.0879971
0.60278594
1.0425289
1.0096009
0.80217576
0.7717506
0.85661936
0.86092186
0.7053571
1.3921864
0.47250247
1.0852892
0.75721216
1.1372826
0.7391744
0.97456586
0.8798138
0.58495945
1.243125
0.4633559
1.2833078
0.5032064
0.98175067
0.98651063
0.7349238
1.272444
0.61096215
1.097367
0.6465734
0.8389605
1.1936171
0.5327568
0.7950393
1.4129806
0.52367014
1.082295
0.7657768
0.89647746
0.7932222
1.1662405
0.8164036
0.7756301
1.0216074
0.68863225
1.282934
0.53196687
1.1298702
0.6610081
0.96969724
0.7800409
1.0001429
0.77194786
0.81272817
0.562241
1.6064587
0.43532026
1.0985539
0.961775
0.9172077
0.7242597
0.85991955
0.8004208
0.7563819
0.9862132
0.6472863
0.9142433
0.6862824
1.0167978
0.53731364
1.6560256
0.3795547
1.1448636
0.8820771
0.76225567
0.9471004
0.69067293
0.76662326
0.99200577
0.9671853
0.8571076
0.7330314
0.9803602
0.71828055
0.983165
1.0467725
0.5500536
1.4294492
0.5426178
1.0611982
0.7534822
0.8282181
0.8295254
0.67595375
1.0865008
0.7641361
1.0709841
0.5946094
1.1015179
1.0004722
0.54446125
1.2426937
0.5758586
1.0762315
0.96547663
0.6395007
1.4796188
0.507805
1.434426
0.6014206
1.3097568
0.6681111
0.7990979
0.8703621
0.6417514
1.2881956
0.46266708
1.2277019
0.676389
0.982903
0.75338346
1.0459352
0.6282433
1.107388
0.7067768
0.77371776
1.1681008
0.72575927
0.73323834
1.0343888
0.89177454
0.58972204
1.0205691
0.7921314
0.80729806
1.1449575
0.5940461
1.3786229
0.52742445
0.9859258
0.5961397
1.0061733
0.65633893
0.9601362
0.81435823
0.74309886
0.88755333
0.784588
1.1263621
0.5965897
1.1769711
0.51033396
1.6880207
0.46203762
1.1281961
