2.6138544
1.4247313
0.34041065
1.9756244
1.3030663
0.56742144
3.2957196
1.3817369
0.60888875
2.255245
1.1443248
0.6427666
2.4715085
0.56360865
1.1952627
1.4657797
1.0519019
3.4199486
1.1858711
0.2849405
2.7769363
1.9643362
0.17473862
5.7644014
0.7824273
0.79701376
4.2613206
0.7771132
0.6190903
3.5488818
1.2073598
0.58439755
0.84018195
2.4659383
1.002158
0.3963866
4.373351
0.49179205
0.85783225
2.6028612
0.72319883
0.48590332
1.3592498
0.75663674
0.6103747
0.97288686
0.8042909
0.6825286
2.2882
0.6690768
0.8119159
2.80765
0.390155
1.7602082
2.9535449
0.43132538
0.973672
2.850055
0.62745893
1.5007946
1.874259
1.0316486
1.7712426
1.109207
2.5656514
0.5228592
1.7147903
0.7450359
3.3575416
2.1802907
0.4285094
1.700459
0.6640579
0.9227607
1.3521887
0.7607116
0.76439536
1.7594798
1.4895736
0.2403372
3.9064264
1.267232
0.43652612
2.072113
1.7847104
1.0587856
0.47699398
2.7385736
0.79454935
0.64156973
2.6436443
0.79067636
1.0875454
1.580934
0.9676914
0.76546484
2.2849886
1.6598119
0.8218191
1.3631039
0.51435715
2.087315
0.4041947
3.232398
1.1776054
1.5741374
0.6078472
0.85228217
2.2776217
1.3343887
0.8877037
0.9285756
2.070441
0.6424666
1.2291455
1.1547855
1.0463021
2.4262826
0.48513955
1.551174
1.9002774
1.1111655
0.96545666
1.4614587
1.144584
1.3618157
1.0232024
1.3165336
0.33101663
2.2513971
1.0979142
0.5387084
1.429262
1.4614794
1.0131943
0.1370149
7.475123
2.1430757
0.53046745
2.0914273
1.5547667
1.2550093
0.7732558
1.109663
2.4791412
0.37441677
2.6207871
2.1230636
0.36752617
3.358958
1.2333696
0.8567089
2.6167328
2.1537912
0.19287995
5.3501215
2.3109927
0.21123524
4.3082905
0.27499276
3.4867897
0.20724693
1.785835
1.4267504
0.20459108
7.2066402
0.4633494
0.5366243
6.830053
0.52475905
2.9382734
0.28139305
5.998091
0.22840959
5.151934
0.8425659
0.9750766
3.140829
0.5975637
1.0040565
0.6057848
2.4618325
0.5429159
2.4584877
0.7070751
0.96730125
1.4061956
0.30503905
