1.2874223
1.4976455
1.3651106
1.3384495
1.393994
1.3451154
1.5862905
1.2318723
1.2763579
1.3624423
1.2287706
1.2395248
1.3029153
1.2856423
1.4109147
1.3513799
1.352054
1.2717872
1.3436022
1.1954187
1.4821172
1.4323311
1.3605895
1.2862192
1.4405978
1.385181
1.3307059
1.1924703
1.0363703
1.1919587
1.2764499
1.307977
1.1613019
1.3441578
1.290627
1.3711092
1.5109105
1.5561116
1.5384678
1.3142345
1.4272947
1.3655423
1.4742284
1.4546391
1.5601699
1.5552661
1.3082385
1.3374228
1.432259
1.1910193
1.3834941
1.3594832
1.2643197
1.328594
1.5103302
1.7040404
1.4337701
1.183466
1.2094698
1.397337
1.280328
1.3961493
1.3053856
1.2867041
1.2015795
1.2860615
1.4131805
1.3172286
1.147192
1.24542
1.2619964
1.3734162
1.3748009
1.3494481
1.185183
1.492033
1.2716053
1.3813306
1.2999583
1.316392
1.5484618
1.621502
1.339524
1.2886391
1.3787242
1.4960049
1.4323227
1.3476635
1.2711874
1.2113577
1.4433894
1.3183067
1.3760893
1.5121031
1.4608846
1.2258737
1.2383931
1.3568915
1.4010367
1.2565587
1.2720187
1.3688601
1.2668657
1.2806687
1.3486612
1.287194
1.3399217
1.4031494
1.1317539
1.1490875
1.5052786
1.580168
1.4857737
1.0952979
1.3961513
1.2923079
1.3719745
1.3969505
1.0816973
1.0909698
1.2977086
1.4783688
1.5303574
1.305369
1.1236806
1.1255112
1.2719862
1.509895
1.466774
1.6607611
1.2005336
1.3072708
1.0804061
1.1803206
1.3971734
1.4952483
1.3466592
1.3622413
1.1086029
1.2364414
1.1182797
1.455879
1.4292166
1.5530726
1.5210314
1.4538201
1.2664603
1.2627292
1.2170203
1.3184822
1.3205202
1.1817775
1.2336919
1.1563964
1.3823359
1.4362862
1.4388335
1.3346155
1.2458572
1.4004619
1.5120559
1.4356601
1.3826032
1.2437779
1.32461
1.3277476
1.2839706
1.2094536
1.4680822
1.4895167
1.6355532
1.3567089
1.349798
1.2901769
1.250637
1.259383
1.3883586
1.280443
1.5738568
1.6968951
1.3673826
1.188272
1.1822431
1.3389182
1.1895714
1.1783435
1.3754963
1.5131738
