1.5851873
0.63210046
1.0491894
1.4952517
0.87071353
1.1857818
0.3205471
3.9915476
0.5874081
0.36754936
2.5362527
1.5210875
0.42906773
1.3587725
0.82096684
1.3409598
0.4979066
2.5409818
0.9518349
0.73491335
2.760723
0.86461097
0.53311783
3.0193782
0.9189971
0.30938107
3.118633
0.4699418
0.78538936
2.0545301
1.1879698
0.8717392
1.1153047
2.2631917
0.7698591
0.24829587
2.8841977
1.864716
0.7709608
1.0794456
1.5706646
0.9440762
1.1542307
1.4552114
1.2203048
1.5578824
0.27212712
5.2733736
1.4715384
0.26732087
5.519081
0.6014009
1.8728089
0.7921362
2.5788124
0.24181753
3.6803164
0.5310413
2.1488032
1.3275249
0.54658246
1.6884832
0.8196404
1.3473948
0.95683753
0.5433475
1.4546372
0.6352786
1.2619853
1.7115653
0.4776095
0.84176654
1.7409477
0.4746035
2.6029613
0.55327785
0.7691338
3.9173539
1.7834964
0.11040576
6.3158636
0.38782087
1.6647162
1.1012428
1.4604776
1.2116046
0.42269984
2.5353603
0.40866125
1.3159637
2.366321
0.23885268
3.4411573
1.4425844
0.7623879
1.1449105
1.8197235
1.0114732
0.8096256
1.4552007
1.3098121
0.96717584
1.1038785
0.9662561
1.2904071
1.7308792
0.28144264
4.9572344
1.0694761
0.9362122
1.6883295
0.65438366
1.1409552
1.4841179
0.97435313
0.7335795
3.7880988
0.4780028
0.97250277
2.3073611
1.1231694
1.2000134
1.3466096
1.0378371
1.302405
0.7181318
1.2216433
0.72345245
1.0093044
1.1186547
0.7174387
0.8725003
2.5412717
0.46701178
2.0261722
0.28742632
7.0621834
1.7347182
0.33565244
3.7225811
1.2720726
0.37413102
3.141492
0.89098585
0.6435226
2.9371676
0.63128436
1.6847006
1.3889122
0.77786475
0.8327198
0.5955527
2.5376623
0.62273765
1.0253091
1.4322298
1.5130553
0.38535768
3.0598574
1.5166271
0.6144391
0.7541437
2.3930333
1.4048523
0.31674773
2.244689
1.8449547
0.5537576
0.72385126
1.354944
0.9924298
1.0951817
0.4826786
1.2099178
2.3530092
0.6012823
2.0260108
1.8063674
0.55870914
1.089956
1.6036032
1.1646768
0.67494464
1.933603
0.19155112
3.7311912
1.2932506
0.53580564
