2.0317564
0.5744183
1.7885009
1.1017721
0.6879977
1.8156047
0.5664358
2.7984571
0.49742222
1.9268165
1.3647816
0.968874
0.7533377
1.7422398
0.7064043
1.2361897
1.9924021
0.9539185
0.4726778
1.8180436
1.6996393
0.35714602
1.923813
1.2241135
0.6981152
1.7694992
1.7221062
0.5779034
0.61481094
2.4570112
0.8296566
0.5662868
1.4505193
1.2982581
1.04512
0.573066
1.5179427
0.96569717
1.0045997
1.0216646
0.7318722
1.920005
0.86742365
1.1219459
1.713611
0.2945161
3.372623
1.4316933
0.4826333
0.8966876
2.0098364
0.5666356
0.7406989
2.488302
0.5110595
1.5218644
0.9430795
0.9677422
1.2857776
0.7715618
1.2381945
0.91100943
1.2224773
0.6308937
0.5874362
1.2424796
0.35931504
1.3896785
2.2638037
0.24278371
1.7333317
1.1446755
0.8019578
0.96052593
1.5287604
0.29074782
1.6202797
2.1577716
0.38538587
0.88337064
2.0231378
0.3941017
3.1679337
0.56323564
1.9286735
1.0660722
0.9832595
0.40521896
0.86269045
1.92083
0.45076615
2.7698786
1.1089226
0.689628
0.80247927
2.1591945
0.6888546
0.9045806
1.4374771
1.0799648
0.74268126
0.9506199
0.75082314
1.41866
0.76507497
0.9645895
0.70697755
1.5012289
0.861112
1.2692244
1.1190658
0.88671875
1.1903121
1.5081754
0.5959769
1.9717059
1.6052017
0.55909765
0.9261563
2.0777607
0.8130138
1.8521588
0.6880394
0.6642173
1.7987976
1.2171901
0.86943686
0.5638802
2.055845
0.5770227
0.49438947
2.0656989
0.8658041
0.9332043
0.8767444
0.5985599
1.775675
0.8279792
0.5708256
2.1184285
1.0330338
0.94727564
1.3320112
1.0844254
0.6048925
1.2459134
1.8846338
0.6945461
2.2220879
0.4356166
2.2809649
1.1414273
0.6849368
1.1287005
0.4777961
3.9003253
0.5619792
1.4985188
1.8377528
1.2450888
0.98852813
0.8041288
2.4490721
1.0108956
0.44891742
1.7476735
0.9658746
1.0110424
1.0079596
0.85503876
1.0898201
1.2737824
1.0994828
0.77718407
2.3202376
0.52822375
3.9721794
0.4185537
1.4834616
1.5635538
0.46048057
2.4285245
0.6967288
1.3196042
1.1208109
1.5764979
0.52924705
3.133439
