0.7985077
0.43992823
2.7142391
0.9919338
1.3550491
0.7772976
2.3387117
0.7194993
1.2920933
1.1136218
0.6476457
1.7839706
0.6819338
1.2420301
1.1573086
1.0066612
0.8233028
1.548392
0.9662001
1.2184726
1.7476299
0.41905528
2.2632031
0.6541587
1.83213
0.6487427
2.207944
0.98400545
0.45703587
2.4637055
0.6795113
0.21342853
2.7480812
1.118346
0.8278404
1.3613405
0.8200096
1.5353479
0.6837503
1.0794117
2.2448452
0.7809358
1.2393627
1.2187335
0.99021834
1.116344
0.52129143
3.520368
0.42867655
2.114694
1.019507
1.0462104
1.0250726
1.4786528
0.9687395
0.6564504
2.1369417
0.33798972
4.4193707
0.49864617
0.87652516
2.0739372
0.6220236
0.7268393
1.7432537
0.3717981
0.9785149
1.0004088
1.0494624
1.3681848
0.24108604
4.642277
0.16573419
1.2316312
1.9677815
0.85879874
0.23274484
6.608038
0.49132806
2.0858524
0.8053778
2.1822762
0.66773355
1.7892605
1.3844204
0.6191644
2.5540352
0.32298452
4.037487
0.9825298
0.9086323
1.4359484
1.4796838
1.2058861
0.48185807
1.4841211
1.2763156
0.87729466
1.1445062
0.7189554
1.2296982
0.6960449
0.68924534
3.57901
1.0243547
0.86190754
1.3230836
0.6833844
1.1861603
1.3758152
0.87071836
0.7711286
1.6274624
0.5416545
1.4072896
1.4100803
1.602601
0.90769625
0.54711485
4.359356
0.5503149
1.2737811
2.43488
0.66431683
2.454515
0.7843794
0.958076
1.4724402
0.61727816
0.6554206
1.0158682
0.30443224
3.5797715
1.5324752
0.4270293
5.5196853
0.7814943
1.050946
1.8635582
0.5658356
1.8120728
1.2326028
1.3209245
1.3572004
0.8591467
0.602676
1.7080112
1.805513
0.3395763
4.193468
0.4231488
1.0060775
1.5588307
0.859385
0.34617803
3.9623146
1.4924505
0.35224006
2.2701726
0.7099631
0.46250015
2.2996464
1.2704699
0.29898456
3.0090106
0.47270676
0.9258723
1.8925879
0.75183713
1.4399052
1.0950868
0.6420468
1.4666233
1.4609063
0.4091887
3.8127017
0.43864465
2.5594497
1.9159544
0.26708677
2.9843853
0.89930123
0.6476718
0.9666239
1.4044561
0.8455161
1.6316943
0.32606715
