0.8170235
0.833128
1.3541899
0.34469515
1.9220124
0.60061646
0.68742514
1.1858995
0.68534255
0.99619544
1.1262684
0.52292323
1.0205729
0.95431864
0.595587
1.3921032
0.4853302
1.2798281
0.8141117
0.8922832
0.72401977
0.8622985
0.9994946
0.79920816
0.8815166
1.1444678
0.6910616
1.1234807
1.044143
0.8366369
0.9696584
0.8135053
0.7523309
1.137736
0.62329024
1.6973293
0.4576388
1.6421585
0.6618812
0.77615523
0.9922114
0.9054097
0.84534526
1.0155337
0.73294914
1.2479093
0.4538769
1.91082
0.51013476
0.8706068
1.1874528
0.44779736
1.4621339
0.7465571
0.7884257
1.173584
0.7719737
0.7304019
1.0409156
0.7183767
0.84836006
0.848006
0.600451
1.2986083
0.7535175
1.0349085
0.5255097
1.54644
0.57790005
0.6953728
1.3124866
0.62426186
0.8441278
0.8082478
1.0439541
0.5571389
1.024464
0.60641724
1.2274529
0.6301508
0.68644524
1.0247386
0.7641552
1.232702
0.49264795
1.3468113
0.65422034
0.7224648
1.6466172
0.49480948
0.90383816
1.2152109
0.67272484
0.7159288
0.7553971
0.9806174
0.7770402
0.908167
0.6975996
0.80287695
0.9920502
0.7348231
0.8321884
1.1014132
0.60061824
0.8817751
1.0030661
0.7571342
0.98088765
0.76942027
1.0256649
0.6866591
1.024586
0.83898336
0.6203555
1.2317388
0.5616535
1.1342359
0.923778
0.81012785
0.94701374
1.0386841
0.80362195
0.93205553
0.92745006
0.7392103
0.8487467
0.8465162
0.9692131
0.68801236
0.7427012
0.6966883
1.6456919
0.3859489
1.1182712
0.97627515
0.7750721
0.9826755
0.8368711
1.023166
0.86470735
0.96412903
0.6153556
1.3185002
0.52020013
1.3002529
0.60962296
1.1233644
0.62425226
1.3891835
0.5519159
1.3474412
0.7459539
0.81499517
1.1253827
0.7827549
0.86401933
0.92879725
0.5273226
1.0028881
1.2361057
0.47368208
1.3450904
0.8537406
0.80203164
0.9920755
0.6197798
1.5894102
0.496126
1.1742346
0.98830587
0.6630179
1.1717364
0.5662055
1.2422678
0.6870423
1.1393456
0.6183833
1.231784
0.69731426
0.792171
1.2722155
0.49690762
1.0611744
0.7178701
0.99811
1.0960987
0.62444293
