0.3549937
2.552475
0.77846533
1.902894
0.4552936
0.81694776
2.3881955
1.2327892
0.70027053
1.1836972
1.3902106
0.55468744
1.2439765
0.87474906
1.0571826
0.5036839
1.9033078
0.45934582
2.633797
0.8780066
1.4063988
0.51191694
0.69107723
3.2248826
0.21910416
5.4505424
0.57338357
0.3486154
2.4361308
0.8906348
1.0313785
1.4238193
0.3907712
2.8122237
0.29233426
2.4098904
1.2509562
0.9083035
0.89457786
1.1074947
0.9378164
1.2765939
1.248219
0.9507069
1.2398822
0.31696033
1.2490952
1.5116763
0.43400767
1.4270465
1.4031576
0.37565416
2.4034126
0.42178547
1.0720274
1.2647643
0.68106097
1.6233037
0.87170815
0.6778883
1.3673799
0.60381186
1.8927819
0.4396708
2.582697
0.5129853
0.51677895
1.5827608
1.5215459
0.18396044
3.143492
0.42345762
1.7334981
0.3710092
1.9322914
0.6045108
1.001405
2.043357
0.67066264
0.669238
3.2101989
0.2929647
1.7807562
1.2060293
1.2534068
0.61120105
1.4424028
0.32255107
3.008403
0.74572414
0.41824192
2.4376967
1.1401789
0.5074253
2.6875093
0.38649586
3.008946
0.7832134
1.026588
1.0724636
1.9850714
0.6835714
0.88897884
1.392158
0.60902596
2.6860135
0.3233016
3.3285108
0.57814753
1.5529108
0.74110806
1.1011767
1.2951257
0.6282977
0.57607585
2.7391975
0.44017175
1.4033535
0.9911299
1.1124814
0.86277664
1.3880663
1.4926082
0.42113712
1.0129566
2.3066049
0.4112674
1.5685129
0.89168054
0.39463428
1.9064853
0.36790168
2.1641316
1.7221336
0.63002217
0.53835976
2.8117752
1.093627
0.33270773
2.4485712
0.65426004
0.28691655
5.343416
0.38347018
0.7540354
2.7130237
0.31368694
3.1509976
0.95072305
0.9625274
0.7642069
2.1000495
0.35824972
0.5903267
2.701301
0.9716563
0.36289346
2.5883627
0.7933575
1.1424172
1.4907451
0.6743804
2.242095
0.6178833
0.755886
2.2111106
0.70879406
1.3480406
0.97271395
0.45764166
1.5530738
0.5191004
2.360554
0.32646412
3.0269902
1.1822314
0.82774657
0.9152493
0.7114947
1.5266114
0.6189377
1.4388955
0.98907006
1.0387129
0.750976
3.4915056
0.3254342
2.838715
