1.0939959
2.135219
0.49604878
3.1436062
0.88783664
0.8991282
3.094493
0.15134038
2.5384216
1.34476
1.2048284
2.3963802
1.9287703
0.7984318
1.054085
3.9738216
0.243312
1.0482333
4.158971
2.7130046
0.4257269
3.637641
0.61711097
1.2507448
1.2119143
0.97468203
2.361187
0.7435813
0.92199963
1.0632944
1.6638377
1.0750175
0.46626592
4.0852246
1.1470997
1.6603296
0.20496684
8.305336
0.431728
4.046769
0.13897157
9.696868
0.13238308
7.483368
0.03020167
19.81604
5.9263573
0.7734102
7.124524
5.603101
0.79313993
1.8592765
2.9526663
1.1008013
3.7642093
2.243091
1.0578382
1.6916133
1.4638996
1.3125201
1.9338224
1.2848806
1.0726902
1.7149873
1.2780533
1.5742216
0.8105066
1.3835576
1.4774243
0.9696959
1.140827
1.7740773
1.2412152
1.0806847
1.6517136
0.99681324
1.3794179
0.9340452
1.7931495
1.34371
0.9216131
1.447689
1.0984461
1.3299686
1.2062116
0.9331026
1.5331974
1.1148043
0.99131197
1.6871395
1.0800667
1.3942449
1.371087
0.7814028
1.9546006
1.3948967
1.0595171
1.2855271
1.4497173
1.36008
1.1289537
0.93191767
1.4734683
1.0768726
1.0753301
1.186242
0.99464285
1.7360947
1.0473498
0.99985373
1.6617382
1.209925
1.0467441
1.8135922
1.2404268
0.86503994
1.9296076
1.4083853
0.736246
1.4187351
1.1868172
1.1625485
1.2435732
1.1539763
1.1676124
1.2103077
1.2722492
1.246732
1.1961815
1.2223455
1.0772913
1.7784644
1.2315089
0.9324077
1.3143568
1.0722842
1.2494669
1.1753416
1.2205484
1.0652213
1.0245657
1.0941194
1.0826776
1.288446
0.8645233
0.73345065
1.4835687
1.3740704
0.889215
1.0441833
1.1457108
1.145324
1.1300728
1.1208327
1.2950763
1.1266892
0.98257303
1.3807313
1.2768137
0.9640244
1.2217778
1.2838495
1.2365329
1.174776
1.0932266
1.3762518
1.3187991
1.1288403
1.2392466
1.1834354
1.3131474
1.0927553
1.0713912
1.0335623
1.1314747
1.0766431
1.2113693
1.2591628
1.0653014
1.117873
1.1046927
1.2501774
0.99026984
1.5104375
1.1151662
0.9741525
1.5093541
1.0767807
