2.2812982
0.2878015
2.0114584
0.8197623
0.9392308
0.9257084
0.4855287
2.5289924
0.34970522
1.9318016
0.53612995
1.6122175
0.7029952
1.3192155
0.75233686
1.0438704
1.7332493
0.64809674
1.0695658
1.9814808
0.6610584
0.6335729
1.882886
0.3084163
2.1477852
0.48963267
1.9498179
0.4505175
2.3325605
0.7081264
0.88959914
0.94045544
0.67576957
0.9420682
1.3072846
0.3598297
3.3690157
0.41664988
1.2945259
1.202326
0.39728376
2.5235212
0.6620386
2.0701623
0.7602186
0.5535749
1.6537265
0.6356411
1.455264
1.2322794
0.42405802
2.6297789
0.66498864
0.81231725
2.1700134
0.2422915
3.099173
0.6806334
0.94246674
1.4429091
0.802456
1.3389397
1.035138
1.0027826
0.8689339
0.63712275
0.39200282
2.9965467
0.6128842
0.5946487
0.994243
1.8360736
0.3530327
1.2497509
1.8031365
0.46312493
1.7387869
1.318141
0.41729292
1.848789
0.50851494
1.3345686
1.3668935
0.8167374
1.0294105
1.3432631
0.62521344
1.0066991
1.9424795
0.5138797
2.8144743
0.2771222
1.4156139
1.0552983
0.6551954
0.8598286
1.2516195
0.4468875
2.157687
0.53395283
1.1087394
1.612412
0.3768619
1.8079443
0.57436144
1.6080542
0.5007107
2.1832466
0.26712352
2.9159994
0.65783846
1.3915211
0.8615598
1.1428045
0.63613814
1.5262189
0.83219016
0.5684419
1.7130208
0.69609183
0.863953
1.7875056
0.47417665
0.8543259
1.0750533
1.7964383
0.23113269
2.7773328
0.61062175
0.8302152
1.5232142
0.31089962
2.4301395
1.1305637
0.20828336
2.9336224
0.55649906
0.84051895
2.1476965
0.43994853
1.6403265
0.8250991
1.6734776
0.41828668
2.3974159
0.48976386
2.0072618
0.84109855
1.0351756
1.0081046
0.6224611
1.1572452
0.89702904
1.0706689
0.72186255
3.0197382
0.7085476
0.8606553
2.4497027
0.32986975
1.4401665
1.4921374
0.5364431
1.018806
1.3504945
0.41612726
1.3617718
1.0032227
0.43403557
2.3176706
0.27985853
1.7023674
0.7178974
0.941416
1.806283
0.5256591
2.571626
0.47516406
1.0267131
1.8327203
0.39573008
2.7489946
0.8709284
0.6540659
2.1565042
0.5873953
0.98282
0.7436993
