1.4255596
1.031607
0.9253601
1.1227462
1.0932214
1.0238802
1.7162536
1.1177084
1.5299627
1.6609515
1.2252213
1.2587471
1.1443331
0.8337275
1.0855837
1.2717695
2.2389522
2.481041
1.4231601
1.0019237
0.8841692
1.0062383
0.8818587
0.9344961
1.3134712
1.7623669
1.0803485
1.0526232
1.4171
2.3518987
2.19952
1.2595296
1.027356
0.7495669
0.87457407
1.0020907
1.1535676
1.3156503
1.2751983
1.3426114
0.791755
1.1812935
0.5922047
1.0805545
0.73385864
1.0036241
1.4202322
1.1039679
0.8349732
0.522248
0.99335057
1.114259
0.7987858
1.1134924
1.4309139
1.1000806
0.9219796
0.67778695
0.582139
0.77145916
0.75876737
0.8504745
0.6363215
0.67762154
1.2859142
1.0226326
0.79565597
0.7447624
0.840634
0.79093766
1.0249152
0.96118987
0.7646667
0.779273
0.9318585
1.5176417
0.87362105
0.6719189
1.0453099
0.95639384
0.63482493
0.8037636
0.8226072
0.57344484
0.6909627
0.6113305
1.0866048
3.2339025
0.9958816
0.566747
0.69763625
0.76973546
0.72202396
0.58908874
0.6315297
1.1778461
1.2774597
0.66802055
0.3578918
0.73047227
1.4484395
1.3453379
0.7367594
0.76038855
0.8991931
0.46595663
0.5475563
0.89787114
0.8043465
0.56889194
0.7278598
0.8983115
0.43905288
0.46129796
0.6242067
0.5259754
0.45018315
0.48946983
0.75405824
0.8682236
0.5990375
0.31328472
0.43582642
0.28269196
0.5519323
0.45244184
0.5225533
0.8215806
0.54473454
0.4710757
0.45391506
0.39610904
0.47849262
0.33541253
0.47187918
0.9571307
1.1513964
1.0544689
0.64655167
0.39718407
0.32711548
0.4321374
0.4255546
0.4631374
0.40919733
0.79330385
0.8315748
0.87734807
0.3076848
0.664616
0.93806005
0.86270297
0.5540807
0.35390687
1.14245
2.2366238
0.82117623
0.43202338
0.6808136
0.5833117
0.5143764
0.6410676
0.6550032
0.8087995
0.7328277
0.6457912
0.3742839
0.4391195
0.7092896
0.66173434
0.74989986
0.69447196
0.43548077
0.40953308
0.9083046
0.516885
0.35795334
0.29774398
0.51718044
0.6430954
0.39475334
0.3250984
0.81093657
1.1987276
1.3290194
0.5960593
0.36749384
0.41676217
