1.627411
1.466445
1.3314205
1.4623196
1.4116993
1.4645321
1.3870289
1.3049138
1.2022886
1.3907843
1.3300712
1.467027
1.3079686
1.4428806
1.5269756
1.6846576
1.5876901
1.2301174
1.4516801
1.4010322
1.4591599
1.4013836
1.539532
1.3960428
1.5109022
1.3111918
1.3919988
1.2705004
1.3315411
1.261351
1.5367161
1.4931211
1.3861322
1.5095243
1.3965158
1.3980044
1.3754193
1.2840321
1.2458329
1.3334174
1.3673539
1.3876071
1.3793416
1.2436202
1.6022248
1.3792671
1.4557662
1.3086026
1.2552795
1.1382812
1.3419898
1.4412671
1.5331492
1.6499758
1.6039748
1.3930019
1.3702899
1.4395683
1.3567486
1.4338827
1.3186586
1.3632367
1.4519835
1.3147802
1.2316427
1.409505
1.5246885
1.3061521
1.5249131
1.4703267
1.3814926
1.4060292
1.4744146
1.4530475
1.3766239
1.4303906
1.3126453
1.4740067
1.339584
1.3672216
1.5766735
1.487448
1.3824301
1.4266976
1.2659419
1.3839061
1.4838777
1.4324791
1.4442668
1.6746174
1.5372705
1.2260926
1.3224993
1.2875687
1.3926234
1.3165756
1.3132373
1.331716
1.3909149
1.4254147
1.385094
1.3403449
1.47809
1.492048
1.7559915
1.5262668
1.4190185
1.2298121
1.3519223
1.3697793
1.3623836
1.3516543
1.3115516
1.2229967
1.2492356
1.3192672
1.2880545
1.2912159
1.1546593
1.4274387
1.3718429
1.4356897
1.346483
1.5435655
1.3723831
1.3735659
1.3088794
1.3526605
1.2659271
1.3477039
1.3719127
1.4340127
1.260416
1.3768735
1.5424731
1.5712931
1.5144515
1.1425369
1.2673753
1.4442917
1.5594954
1.6618701
1.4003603
1.451998
1.411499
1.458007
1.3367102
1.315946
1.383426
1.4703829
1.4750792
1.3802944
1.2703619
1.3778013
1.3236256
1.3843617
1.4153788
1.416582
1.3807918
1.2977494
1.5136969
1.4628972
1.4842397
1.2691851
1.4585228
1.4746943
1.3414104
1.3510709
1.2919227
1.3660064
1.4867108
1.4365981
1.5115619
1.4415406
1.5151315
1.5457767
1.4371469
1.3411906
1.4111167
1.3126383
1.3168955
1.3598075
1.2902322
1.3429487
1.3401576
1.4622837
1.5490183
1.630151
