1.5092447
1.3822181
0.72178423
1.0842228
0.7110344
1.2639647
1.0660177
1.2381212
1.6768807
0.25807977
2.6769514
2.26621
1.1820468
0.2517431
4.5608544
0.50058925
0.6440992
2.4900603
1.7654519
1.3724622
0.72131705
0.60283935
1.0191686
1.3462639
1.0551646
0.6439866
2.108047
0.7756584
1.745649
1.9387858
0.9893808
1.1674377
1.198
0.7667591
2.0850143
0.72644114
4.5393395
0.90062904
0.74121964
0.71371233
1.5227706
1.416075
0.27415627
3.42375
1.0121799
0.51763314
3.5124092
0.90583473
0.7692205
1.0314451
1.7805952
0.6908571
1.3164091
3.0154808
1.2050991
0.8919574
2.1428294
0.63991153
2.9361274
1.7494028
1.3212208
1.3097303
0.71947193
1.167003
0.8317721
2.337387
0.3847469
2.1830695
1.5017614
1.2673663
0.77149224
1.1517429
1.2285028
0.71533227
1.2784133
1.3307493
0.61175305
2.0458639
2.549014
0.84464216
0.7827847
3.5811265
1.3113756
0.38948593
2.397207
2.176516
0.16354823
6.334259
0.5307047
3.0684526
1.3617783
0.73427755
2.024635
1.1028455
1.1021583
0.28297502
3.1599493
1.5478617
0.9133318
1.0932047
1.8853542
0.86246884
0.57427216
0.8938265
0.97711396
0.70180166
1.0244383
0.8555913
1.0173597
0.7275246
1.3195529
0.6791105
1.2057599
1.7176405
0.4605564
1.3249041
1.5505068
1.200099
0.50718486
1.5458696
1.2905363
1.4407327
0.85351294
1.0758653
2.0026355
1.9975204
0.91898644
0.77828246
3.192417
0.92686
0.49230173
1.9722805
1.5702438
1.3771194
0.5787785
0.63238156
5.117028
0.6192756
0.9501051
1.2385011
0.6024842
3.4686403
0.61798924
0.5195618
1.2769843
0.5015354
1.7786239
1.2991395
0.68599355
0.95626676
1.7295125
0.91171855
1.111212
1.7942178
1.330905
0.63350135
3.0435834
0.8981166
0.40227818
2.1753316
1.8933265
1.3838288
0.30649808
1.0535959
2.4520493
0.21906382
6.658349
0.73698145
0.4088016
3.7440667
1.8793304
0.31532928
2.0578115
1.1831961
0.65533173
2.0149813
1.0622222
2.1654449
0.5929351
2.3179252
1.3016363
1.5503747
1.2255566
0.6775024
1.3187021
1.528578
0.7575059
1.3110054
