1.0642201
0.6000819
1.4400699
0.5833324
0.9895936
0.8927426
0.8146358
1.1162907
0.71232516
0.95698047
0.96948135
0.7208741
0.8735675
0.7828779
0.9092102
0.58581257
1.3056115
0.76180923
0.9250302
0.93907624
0.73983
0.8371733
0.81176114
0.93156135
0.8465203
1.0223275
0.8303344
0.810567
1.116197
0.6498101
1.1757468
0.64669615
0.9523649
0.97296643
0.781041
0.9415317
1.2964625
0.52987397
1.670568
0.618694
1.0803998
1.0460567
0.6682881
1.0094354
0.88797736
0.78267884
0.8937183
1.0739446
0.76351035
1.0136626
0.7525058
0.8733722
1.0045784
0.712043
1.0993593
0.63292027
1.1094437
0.7308173
0.9581007
1.3742396
0.58256173
1.7293696
0.553838
0.6701111
1.2824483
0.7554517
0.5904064
1.2383044
0.94554603
0.596972
1.3942747
0.6703018
0.6918561
1.1504995
0.9549239
0.5742282
1.0787582
0.83449924
0.9711115
0.8866005
0.7066846
1.3569881
0.7926066
0.95022845
0.8211755
1.0900367
0.68830466
0.9120929
1.2952025
0.5989226
1.3001359
0.6493869
1.099632
0.7207175
0.75987595
0.94319916
0.97153926
0.6915934
0.86586624
0.84820396
1.1439725
0.6305516
0.85534257
1.1907339
0.6676599
1.0499239
0.70527476
1.0529693
0.7599765
0.729611
0.99772954
0.8915771
1.0146558
1.1057105
0.6859906
1.9419774
0.37047288
1.3511363
0.8086061
0.81201863
0.88666165
1.0785437
0.6760698
1.1192068
0.829393
0.886359
0.79003614
1.000736
0.92180896
0.8796115
0.78707033
0.7967739
1.1798111
0.5080996
0.9940118
0.7794539
0.8605873
0.7677516
0.92749417
0.6838361
1.1619527
0.89983207
0.63406384
1.3128651
0.66321886
1.1469232
0.66058576
1.1716356
0.78783107
0.9187159
0.8820689
0.89027274
0.8794087
0.92036176
0.87617713
0.89637184
0.70715845
1.1123346
0.7964111
0.90517604
0.91140664
0.6030011
1.4826367
0.7203075
0.94678706
0.9970158
0.73060346
1.1703861
0.67595285
0.9376648
0.92293686
0.68813264
0.95570743
0.7918731
0.8419055
0.74807924
1.1723065
0.741637
1.0266078
0.7040713
0.9818314
0.8751615
0.7998804
1.0060902
0.7884542
1.2889403
0.619167
1.300665
