1.4081833
0.5083742
1.2773149
0.7188267
0.98190206
0.7967143
0.82330817
0.97090864
0.71182525
1.2655082
0.5772873
0.96396405
0.80012023
1.0883285
0.7560077
0.95180863
1.1608887
0.69163895
1.117506
0.76224434
0.75161874
0.86921114
0.9347142
0.77363753
1.0144413
0.7539282
1.0821223
0.6321347
1.6368897
0.45774186
1.4743779
0.68320143
0.7565496
1.1109618
0.70006204
0.85549283
1.1239871
0.73797375
1.1425194
0.6048256
1.12024
0.89303225
0.81671524
1.1592215
0.57538944
1.049056
0.73761666
1.1694499
0.72023654
0.84057546
0.896369
0.6499119
1.3194568
0.47377956
1.3743448
0.6238575
1.0497665
0.8644078
0.89993834
1.0560658
0.65768063
1.2331235
0.5872226
1.1655079
0.86913407
0.80665934
0.7383724
1.3842659
0.5136826
1.1608315
0.88458514
1.1816878
0.51184654
1.5493075
0.72204965
0.74948186
1.1051692
0.7272725
1.4376888
0.63014007
0.9878031
1.0352883
0.7494886
0.9839778
0.6966145
1.3305147
0.53721905
1.4659338
0.7703103
0.9233211
0.91241896
0.897033
1.2897635
0.5037083
1.277504
0.83307827
0.8122616
1.087162
0.6640689
0.72336185
1.4827838
0.5719334
1.0974379
0.93995804
0.61804354
1.0516973
0.76654935
1.0017288
0.7759422
1.0676224
0.5826819
1.4032481
0.5502784
1.2233185
0.6445858
0.96079814
1.0215278
0.8540211
1.0109124
0.858468
0.80535704
1.6915096
0.42979997
1.2285012
0.74028337
0.7440635
0.78086865
0.95477223
0.8681744
0.9152591
0.9268767
0.73073804
1.2263027
0.67878723
1.1590029
0.6148118
1.7511816
0.43801162
1.1454625
0.80971557
1.050233
0.8868767
0.8138137
1.3144982
0.5990834
1.2814692
0.73881
0.80379784
1.0408442
0.97062254
0.77022123
1.2523687
0.66708434
1.2470567
1.1873512
0.7411809
1.1159436
0.8313693
0.83723414
1.0938584
0.6981118
0.9664695
0.8345518
1.047173
0.5678585
1.3723552
0.57389116
1.1699823
0.7403448
0.85845363
1.0429615
0.88114035
0.5883952
1.4434674
0.5968796
0.8020714
1.6052213
0.47350237
1.1210879
0.8605789
0.7797921
1.182255
0.72810817
0.99290615
0.6756394
1.1133938
0.76069754
0.84531516
