1.5797521
1.4773707
1.44096
1.5091426
1.6464864
1.6594312
1.6286582
1.5258607
1.6804509
1.5482345
1.5307189
1.5824381
1.5011327
1.6577209
1.7481228
1.5987824
1.5396605
1.4687588
1.5943713
1.5320483
1.610333
1.6033309
1.627096
1.5317826
1.6059836
1.4463848
1.5357375
1.5989921
1.7654142
1.6187721
1.6887702
1.6111214
1.6485279
1.5709352
1.662927
1.6775773
1.6831343
1.7183278
1.7156937
1.621124
1.6416185
1.4849908
1.5385301
1.4858162
1.641999
1.679913
1.7363406
1.578451
1.6061163
1.6263974
1.5797408
1.5419531
1.6293874
1.700595
1.8639436
1.7981439
1.7128565
1.5641961
1.5380793
1.5826967
1.5200636
1.5729773
1.5430193
1.5723004
1.5252649
1.4928948
1.5464282
1.7015644
1.708924
1.5775194
1.610345
1.5428376
1.435569
1.568223
1.5815663
1.5495923
1.6862164
1.6400356
1.7379892
1.8334291
1.6498656
1.5816493
1.5543213
1.5360525
1.6295484
1.6061845
1.6104304
1.5567887
1.5200585
1.6798493
1.65276
1.6284704
1.618829
1.6593713
1.5160959
1.4490181
1.4460936
1.5060649
1.5294029
1.6323869
1.5077138
1.5955904
1.6267015
1.5675619
1.796749
1.6895006
1.6254838
1.4911664
1.5629306
1.4550499
1.5833008
1.5603458
1.4894861
1.5009736
1.4650428
1.5651866
1.6310006
1.5048943
1.5212576
1.5360005
1.5913703
1.6297417
1.5416801
1.6423789
1.7910728
1.6700559
1.6457899
1.6221392
1.6173031
1.3953416
1.4639369
1.55095
1.4214759
1.5613735
1.687849
1.7112707
1.6738945
1.7347095
1.584411
1.574318
1.5600028
1.8531072
1.7290878
1.6322806
1.6092255
1.6417494
1.6268024
1.6801752
1.688052
1.6333237
1.5936916
1.6029849
1.5813687
1.4880533
1.68687
1.5845003
1.483434
1.5703177
1.6431115
1.5360761
1.666508
1.8033152
1.7388895
1.4907247
1.5985203
1.6798263
1.729553
1.7165214
1.6076839
1.7101667
1.6376246
1.5466278
1.5727085
1.5794795
1.520827
1.7530025
1.5731204
1.5897238
1.613183
1.5798686
1.5366986
1.4495387
1.5010813
1.5296891
1.5077239
1.4383452
1.3768581
1.4750288
