6.8433027
1.031717
0.33173102
1.544435
1.3246928
0.5665253
1.018569
1.9839674
1.0019244
0.56189394
3.0233548
0.7310045
0.863472
1.0135143
1.1160667
1.0333492
1.0353806
1.1409997
1.1221368
1.3098519
1.087275
1.4895872
0.39698103
2.0864825
1.9204828
0.9887095
0.8691631
1.6563241
0.31169426
3.1694155
1.1837512
0.5290077
3.0731838
0.95497334
1.1528084
1.5199152
0.74284506
2.9987557
0.58007574
1.1111243
1.0180637
0.81918406
3.462559
0.2930148
1.6972708
1.2271688
0.6290097
1.2125348
1.7649658
0.43494543
0.45935184
2.3614602
0.9478197
0.9014039
0.8108447
1.0577011
0.40627775
2.2639127
1.1721857
0.8685558
1.9638418
1.3601596
0.48908284
3.8996391
0.3332625
1.1491976
1.544854
0.5582452
0.7392384
1.3496232
1.4003804
1.1044908
1.2724738
0.71510917
1.0355856
2.3909123
0.48741508
0.69714785
3.0922892
0.57942855
1.1520009
1.9544673
1.501859
0.7760407
1.2385554
0.9689213
2.2610507
0.58161616
1.9083061
1.1646993
0.80018306
3.4119215
1.7987118
0.7117463
2.2546268
1.4368813
0.8735705
1.0745897
2.1789496
0.36939365
0.8330067
3.106759
0.32499814
2.0156517
1.7100307
1.1378161
1.2099004
0.47332624
2.5679874
1.4104409
0.6103813
4.2460475
0.85037255
2.0076206
0.5996591
2.409703
1.3102422
1.0653508
1.6790068
0.7710825
2.163323
2.092039
0.49855542
1.1032636
1.8235501
1.9051528
0.83954394
0.9159413
1.398473
1.7664847
0.6801845
0.62929076
3.200129
1.6716231
0.5043639
0.87024444
1.6508129
1.680232
1.2623811
0.53787786
1.5245779
2.8588343
0.5258608
1.508367
1.9230133
0.44064248
0.95113206
3.4521346
1.5115981
0.3302395
3.6640759
0.8215176
1.6954229
2.2446926
0.42354682
1.0695277
3.4512591
1.0687985
0.59531474
1.6057034
1.4404554
1.1418726
1.3560164
1.10091
0.9451922
0.74344724
1.8865169
1.2829823
0.2482013
4.808448
1.2266223
0.8278217
0.96424925
1.1313102
0.9227487
1.0817035
1.5574157
0.30044645
4.5421453
1.9002715
0.40897983
2.3109195
2.1789181
0.34474123
2.8502314
1.5247812
0.9127598
1.3026404
