0.97993946
0.8961999
1.0677886
0.65790313
1.5882146
0.39251697
1.5165519
0.93523467
0.6853414
0.6864707
1.5794439
0.61650014
0.72621816
1.4960036
0.4402625
1.6249554
0.83140385
0.8933394
0.94085383
1.3257358
0.5211357
1.3144497
0.68908465
0.8130995
1.1791265
0.60455316
1.2537377
0.8678671
0.9030038
1.1765511
0.6163608
1.2212493
0.9041776
0.70237064
1.0424018
0.5131468
1.7615404
0.5884844
1.2559843
0.6778315
0.5855909
1.7983787
0.4441079
1.4249592
0.73021424
0.8474393
0.6712674
1.3463414
0.7466868
0.9098719
0.81854856
0.9257092
1.0193491
0.5836101
1.1109034
0.53587043
1.6934131
0.45502618
1.3809502
0.6633197
0.7949821
1.2563616
0.6041769
1.3980491
0.71878165
1.0221274
0.55547225
1.9868886
0.55648017
0.8705274
1.1800193
0.68992156
0.7567475
1.6508374
0.5279708
1.1871542
0.7122209
0.8423027
1.2877316
0.52440536
1.2297351
0.6004083
1.7101743
0.6036799
1.1934359
1.023412
0.7824892
0.57428163
2.3450413
0.4623142
1.0628407
1.0611213
0.93397355
0.78659296
0.92840534
1.263807
0.93259144
0.94936633
0.95386815
1.0824955
0.7477016
1.1682256
0.48431557
2.2640781
0.5810749
0.9299679
1.0554017
0.7602524
0.8907765
1.1477396
0.43234724
1.7671963
0.6531334
1.2733169
0.51553345
1.4811898
0.6639551
1.1643475
0.7427142
0.87938523
0.56953967
1.655994
0.5653715
1.0614705
1.0546327
1.006892
0.44837266
1.6998191
0.47535214
1.2635858
0.6044748
0.79777277
2.0174973
0.47654054
1.0534734
0.83276963
1.3509307
0.45914763
1.1759393
1.1480505
0.7631804
1.161814
0.638893
1.1275499
0.7882695
0.9273121
0.75493073
1.4903221
0.42121238
1.6230621
0.50015163
0.9249377
1.2469232
0.5634186
0.95256364
1.2980298
0.5150006
1.2845674
1.0066206
0.3978476
1.5680692
0.84828764
0.65932333
1.8928603
0.5347427
1.0108528
1.2709074
0.6042856
1.1626238
0.573406
1.6267942
0.54201066
1.1236799
0.8821397
1.0196068
0.8079128
1.0615944
0.53221655
1.0473787
1.1734209
0.5240055
1.3064411
0.792192
0.5983017
1.0366651
0.69802135
0.9880899
0.68477404
