0.8379536
0.861506
1.2461718
0.62471473
1.1390505
0.68077785
1.0538726
0.8613762
0.95482075
0.8021872
1.1238477
0.77866346
0.74871993
1.1302037
0.66783965
1.0973403
0.60466003
1.3329189
0.7172447
1.0030092
0.7636036
0.93120825
0.85762084
0.9424082
0.7554091
1.3351479
0.59080994
0.834475
1.0304782
0.7326384
0.8624054
0.90608186
1.2588053
0.9593557
0.56647813
1.2494316
0.647184
1.0581475
0.86642545
0.57507616
1.2567449
0.8291836
0.9381703
1.0728776
0.51393145
1.1158819
0.71481913
1.0108321
0.7877268
0.72025454
0.94326353
0.8694741
0.9378028
0.90279835
0.9728577
0.7118903
0.9798515
0.7840471
1.377309
0.55717874
1.4140534
0.74141455
0.8214258
0.92616266
0.9868531
0.8407302
0.68809336
1.1061475
0.83867264
0.6751321
1.0534095
0.912789
0.6496631
1.1877226
0.93518126
0.5736089
0.9843306
0.81472653
1.0989796
0.76158553
0.8005084
0.93273807
0.97931385
0.62956953
0.8628572
0.9181091
0.8631041
0.8273418
1.1351618
0.5908338
1.118296
0.67784476
1.2938633
0.6965142
0.77774847
1.1356816
0.62106085
1.0918338
0.6992316
0.748408
1.3279146
0.5489867
1.0825258
0.9037452
0.75454384
1.1457508
0.6844845
1.154916
0.6534332
0.99759454
0.826647
0.9311496
0.7727896
1.1034038
0.6823373
0.9539223
0.8265219
0.85228187
0.8636943
0.9326509
0.73759484
1.2028917
0.55735075
1.1261091
0.7325944
0.87433076
0.82166386
1.1310586
0.6264143
1.4628304
0.5575496
1.1601105
0.858392
0.6825134
0.9037622
0.7747279
0.72282875
0.9408921
0.7591599
0.7921994
1.0023416
0.81165826
0.88847125
0.89712024
0.93649805
0.92601264
0.7182946
1.0402219
0.7447771
1.2401872
0.66467476
1.0106871
0.99991083
0.7154002
1.2421622
0.6709801
0.81394035
0.9905785
0.59651506
1.0001504
0.8194754
0.57014835
1.0078781
1.0860288
0.7021774
1.1319513
0.7756208
1.1262541
0.6869358
0.92704296
0.8425569
0.81087613
0.7221159
1.2091895
0.41433293
1.8685285
0.6901348
0.58800644
1.2244861
0.82570195
0.81071115
1.0433277
0.78437823
0.8584995
0.89415187
0.92073727
0.9933803
0.6387855
