0.16254993
0.25158963
0.2807728
0.26778406
0.17344284
0.12792975
0.27355963
0.31301773
0.10721609
0.50382894
0.38869417
0.11338336
0.1630849
0.37872863
0.58779365
0.6007695
0.20858276
0.29044628
0.17097917
0.13937262
0.2445944
0.23219284
0.3218736
0.33738282
0.23312035
0.2973364
0.33280948
0.27525106
0.29281718
0.20221663
0.20862025
0.16029176
0.20849746
0.30865312
0.17648655
0.32114038
0.4756163
0.38583106
0.07791266
0.2141046
0.30520856
0.15717643
0.41854113
0.41593897
0.28982812
0.31314233
0.4424793
0.3881905
0.17991394
0.21000428
0.18317905
0.33511126
0.30247933
0.36844957
0.272784
0.27551198
0.31275192
0.42405233
0.3362527
0.13983753
0.15910468
0.08502433
0.18176737
0.15095738
0.28624952
0.31941938
0.41130954
0.3826099
0.18473412
0.1764231
0.2181692
0.11176084
0.19481036
0.26151976
0.12768185
0.21801367
0.22556163
0.21186492
0.23331058
0.32852718
0.40185606
0.29815152
0.22723168
0.25448155
0.24873501
0.15442005
0.77378356
1.0183876
0.8559572
0.49841523
0.24346504
0.17928521
0.33790624
0.26727176
0.37224305
0.42329878
0.4774418
0.18941112
0.27430734
0.14726788
0.28909457
0.27287507
0.1878044
0.2739216
0.25262618
0.28610203
0.17232679
0.3302652
0.26435784
0.29819316
0.16072738
0.28103143
0.19248226
0.16961351
0.37429923
0.23410189
0.18227853
0.20814562
0.24872786
0.23737475
0.20384601
0.14225562
0.2397458
0.1307767
0.21241342
0.08350501
0.18580656
0.256984
0.30243263
0.34176046
0.18852988
0.22268975
0.16821638
0.10140379
0.18884788
0.18208814
0.5612853
0.6554424
0.18520626
0.16462666
0.22402336
0.3693368
0.2567579
0.25010636
0.18165894
0.25046593
0.17617214
0.16981053
0.23377591
0.25393146
0.14526601
0.20749858
0.28496188
0.093482085
0.13357894
0.20874806
0.3214534
0.2626131
0.24925292
0.21121758
0.14210719
0.15950799
0.24437565
0.14761055
0.2854069
0.47279537
0.8556063
0.67092174
0.18587993
0.5490962
0.16262364
0.32544935
0.36062127
0.17446005
0.21609968
0.31216347
0.22526401
0.25669825
0.34371236
0.39554736
0.30054164
0.21114369
0.1358727
0.21597907
0.34252363
0.17030995
0.1456946
0.17617571
