11.156572
0.03171225
6.7279835
4.4797916
0.07817264
8.895458
2.9153812
9.153463
0.99541795
10.339405
3.038797
7.956091
0.79711735
10.939194
6.701623
0.09191598
10.944419
9.146982
0.26722625
8.643358
6.2385592
0.79129696
9.631682
3.6758244
8.574773
2.440508
7.175835
2.5550632
7.4279165
0.6254356
7.397023
2.6516254
8.865793
7.31668
0.91906035
8.047216
2.0595477
6.581887
3.0679846
7.440962
3.638239
2.7582002
4.706111
3.4221442
2.941525
3.0544817
2.5037107
2.731822
2.4504352
2.4384847
1.9002888
3.5497901
2.3490164
2.1877975
3.176214
2.2270198
3.8590465
3.54733
3.5069957
3.7384446
3.8593545
5.9062386
3.2217686
6.516798
2.6193821
3.1123586
3.1165693
3.076191
3.3403802
3.0127034
2.9879546
3.203215
3.1580765
3.7806427
3.1561694
2.5967972
3.8312232
2.5898383
2.5800152
4.041836
2.8978245
2.4806027
5.2185674
2.353345
6.840438
3.6710181
3.4367433
5.140759
4.090617
3.8064256
3.4983897
2.7122383
3.7915423
2.5163817
1.9569544
2.519686
0.967309
2.1337185
1.0355487
1.007086
1.8909466
1.195722
2.0501304
1.3984812
1.5066408
1.3617673
1.5009286
1.5456764
1.8232715
1.4757872
1.3907759
1.3345848
1.1812211
1.2695632
1.1872451
1.2958223
1.6995265
0.91396105
1.2123557
1.0441332
0.7889904
1.1253324
1.4090675
1.1660433
1.4616914
1.2388886
0.9637958
1.4795291
1.2068138
1.3829063
1.1281992
1.1942971
1.5771308
1.2294234
0.9692629
1.6801171
1.6028227
1.215951
2.0390427
1.4106514
1.2383404
1.6012747
1.3998029
1.2476982
1.8672719
1.1824573
1.1539625
1.4188647
1.1911376
1.0875537
1.5142576
1.0647588
1.1243123
1.1602201
1.2523832
1.1686757
0.98822224
1.2644148
1.0956471
1.4609932
1.0046494
0.836902
1.5344417
0.98488927
1.1005853
1.4969672
1.0702449
1.2376993
1.2568432
0.97034085
1.2581458
1.0431178
1.3386002
1.0737631
1.2145139
1.097692
1.1038115
1.0460422
1.2950373
1.0480354
1.4582424
0.99122787
1.2584362
0.94567585
0.9888124
1.7059331
0.8497024
1.2893361
