1.5022312
1.1110005
0.4904041
0.4450205
0.5600138
0.37285456
0.39754146
0.31573278
0.3295541
0.3625748
0.5917862
0.5376997
0.2489826
0.2952936
0.42608398
0.3849913
0.33418423
0.401069
0.20245478
0.425753
0.26923335
0.33603582
0.59117997
0.45193714
0.16234428
0.29147017
0.38876984
0.21176293
0.5432581
0.6012355
0.3573676
0.24883166
0.6699867
0.47323883
0.27559868
0.34085333
0.3909335
0.5377991
0.5247637
0.36452395
0.33261612
0.3507729
0.7953289
1.145431
0.61246246
0.34889263
0.41891944
0.35059258
0.34476888
0.49850154
0.33457392
0.47147873
0.3014043
0.29551065
0.49361193
0.34626606
0.36397457
0.4849417
0.32398874
0.32250187
0.29130143
0.24115385
0.3511952
0.5864475
0.8026297
0.32824746
0.2908483
0.48081324
0.412532
0.20587772
0.21375911
0.3703994
0.36188513
0.44560936
0.34306064
0.3759302
0.42392734
0.30987296
0.36922634
0.6186876
0.3966664
0.22720751
0.15653163
0.28361905
0.16154288
0.2658893
0.46513408
0.4481496
0.5015682
0.3413251
0.33656907
0.4592265
0.2711955
0.28341368
0.3979253
0.25009388
0.19476506
0.20958337
0.32142746
0.5076965
0.28874132
0.43727985
0.7710119
0.460635
0.19585454
0.19699487
0.5150678
0.50022376
0.545103
0.25834778
0.33830494
0.6501833
0.7208903
0.5392233
0.5463323
0.5554809
0.27307752
0.18635507
0.2844305
0.43203118
0.420901
0.18682683
0.5188313
0.3302285
0.26350418
0.1966061
0.2992825
0.2507053
0.18260023
0.37825054
0.3245245
0.2568525
0.5605329
0.27994847
0.26325577
0.33197245
0.2596629
0.11627141
0.20140207
0.46118546
0.26332346
0.26890385
0.4957693
0.3388849
0.2885028
0.42542464
0.2873342
0.39310706
0.3528061
0.25012463
0.6031489
0.50981414
0.4385661
0.15102151
0.41830721
0.25431877
0.35387957
0.57085794
0.23922634
0.26923892
0.26976424
0.20761773
0.40053457
0.22174704
0.22063911
0.23106146
0.2364988
0.15025902
0.5684461
0.95500034
0.62421143
0.1814884
0.31665355
0.18646781
0.3383975
0.1910482
0.20022911
0.5391475
0.7342647
0.3264746
0.2963241
0.43192393
0.14715265
0.5450883
0.5304427
0.15421946
0.26931775
0.2126963
