1.8810011
1.8820331
1.8877416
1.9124024
1.9120773
1.9166465
1.9626341
1.9771516
1.9727557
1.9830813
1.955692
1.8649185
1.9106131
1.9920957
1.9161863
1.969331
1.9664351
1.7450693
1.9336593
1.9190235
1.8946679
1.9705906
1.9673753
1.8594937
1.9529461
1.9673195
1.9768648
1.9645951
1.9367421
1.9222515
1.9526305
1.9729304
1.9887102
1.9043522
1.9139011
2.0093708
1.978009
1.9883529
1.9204344
2.0239778
1.9422568
1.895777
1.9091369
1.990649
1.9417464
1.947131
1.9298811
1.8905516
1.9022344
1.9186635
1.9785576
1.9115379
1.9259857
2.0022964
1.9665174
1.9891838
1.9573058
1.9737098
1.9244254
1.9143076
1.9314747
1.9324868
1.9510897
1.9048383
1.8867766
1.9044793
1.9202495
1.9664049
1.9398257
1.9551033
1.9993342
1.9822402
1.9966761
1.96321
1.9399433
1.8782648
1.9549242
1.9813074
1.911488
1.9254621
1.9672384
1.9571426
1.8781135
1.9148905
1.9817152
1.8996246
1.9035575
1.9044424
1.947814
2.0018888
1.9905329
1.9812889
2.0226216
2.0065708
2.0084724
1.8713574
1.9942504
1.959621
1.9577603
1.9565083
1.8822944
1.9707944
2.0145404
2.0270388
1.964299
1.9859588
1.970505
1.8649442
1.9161347
1.8937057
1.9461935
1.8962815
1.9017816
1.9598446
1.9488549
1.9730461
1.9575611
1.9220953
2.0297225
1.9357393
1.9587371
1.9691145
1.9821901
2.015745
1.9281727
1.8873473
1.9618788
1.9414289
1.8893294
1.9049244
1.8816304
1.8856436
1.8435361
1.9309626
1.9115015
1.8996351
1.8958074
1.9401324
1.865992
1.9458568
1.9198263
1.9373825
2.0505362
1.9166415
1.9175466
1.9431503
1.8971363
1.9604493
1.9487897
1.9541813
1.9308257
1.8859761
1.846643
1.8234946
1.9228051
1.9849939
1.9226918
1.9168307
1.8572576
1.9224181
1.8802451
2.0210416
1.9133081
1.9699199
1.9983256
1.9010899
1.9005418
1.8650324
1.8556682
1.8838125
1.9565185
1.9771163
1.9600471
1.8639596
1.8921863
1.9571133
1.8752725
1.9276376
1.9238997
1.9183127
1.9339876
1.916499
1.9293401
2.0209289
1.9146173
1.8580072
1.867064
1.9946098
