0.40882635
0.65694934
0.3175599
0.4184706
0.51350147
0.31888375
0.3204211
0.25803107
0.2774071
0.32767513
0.40874353
0.40097892
0.15131187
0.26204252
0.35236984
0.24566975
0.40115896
0.8622161
1.7008771
0.7086702
0.26920167
0.6115054
0.5987491
0.5091704
0.60730153
0.95136815
0.6871067
0.29576954
0.77228177
0.24997011
0.26071
0.30004176
0.3408153
0.6204377
0.75928825
0.45279783
0.28459865
0.26559913
0.24437438
0.2733935
0.28099284
0.43919587
0.2985523
0.43089747
0.2784491
0.3328812
0.37410635
0.44772947
0.4634002
0.25275066
0.2745968
0.24862787
0.537363
0.5510992
0.5926861
0.31812993
0.33758098
0.29968172
0.3499713
0.4225913
0.4801988
0.25407737
0.21543844
0.31833693
0.17887366
0.22285402
0.32031676
0.3581128
0.17487152
0.2531812
0.33515906
0.39983487
0.3850404
0.5247876
0.36233407
0.3426408
0.30192894
0.3832006
0.29599223
0.38565084
0.44506514
0.2959047
0.4500448
0.4951534
0.14751965
0.59950495
0.6309023
0.7315905
0.41541395
0.33798185
0.291682
0.25606233
0.33293736
0.18946937
0.2258367
0.36630636
0.38865712
0.24000259
0.22790918
0.27407876
0.38023296
0.596403
0.2689709
0.28839624
0.36476547
0.40840834
0.35359788
0.31428796
0.25192162
0.17882238
0.2989432
0.33934978
0.26200473
0.33812934
0.27004492
0.3857284
0.29159123
0.21665579
0.1517511
0.28960449
0.29263157
0.3296668
0.29439938
0.27176106
0.21401918
0.1497556
0.33527392
0.57975924
0.53682864
0.23303111
0.44504485
0.29291385
0.5605062
0.19111732
1.233079
2.2754107
1.3072355
0.61555225
1.4807148
2.6226761
1.1475034
0.51696086
0.4353666
0.4579295
0.7707894
0.94129133
1.088366
0.68408257
0.30108175
0.35663685
0.37588185
0.50296813
0.5143988
0.6012689
0.6019058
0.36981565
0.41711855
0.51627445
0.36302382
0.4117759
0.29377127
0.6920731
0.51569396
0.3972179
0.7004553
0.51459205
0.3876106
0.4262938
0.33765444
0.29372245
0.2912883
0.61342
0.5029123
0.3070162
0.26787505
0.25028822
0.2659674
0.23828143
0.413469
0.40929884
0.47038025
0.25471264
0.24038526
0.47192025
0.36560786
0.31788382
0.38327038
0.41198015
