1.1447192
1.3473189
1.2429543
1.0059508
1.4915631
0.90674305
1.1978345
1.2063661
1.4522829
0.9354151
1.2917879
1.136816
0.93751734
1.3850272
1.1527386
1.0477722
1.4975698
1.0984263
1.1330402
1.3489212
1.0203395
1.2848996
1.1281501
1.1293013
1.0730777
1.014028
1.1608317
1.3129196
1.062398
1.0089432
1.2045319
1.1740413
1.2493732
1.1528583
1.0455716
1.0000834
1.4988273
1.2156672
0.99832374
1.5016911
1.0850558
1.3479593
1.1699704
1.2162005
1.0263686
1.3842311
0.96027416
1.1888924
1.3907582
1.2934468
0.9540799
1.0493336
1.2486212
0.93260586
1.188678
1.2719429
1.1864643
1.0447539
1.1449275
1.2569273
0.972874
1.2691898
0.91202426
1.240104
1.0828702
1.0256971
1.1213055
1.0678694
1.1430073
0.85588473
1.1603584
1.0527457
1.1155282
1.1810126
1.0198224
1.0810685
1.0113537
0.91640085
1.7825909
1.3818855
0.6828451
1.359215
1.1864815
0.98966
1.1283208
1.1971126
1.195576
1.4335135
1.1506068
1.0621405
1.0369897
1.3521941
0.89561677
1.1933222
1.1099554
1.203425
1.2581104
1.0571506
1.3112797
1.2824136
1.1707041
1.1915784
1.1531916
1.0752063
1.2315048
1.0479594
1.1434373
1.1700336
1.211309
1.1098005
1.0796382
1.2011131
0.9119852
1.180273
1.1281192
0.9995718
1.2346311
1.0024643
1.0399286
1.3517766
0.90082747
1.0471975
1.5377647
0.86658657
1.0481069
1.0903423
1.4667623
0.7643636
1.2234205
0.94393086
1.2142189
0.926368
1.111923
0.91714746
1.144406
0.7880962
1.4288182
1.1133363
0.861258
1.6062666
0.7828643
1.4108703
1.0215064
1.1385088
1.158393
0.8956819
1.2292912
1.1624451
0.99686974
0.979016
1.7802198
0.64770377
1.1925964
1.4282417
0.6804173
1.9714638
0.8254975
0.8295841
1.6022191
0.8957137
1.3797097
1.3470488
0.5755751
1.697793
0.53895354
1.8063684
0.68654865
1.2546155
0.78381145
2.0061188
0.71459347
1.4347484
1.2312807
1.1985011
1.1980793
1.5804882
1.0308897
1.3591709
0.69707245
2.2665594
0.25007552
4.201441
1.5033755
0.33780578
2.2010906
1.3542535
0.63554
2.188098
