1.0066941
1.1576395
1.0728658
1.1064231
0.9993218
1.026551
1.3126122
1.1602969
1.0431689
1.1522908
1.0630808
0.98951167
0.9663371
0.96717846
1.1864033
1.0480033
1.1061789
0.9483063
1.319588
1.4788793
1.1603526
0.8888219
1.6761374
1.1631465
0.9603684
1.3923366
1.3526567
1.0642781
0.9563336
0.9313298
1.0792512
0.9783839
1.12006
1.2922086
1.4015435
1.2452646
1.0398897
0.93772703
1.0187762
0.9501965
1.1068969
1.1394465
1.1312876
0.98962766
0.9433102
1.084635
1.2012792
1.4865075
1.9047947
1.2697921
1.1985707
1.1222903
1.0715846
1.1352915
1.1209463
1.2280823
1.0895218
1.0268888
1.0539187
1.2796538
0.8626065
0.96323025
1.0680177
1.043896
0.71683455
1.029776
1.1927426
1.2943289
0.8519136
0.8764742
0.888929
1.0249183
1.0544095
1.5153816
1.3789195
1.0748972
0.92098594
1.1403346
1.2445462
0.9519297
1.0091953
1.3655565
1.1097746
0.88668305
1.2909622
1.2355735
1.067879
1.1802063
1.2447412
1.2383251
1.1223956
1.0336224
1.0404757
1.0160875
0.8946674
0.92453814
1.0181578
1.0185486
1.1093109
1.1467012
0.87372386
0.9921286
1.0209488
1.2433406
1.0993092
0.9497932
0.971089
0.9859232
1.123518
0.77820635
1.2243432
1.3421516
1.0340332
0.97713846
1.198953
1.0670061
1.1164824
1.2531695
1.1689973
1.169701
1.2222046
0.83431077
0.8656093
1.2119622
1.0519426
0.99938136
1.2631272
1.2186465
0.931499
0.7644237
0.7960017
0.99021935
0.9632708
0.96920145
1.5505636
2.0004182
1.6648779
1.4599924
1.0645618
1.090052
1.2085887
1.410783
1.216579
1.279367
1.1911488
1.1346093
0.89993876
0.89393246
0.943637
1.1843758
1.406095
1.2751265
0.80063343
0.84595895
1.0040776
0.99842
0.9955721
1.1765866
0.9596627
1.0198262
0.96960485
0.80744934
1.0549986
1.1080673
1.1122332
1.1574683
0.9652759
0.8962912
1.3008232
1.3196992
1.6071713
1.3169714
1.2217474
1.0076165
1.0916195
0.9806218
1.0739478
0.9668342
0.8675543
0.89659154
1.06284
0.9193561
1.032347
1.0896678
0.97577417
1.1178179
1.3424747
1.4456234
