2.0789216
1.9847097
2.0774474
1.9595327
2.059318
2.1860602
2.1494167
1.9523389
1.9838393
2.1376338
2.1682649
1.8886523
2.1674685
2.1005683
2.0491118
1.9096053
2.0817785
2.2732317
2.051224
1.9490759
2.167893
2.2431626
2.3412745
2.250035
2.091114
2.0650413
1.9668591
1.9917248
1.9549532
2.0823147
2.0810153
2.087207
2.0745707
2.0501623
2.2081392
2.0176084
2.1176066
2.0044982
1.9453266
1.9927891
1.993341
2.0160568
1.9707875
2.0818462
2.056687
1.8771946
1.9521018
1.9934862
1.8996737
2.0357618
2.1332016
2.1086588
1.9407032
2.0564399
2.0480456
2.0193412
1.9162103
1.9572513
2.0461519
2.109129
2.2152457
2.102961
1.9874094
1.8204815
1.9228283
1.9454867
1.9320855
1.9973441
2.0317106
1.9192457
1.9293612
2.1519988
2.1175623
2.1036282
1.8969257
2.0092382
1.8861946
2.063764
2.0172791
1.9756538
1.9393985
2.1345446
1.9835695
1.8955328
1.9269387
1.9024377
1.9286103
1.8233154
1.8504964
2.034258
2.0143905
1.9016713
2.0716467
2.070951
2.029281
1.9540834
1.8094478
1.9671584
1.9626794
1.9427074
1.9496549
1.9029107
1.9212828
1.8257282
1.8450408
2.0693312
2.08687
1.9866457
1.9492124
1.8704878
1.797276
1.974086
2.0058608
2.0061245
1.8767657
2.0257046
2.0311348
1.9706726
2.0326767
1.9099495
1.8894886
1.9200482
1.906513
1.9854512
1.9428041
1.9296963
1.9469879
1.9612632
1.9229951
2.0138516
2.0583575
1.9171095
1.9355325
1.9391948
1.9432397
1.8582942
1.8428684
1.8846483
1.8604611
1.9073149
2.1343749
2.1031604
1.8944596
1.7602568
1.8444769
1.8577137
1.8250707
2.201997
2.0711432
2.1074026
1.9302146
1.9002881
1.9488692
2.009359
1.8399644
1.8559649
2.0293024
1.8644242
1.9463973
1.9207551
2.0773256
2.389058
2.776046
1.9555734
1.9566511
2.1588964
1.9661584
1.9538963
1.9905868
2.0407815
1.9436204
1.8610506
1.9411952
1.9091517
2.0134873
1.9161915
1.8284298
1.9480836
2.1283784
2.0950053
1.8988081
1.8396097
2.0267613
1.9988523
2.0358415
1.9193109
1.9136542
1.9699695
