0.15795049
0.13766612
0.25232196
0.33818617
0.18438709
0.16653785
0.24423957
0.35609484
0.2422409
0.2586996
0.42470232
0.051454037
0.3895275
0.625939
0.5847441
0.3741496
0.21257433
0.18860815
0.28538775
0.31987807
0.17241158
0.17062296
0.25653163
0.45538318
0.18260577
0.30227986
0.4444739
0.31102532
0.3108039
0.1476626
0.22348686
0.29470378
0.19034377
0.25815317
0.24408422
0.47509316
0.47614667
0.17159842
0.33189467
0.31890732
0.42634815
0.5276923
0.3806941
0.15934524
0.16015713
0.21888877
0.25250185
0.27726716
0.20911774
0.122610375
0.27858084
0.22585781
0.2573493
0.22385475
0.22296016
0.2992592
0.22139508
0.1603247
0.32806587
0.21518363
0.5137147
0.73613507
1.1960752
1.0802203
0.51926166
0.3138389
0.35988212
0.31529742
0.20249064
0.32974744
0.83550584
1.7722421
0.48113266
0.42494655
0.30885506
0.48204273
0.6949069
1.0595366
1.0968696
0.721335
0.5711797
0.32888252
0.19749127
0.41333607
0.6753211
0.67035127
0.32824165
0.34964186
0.41518807
0.31817567
0.5074429
0.33186752
0.22236869
0.23990466
0.26858228
0.33761656
0.26126748
0.2352696
0.18624058
0.3045438
0.2894571
0.19078818
0.24474156
0.49083948
0.28525436
0.24321386
0.35139203
0.27189395
0.38460022
0.20520687
0.34529838
0.54478914
0.26738954
0.06932291
0.18966389
0.3165589
0.21998061
0.20477703
0.21246423
0.36957037
0.33057672
0.16365519
0.272713
0.35566288
0.28177363
0.13629767
0.4675204
0.45493802
0.1759147
0.28542444
0.20250064
0.22605535
0.5014212
0.49901208
0.2529815
0.39720052
0.73741114
0.41274124
0.25819576
0.12538132
0.67266154
1.2991706
0.2669983
0.5793318
1.3879213
1.029272
0.4288789
0.37419012
0.2816317
0.57348937
0.37838066
0.6534157
0.9745674
0.6456631
0.35550457
0.31391373
0.2347744
0.2073406
0.251814
0.26925394
0.36087593
0.51137084
0.63872445
0.48165992
0.1888381
0.30675507
0.123473
0.2459838
0.31311435
0.27233073
0.20314479
0.3217157
0.7880422
1.0185637
0.5083185
0.39102453
0.7745684
0.78365344
0.19261107
0.40262386
0.31633228
0.16072331
0.24393503
0.34583986
0.47441912
0.28666902
0.24110386
0.32858047
