1.2152843
1.5244858
1.523404
1.315197
1.2243347
1.3441598
1.2210438
1.3825126
1.5282413
1.7335665
1.2194545
1.0528789
1.2070864
1.231909
1.2747266
1.1616905
1.2829916
1.1264112
1.3227439
1.1318878
1.0886014
1.2437513
1.2274549
1.2964739
1.1352943
1.2570264
1.0805705
1.1158386
1.1434538
1.5690798
1.5966399
1.3389646
1.4129473
1.2999115
1.4229338
1.0829227
1.1347018
1.1265589
1.3217182
1.2357534
1.1746573
1.2689228
1.5296314
1.1963164
1.2253063
1.1946429
1.4209176
1.4821886
1.3333101
1.5442362
1.7311383
1.6142111
1.2411529
1.3629689
1.3278984
1.3779583
1.4235506
1.3717701
1.1211947
1.0000539
1.0935448
1.0916505
1.2334704
1.3163388
1.3977425
1.5854269
1.3902164
1.5422273
1.1853284
1.2493112
1.2331517
1.1754568
1.2522154
1.2771428
1.1981404
1.1602566
1.130886
1.2477121
1.3987575
1.1691315
1.4162128
1.443897
1.3837053
1.2254145
1.1148717
1.3077433
1.1664233
1.3350029
1.4173731
1.4019372
1.2834963
1.1628292
1.1750557
1.3781075
1.2246963
1.1074024
1.0954146
1.301631
1.2632074
1.1847286
0.9871554
1.1555051
1.6245058
1.4571977
1.8529212
1.3973116
1.2064004
1.1827166
1.4799073
1.2164752
1.3828441
1.6029155
1.6685281
1.1550171
1.4026506
1.1529609
1.2128136
1.1808183
1.04718
1.2105305
1.2476478
1.2675307
1.5025496
1.4078515
1.2235597
1.2738956
1.3776356
1.3749722
1.1843543
1.307964
1.256877
1.4085398
1.1257502
1.2036927
1.1683784
1.0856025
1.1873572
1.2360879
1.2167771
1.1234341
1.354907
1.4576197
1.4200556
1.0794134
1.1524472
1.214282
1.2049224
1.115048
1.1086404
1.4044158
1.2989106
1.459384
1.3136631
1.3054569
1.4905939
1.1643362
1.174705
1.2203202
1.2303392
1.3224045
1.2495344
1.1475966
1.177561
0.9745348
1.1412184
1.3731914
1.440582
1.4155767
1.5840628
1.2468202
1.2502813
1.4160546
1.2878871
1.2392
1.1411281
1.0783135
1.1718557
1.2850654
1.2140982
1.3579419
1.252817
1.0878823
1.2475433
1.4512444
1.701657
1.6557825
1.493031
1.3843672
