1.7198352
1.3991604
1.1137114
0.54943204
2.1974528
0.9440519
0.925622
2.257386
0.99670064
0.53450304
5.6469
0.26479754
0.8522038
1.4008453
0.38112357
0.9355568
0.6964748
1.3787148
1.9520352
1.1881142
0.82352424
1.1233183
0.767452
0.7469198
1.7143273
1.4173687
0.6677287
1.0899315
1.524867
1.3289021
1.201138
0.38187337
0.92907476
1.4468343
1.1086993
0.39520037
2.5168319
0.80789644
1.360046
0.71356106
1.0562743
1.1016228
3.1572013
0.81065094
0.945958
1.1057644
0.51046777
1.9452157
1.5682645
1.1487362
0.4947067
2.9697933
1.0337374
0.6203356
1.4369159
0.9212492
1.033375
0.8357283
2.3162074
0.27968696
2.1717036
2.107994
1.093596
0.67311573
1.6918681
1.1486648
0.3438612
1.3942815
0.9502998
1.4755304
1.2206578
1.0113068
0.90872324
1.1944058
1.7930025
0.38940075
0.70846623
5.4237237
1.8383083
0.27327323
4.394405
1.7758138
0.27151293
4.800723
0.8636433
0.56562734
1.8919034
1.2257322
1.1515913
1.1447814
1.2773863
2.3331218
0.7608502
1.2269605
2.0522118
0.5099015
1.8330472
2.4646192
0.49175984
1.5493476
1.859407
1.1199782
1.4159569
1.5522251
0.6035465
1.671083
0.9176406
1.0093126
2.5775752
0.88797355
0.561142
1.6125381
5.2254686
0.16623855
0.9941788
2.7588623
0.21625495
1.896222
1.8710899
0.7934858
0.7901529
2.4683301
0.81720465
0.4767843
5.4872828
0.69741964
0.69977766
3.6612258
0.50280774
1.1752795
4.5061636
0.4146378
1.168663
3.0331886
0.7209151
0.64800805
3.3604634
1.9490274
0.20650864
3.9853096
1.3293428
0.65467805
2.0917788
1.4083412
0.6447351
1.4614038
1.8626595
1.1759089
1.1636033
1.9063375
0.33963376
1.6775103
0.46800083
2.2788143
1.2965124
0.48783195
1.3513174
1.6058444
0.37114584
4.6579347
0.44383037
1.0038531
1.6498568
1.0536575
1.1824442
1.0503731
1.5961828
1.3088515
0.79398715
1.6082017
1.1127536
0.86974967
0.41358772
1.7093599
1.0904813
2.1773057
0.694209
1.352737
1.3798757
0.5547996
2.812627
0.98488647
0.6974092
1.4016292
1.0566808
0.76163304
0.88161516
1.135484
