1.6103129
1.7112634
1.7050705
1.8093126
1.7029408
1.6543494
1.6031775
1.6811295
1.6865765
1.6739869
1.6702478
1.6577942
1.5592873
1.5348887
1.6288738
1.5492303
1.7256181
1.6109167
1.6119778
1.547915
1.6586912
1.6836518
1.5720841
1.5854775
1.6015909
1.4870274
1.5363667
1.7009149
1.6007164
1.5949147
1.7936075
1.6372049
1.6138678
1.5761366
1.5759423
1.6357608
1.6133121
1.6951985
1.933532
1.9701492
1.7085788
1.6409161
1.6343739
1.640645
1.5124117
1.489171
1.6311917
1.4996386
1.4795947
1.5936166
1.6347423
1.6702524
1.5386844
1.5994642
1.6783721
1.609016
1.6694999
1.7143081
1.5851053
1.7175596
1.6748364
1.9177302
1.9149246
1.7403582
1.7174706
1.701826
1.6108898
1.7489346
1.5706866
1.5582926
1.7279357
1.6207528
1.6086382
1.6265581
1.5886203
1.7391125
1.7011235
1.5993003
1.4925852
1.6351628
1.7506025
1.6709588
1.6834649
1.6549561
1.6307352
1.5287012
1.5819939
1.5011842
1.4543953
1.5589223
1.6367277
1.6940463
1.7491506
1.8445816
1.7036594
1.5631506
1.5901787
1.5412941
1.4192364
1.6751227
1.5559552
1.6913787
1.5111877
1.5156825
1.7360039
1.6219628
1.6021483
1.5314162
1.6509795
1.5321357
1.6007656
1.7381668
1.549695
1.5197656
1.4922605
1.7157395
2.0392833
2.0042224
1.6661608
1.661941
1.616463
1.6009016
1.6891053
1.725435
1.6943821
1.5626804
1.6818666
1.5647913
1.5498204
1.5304521
1.5549004
1.573792
1.5775845
1.7787154
1.7756655
1.6840388
1.5476073
1.5256078
1.5475583
1.5843735
1.5699586
1.7324404
1.5940518
1.613313
1.6939687
1.6285027
1.589671
1.7070757
1.7118934
1.6237769
1.671664
1.5491374
1.539799
1.6049922
1.626104
1.6470838
1.5609283
1.6237333
1.6894449
1.5645139
1.5753677
1.7112881
1.7495091
1.6690159
1.5792238
1.5678394
1.4461148
1.6359069
1.6046436
1.6413393
1.5334928
1.529659
1.6757532
1.6279296
1.5350275
1.676611
1.4938588
1.4454032
1.5724657
1.5938425
1.5418359
1.6029713
1.4393299
1.5091143
1.5941377
1.6019614
1.551778
1.654763
