1.4037814
0.5446601
1.0784554
0.8661701
1.0169209
0.649318
1.1773486
0.7496731
0.96012115
0.88488364
1.0852673
0.7352007
0.6208188
1.1891496
0.5938809
0.8998382
0.8894203
0.8170316
0.87705475
1.2057943
0.6162025
1.1019703
0.81460965
0.81081843
1.097011
0.93718326
0.9246212
1.0478044
1.0174212
0.81310767
1.2173314
0.56930125
1.3015994
0.63280183
0.96355444
0.52001303
1.9102616
0.4851665
0.997438
0.98940825
0.5072668
1.5322502
0.42376468
1.5254471
0.60459316
0.9149563
0.6356586
1.133075
0.7691808
0.9937639
0.6261846
0.9482403
1.0885358
0.57034254
1.9092598
0.39165536
1.231698
0.82103944
0.8303273
1.0001206
0.7988179
0.8520347
0.81535184
1.3056033
0.6224526
1.161988
0.6000287
1.2099245
0.6680846
1.054143
1.051054
0.62993586
0.9917376
0.9601307
0.6429281
0.83252287
1.076716
0.7527611
1.3308601
0.63981205
1.2271466
0.57165986
1.0691637
1.0431602
0.59185785
1.2340026
0.4994288
0.8902219
1.149707
0.6445588
1.1224236
0.59994036
1.632071
0.5847578
0.84058166
1.0107763
0.83730865
1.1442776
0.51259124
1.0437129
1.0296006
0.6103432
0.90304166
0.9892809
0.6215453
1.1544268
0.7452091
0.80013514
0.7228995
1.2658404
0.44086805
1.7336507
0.6362208
0.97221965
0.70455503
1.065006
0.5807123
1.0758009
0.88753587
0.7522473
1.052274
0.48647076
1.63012
0.6196424
1.0455699
1.1132829
0.43555185
1.9275901
0.5759435
1.0627781
0.69732803
0.71141434
1.3301224
1.004149
0.42722708
0.9127919
0.6884404
1.1189107
0.7418506
0.98487115
0.70768106
1.4059014
0.41948414
1.3858461
0.6377013
0.8996153
0.85957617
1.0679805
0.8693147
0.7301688
0.81879795
1.0309923
0.82166207
0.6608887
1.3497046
0.4045491
1.5213346
0.67197704
0.7161531
1.1697869
0.48258632
1.2032942
0.74498
0.9814451
0.71869856
1.0744371
0.9864599
0.5713496
1.8007044
0.45109838
1.1040024
0.7878642
0.9413043
0.73552394
1.1253766
0.57576555
1.4543651
0.5037298
1.7333264
0.44405755
0.9678816
1.0691164
0.731612
0.9469003
0.8151101
0.7778827
1.1147063
0.59680176
