1.0723128
0.88994896
1.2114407
0.80705035
1.2270951
0.8014268
1.1582242
0.9648184
1.1015906
0.99693674
1.1457398
0.97199136
0.8693925
1.2792462
0.81961554
1.1609046
1.0941913
0.9971005
1.0627193
1.1870809
0.86213756
1.1534278
0.9720771
1.1023607
1.0509559
1.0494719
0.9832341
1.0862651
1.0489599
1.0564842
0.8523686
1.2897501
0.9290935
1.140713
1.071518
0.92985266
1.2157888
0.8653207
1.3680664
0.88992333
0.9718292
1.2769014
0.7843071
1.2910672
0.88555557
1.0327922
1.1093447
0.8578507
1.2655956
0.91339636
1.0360868
1.082445
1.00179
0.9940646
1.047488
0.9541891
1.1487635
0.8798127
1.0667543
1.0406172
0.97239304
1.0041475
1.0239646
1.0242904
1.0525283
0.98389816
0.98528445
1.0602927
0.9460472
0.9252988
1.1304727
0.89437824
0.97393584
0.9650667
0.9849661
0.9700759
1.0483546
0.9474244
1.228467
0.89469415
0.9414378
1.1356673
0.96964514
1.0596789
0.97524136
1.209671
0.8167008
1.3202305
0.9527241
1.002907
0.96783113
1.0044991
1.1428831
0.928388
1.1467468
1.1539636
0.86385584
1.1481886
0.83267283
1.0660605
1.1064157
0.7842226
1.3160151
0.8622798
1.1422728
1.061523
0.87226176
1.1427139
0.8982551
1.0526645
1.0133402
0.9637362
1.0026724
1.0714651
0.9443941
1.0632005
1.1344298
0.95706713
0.93930405
1.0995679
0.92191374
1.0389161
0.9734304
0.9725481
0.97740406
1.220004
0.78528625
1.1920521
0.90962505
1.0921268
0.872895
1.0626087
1.0322524
0.8497379
1.07265
0.96107435
1.0495363
0.9227985
1.2363322
0.90224457
1.0192791
1.1084603
0.76187813
1.3450449
0.8724228
1.0562959
1.1090984
0.89319956
1.1432803
0.8766513
1.113505
0.94754565
1.008399
1.0499578
1.113308
0.88493013
1.1770059
0.9129048
1.1415689
1.0508239
1.0315007
0.9220671
1.1495866
0.90821564
0.9446143
1.0218606
0.97063065
1.1274519
0.9352642
1.2069902
0.79848367
1.2604256
0.83800936
1.2459085
0.86127216
1.0549772
1.0084136
0.9345366
1.0421052
0.91362286
0.9444046
1.1387972
0.8920425
1.1219785
0.9484899
1.0818949
0.92282313
0.93826634
