0.7917747
1.0402751
1.068197
0.89328516
1.077296
0.5743586
1.4201577
0.72446704
1.2168713
0.56292844
1.645213
0.77105594
0.7980892
1.4409838
0.43154043
1.6829059
0.8384895
0.9733927
1.3246158
0.72882175
1.0890372
0.8548487
0.8054017
1.1045488
0.4390563
2.4970586
0.43654752
1.5255828
0.8822129
0.799802
1.0848414
0.87295544
0.9584104
0.8745572
0.88691634
1.0335515
0.94336045
0.90292394
2.037087
0.21865177
2.779386
0.60930574
0.91889983
1.6625011
0.51356006
0.90540373
1.1434228
0.48485106
2.5010157
0.52974105
0.75938106
1.4111698
1.0507162
1.007552
0.7198145
0.7317873
1.948698
0.26419652
2.9201543
0.56332874
1.1863668
0.8744436
1.1358079
0.73406845
0.50450134
1.7340935
0.35403436
1.783036
0.8016007
1.1861014
0.8814602
0.64113873
1.1348931
0.6090333
1.402823
0.28878146
2.6224031
0.42955267
1.4497526
0.46214274
2.3864427
0.6345324
1.7720776
1.008929
0.67307556
2.6867726
0.3425815
1.6305611
0.82652533
1.1652538
1.2988763
0.723949
1.714217
0.6677539
1.0765717
1.1011436
0.67239505
1.174757
1.2637975
0.4683643
1.7801733
0.60024047
0.69519925
1.6690161
0.5258073
0.88705814
1.1884606
0.8293816
0.8060747
1.3571855
0.42403257
1.6779373
0.7787813
1.1042864
0.6073867
1.5604836
0.50833905
1.8120772
0.9332224
0.5958117
1.4754645
0.7125715
0.7929392
0.78729653
1.4308653
0.95730287
0.4622804
0.9172078
1.1944954
0.31843495
1.0440829
0.5654546
1.5659971
1.0687144
0.48384413
1.5096884
0.4172973
1.69677
0.5757072
1.2869503
0.9060274
1.2558217
0.6438256
2.163282
0.5509318
1.7178149
0.7133689
1.3475953
0.57000935
1.6051202
0.5174891
1.5696187
0.99522
0.923087
0.97383624
1.4913154
0.4685135
1.7516285
0.8337772
0.43937373
1.9893335
0.6269908
0.8594347
1.4240046
0.48238838
1.3040801
1.2720549
0.6229992
1.5154581
0.61207145
1.6917398
0.558946
1.2543049
0.4594587
1.7787967
1.022254
0.60820985
1.1247703
0.6352154
1.9936812
0.24624524
2.9211736
0.89141846
0.68149954
1.392659
0.72282696
1.3013784
0.6499612
