1.4328368
1.4940401
1.4968569
1.4515755
1.3281367
1.361335
1.2153893
1.3436127
1.4479556
1.4739387
1.3372228
1.484367
1.4898152
1.5415854
1.5253905
1.5805287
1.4382901
1.2501166
1.34789
1.2633783
1.3630602
1.3686883
1.4317523
1.3651567
1.4257324
1.3500812
1.4184434
1.2507317
1.2027707
1.2797003
1.3682182
1.2173078
1.1620643
1.4610521
1.3798451
1.4931563
1.5529414
1.5497676
1.4577487
1.6009271
1.468195
1.3962628
1.4172599
1.1951028
1.2958198
1.2704576
1.4105811
1.3093308
1.3378782
1.230857
1.4336234
1.827704
1.8576747
1.4531679
1.3013806
1.489218
1.55158
1.4096191
1.2224057
1.4296283
1.4187989
1.4280037
1.4579797
1.3443563
1.2320149
1.258672
1.4850097
1.4672449
1.4322801
1.4082339
1.2030904
1.5749972
1.5359662
1.176211
1.3318727
1.3886956
1.3784623
1.4602168
1.4528346
1.4457352
1.4326994
1.4624727
1.3772492
1.2997661
1.2899467
1.3169522
1.2339423
1.2966723
1.399628
1.5904571
1.3221416
1.3887742
1.1956983
1.399786
1.3504202
1.3393586
1.2528234
1.2326832
1.274663
1.475241
1.4563181
1.4586368
1.306271
1.2440536
1.4819394
1.4878428
1.4975429
1.379233
1.3194511
1.2684696
1.416781
1.4743903
1.2771754
1.4177735
1.3533819
1.3428246
1.5025473
1.1504941
1.2030231
1.2578136
1.4312618
1.452626
1.3796374
1.1887116
1.2154596
1.3132237
1.5445759
1.4565697
1.2975035
1.3596778
1.3706374
1.6318623
1.5888326
1.4070917
1.5519981
1.5510151
1.536812
1.4245386
1.2699604
1.3305503
1.3004279
1.3702686
1.4316994
1.2842824
1.5057466
1.5968674
1.3584951
1.303915
1.2218697
1.2209535
1.4584804
1.3451351
1.3905461
1.7528465
1.6412123
1.359054
1.3987141
1.3059343
1.278292
1.3936899
1.2925317
1.3723427
1.3791578
1.2258829
1.4138029
1.6988219
1.7909881
1.5750355
1.3845735
1.3481917
1.2483282
1.2977649
1.2662435
1.3718705
1.3481029
1.3585024
1.3090006
1.3636403
1.4026988
1.2287961
1.3291271
1.4402765
1.5203046
1.5387163
1.3792759
1.2772247
1.4497681
1.5561521
