1.4994798
0.954404
1.3153819
1.0848131
1.1712745
1.0893375
1.4035884
1.3803704
1.2402568
1.1359315
1.0954071
1.270221
0.956176
1.9039135
0.854941
1.2254615
1.2101264
1.0237839
1.3486748
1.2760847
0.8287372
1.4529629
0.9248648
1.148169
1.3334212
0.99570435
1.3285697
0.9372571
1.2490067
1.2367696
1.1806326
1.2602155
1.0785084
1.2980735
1.0614718
1.255754
1.3390366
1.0009767
1.2861494
1.0202029
1.1837828
1.2879446
0.91918045
1.1840173
1.1199665
0.8758552
1.3559687
0.84339774
1.2331266
1.1237842
0.9696452
1.5061569
0.9996305
1.124152
1.1948627
1.0433161
1.2859423
1.0566125
0.977147
1.2995448
1.048295
1.1290451
1.0966191
1.2331064
1.0821004
1.0964513
1.0261662
0.8905324
1.277692
0.901328
1.3119663
1.0341232
1.101212
1.4554039
1.0415447
0.9998
1.1099142
0.9528557
1.4356842
1.0100108
1.1401589
1.0652783
1.1059673
1.1411474
1.1006839
1.2876492
0.9527252
1.3254231
0.97307575
0.95802313
1.0325898
1.1115239
1.047605
1.2167356
1.0659653
1.198865
0.955886
1.2857375
1.2389853
1.0986406
1.3304207
0.9103445
1.3933134
1.0617169
1.0538329
1.1232524
0.9628581
1.268416
0.92277706
1.3074431
0.8476932
1.3461138
1.076956
1.0624673
0.9635022
1.0856397
1.299861
1.075881
1.22538
1.3206301
1.1420577
0.93043613
1.1491673
0.9685183
1.0232956
1.2351713
1.0569513
1.1423644
1.2642692
1.0836349
0.814693
1.2685723
0.90100455
1.1105151
0.91768456
1.133898
0.9152432
1.0675983
1.0850755
1.0660555
0.95155543
1.043306
1.1059558
1.0694234
1.0195887
1.0261489
1.0520284
1.1614972
0.976941
0.9843161
1.2694412
1.0124264
1.2228701
1.052737
1.0098071
1.1156656
1.0407112
1.0449842
1.1742216
0.95762867
1.1936065
0.9517258
1.061137
1.0914121
0.8812543
1.2394358
0.9699356
1.3104167
1.0970166
1.172231
0.953416
1.0494683
1.0240927
1.0282397
1.0536039
1.1265309
1.1166523
1.0300554
1.224047
0.8707458
1.274309
1.0081257
1.0502977
1.0089074
1.1709602
0.9728919
1.0926521
1.0004833
