1.1181283
1.2457778
1.059608
0.9956681
1.0902088
1.1354935
1.3368819
1.3216655
1.4300232
1.3661118
1.5580461
1.293877
1.1794009
0.9827993
1.2036345
1.1800454
1.1849259
1.2237828
1.2361153
1.2508036
1.2820065
1.315063
1.14108
1.1528503
1.1786851
1.2344773
1.195895
1.0570886
1.0173297
1.1273117
1.0320914
1.2238326
1.4482758
1.2789721
1.1523808
1.1443346
1.2866862
1.2146366
1.198722
1.094598
1.1836767
1.1810857
1.319663
1.0696274
1.224377
1.1935556
1.2499026
1.1782945
1.1902775
1.0709425
1.1560373
1.2280972
1.3162639
1.4452162
1.2108264
1.2014694
1.2893364
1.4942591
1.584464
1.3617578
1.1979446
1.0880482
1.2622706
1.2328413
1.0785186
1.2377977
1.3103224
1.3179393
1.1838388
0.9863529
1.0694582
1.1956625
1.4307691
1.30529
1.2451367
1.2950578
1.042448
1.1368858
1.1988983
1.2107167
1.5474277
1.8984265
1.4301739
1.0212092
1.0976887
1.4032266
1.0661663
1.3198001
1.1418463
1.304667
1.2405108
1.1008499
1.1144067
1.1583188
1.1992718
1.2468903
1.0543483
1.184681
0.9852234
1.0124459
1.1629381
1.0647209
1.2016141
1.2149203
1.3725338
1.630383
1.5769172
1.691966
1.7883197
1.1723266
1.1696568
1.4108503
1.324489
1.1073493
1.3250608
1.1374205
1.3792701
1.2052704
1.0524442
1.1628708
1.2641325
1.1302135
1.2594278
1.242497
1.0189922
1.1294546
1.4249052
1.2116525
1.1213671
1.3058512
1.0810089
1.251379
1.2210054
1.3145326
1.2822664
1.2472827
1.1741475
1.039321
1.2617171
1.2440273
1.3851311
1.2724843
1.088915
1.2199008
1.2094862
1.298737
1.4036212
1.1909986
1.0571978
1.1224035
1.2494506
1.1175756
0.996647
1.2432835
1.2660522
1.0065788
1.1699243
1.221897
1.1401832
1.1471765
1.1836611
1.3087534
1.0973884
1.2654535
1.3365991
1.1075326
1.2023433
1.1600995
1.2239871
1.2137511
1.2736582
1.2033856
1.2455258
1.2540319
1.1767644
1.3596026
1.2380065
1.3259413
0.97991645
1.0549793
1.1923589
1.2517279
1.2482779
1.2631996
1.3623722
1.1538817
1.2634974
1.6463897
