0.99390495
0.753005
0.53561556
0.6859248
0.7364943
0.36972976
0.7154901
0.37866744
0.4915246
0.5460541
0.61950165
0.50321186
0.36263868
0.45702237
0.61958253
0.51145923
0.4999593
0.68039817
0.7535561
0.61227137
0.47097388
0.7057626
0.58967286
0.7465952
1.5970898
2.0557885
2.864203
0.5740379
1.013041
0.88852274
0.82283425
0.5770216
0.58557045
0.8872696
1.4854231
0.8916371
0.55592054
0.41034532
0.39905784
0.6164509
0.5378473
0.6416321
0.49842528
0.45815408
0.5491177
0.68960834
0.53165245
0.5755174
0.7054948
0.50583816
0.42232904
0.8600483
0.8741898
0.80907893
0.55257887
0.4759553
0.7069224
0.47305053
0.4824872
0.7616425
0.33633712
0.55892986
0.7491777
0.62279975
0.7861161
0.7089925
0.5868446
0.73989403
0.31678897
0.93717176
1.1084691
1.0139538
0.78157014
0.8061632
0.6291549
0.7129676
0.61910117
0.43661737
0.6864086
0.4547125
0.8970339
1.1982425
0.8277284
0.517771
0.63635695
0.57213247
0.5563569
0.819322
0.958212
0.5595231
0.47422308
0.8245223
0.4384568
0.64852554
0.8374901
1.1566265
0.99186665
0.8068051
0.46550387
0.48092377
0.5064979
0.61179215
0.58740824
0.719139
0.68194526
0.73140407
1.1168574
0.99197733
0.8722888
0.49402845
0.58019197
0.6669653
0.4483878
0.5524643
0.73336565
0.85950506
0.97356594
0.62782365
0.6813853
0.49467346
0.7170787
0.43216345
0.34567577
0.55295146
0.38360658
0.39248836
0.690927
0.6718243
0.40383306
0.5549145
0.6613791
0.89682496
0.78982717
0.27607378
0.42600024
0.56453675
0.6788682
0.52276075
0.6044254
0.7359998
0.50535154
0.58240604
1.1794263
1.4150486
0.48164806
0.7392306
0.9731665
1.1268214
0.8506759
0.5220426
0.5599651
0.5972476
0.9000519
0.5634308
0.7642677
0.7102932
0.5436927
0.8116844
0.50339603
0.7246368
0.71606547
0.5216404
0.777651
0.8905238
0.588549
0.61226714
0.6108312
0.4382019
0.51955813
0.69453806
0.56680393
0.66064525
0.78066254
0.9272982
0.94002247
0.5157496
0.59172165
0.5128118
0.48847246
0.62681353
0.8768178
0.6037682
0.42285842
0.5876465
0.5782899
0.80265665
1.3380857
1.1469033
