1.4612963
0.40750444
1.29266
0.7696712
0.86417085
0.8679522
1.051038
0.8472034
0.713974
1.1623131
0.8022271
0.68092513
1.2453328
0.66236436
0.9165215
0.70364285
1.0907977
0.8282598
0.67588675
1.3714108
0.49375948
0.92548186
0.92632455
0.6743009
1.0204544
0.9268075
0.6753173
0.9496981
1.1310123
0.5144509
1.3381689
0.5725305
0.9464145
0.917742
0.8099793
0.6747603
1.5960956
0.42902613
1.0095932
0.7835485
0.726028
1.0130001
0.79956865
1.014192
0.73424476
1.1016697
0.58468246
1.7743176
0.501931
0.9930706
0.88220316
0.6375054
1.2537141
0.6661417
0.907911
0.868627
0.6574763
1.0320994
0.8313843
0.86388075
0.8583657
1.0120904
0.748799
0.8969239
0.9533685
0.85142344
0.6800055
1.1575809
0.5047687
1.4846917
0.69073576
0.7249452
0.80154014
0.98900604
1.0103515
0.4922763
1.4906522
0.52415264
1.0855464
0.8939501
0.5566573
1.3993145
0.8600819
0.7537459
1.061125
0.8411463
0.8057182
0.84779894
1.2458593
0.54295343
1.2807322
0.69654924
1.1704903
0.6477395
0.877352
0.91888666
0.7533361
1.2153002
0.46818984
1.2134597
0.7831827
0.78621197
0.9109624
0.933365
0.7056804
1.022485
0.7060175
0.88611484
0.8176742
0.9534228
0.6518852
1.428658
0.6972971
0.94820476
0.73369384
1.0900861
0.6787871
1.1526375
0.7446306
1.1183199
0.64481694
1.2431529
0.59949
1.3642728
0.7819988
0.9751396
0.73349816
1.3084927
0.56138605
1.1288168
0.74181616
0.7112405
1.4031063
0.5937181
1.2877287
0.60421187
1.2754328
0.736142
0.9223958
0.9285328
0.91434884
0.8477198
0.91316426
0.8113544
0.9044634
0.9342137
0.59349406
1.4149239
0.4819318
1.4040246
0.72176486
0.99679893
0.8627011
0.84676325
1.1929369
0.7247742
1.2775354
0.8676796
0.75970995
1.1823201
0.77129525
0.6596136
1.6007369
0.46737093
1.1099256
0.7749702
1.0381038
0.7878815
0.93655026
0.79718304
1.3164783
0.62009025
0.7854186
0.9882568
0.91056955
0.6218997
1.0561571
0.652144
1.0433741
0.88949525
0.8641666
1.0221479
0.5331778
1.6524738
0.43624812
1.0087223
0.98800296
0.5041547
