1.3006742
1.1408279
0.9752291
0.9634659
1.3458337
0.86539805
0.6207465
1.7051626
0.8993399
0.6101254
1.6954756
1.4381543
1.0040066
0.82222915
2.6774197
0.29937577
2.262686
1.140619
0.5403508
2.3257213
1.459513
0.5713196
0.7818893
2.1510694
0.8404606
0.9468799
1.3268255
1.2547784
0.83004165
1.2454648
2.1228719
0.89721286
1.0095458
1.5459688
1.1574767
0.7253411
1.042872
0.61050063
2.8102508
0.54805756
0.6841129
2.1495252
0.741345
0.69337994
4.126048
0.37492672
1.48911
2.060453
0.5298766
2.0035896
0.4082266
2.226781
0.94221294
1.388137
0.5688906
1.4972427
0.41574922
2.2195225
0.3938412
1.627048
1.2724655
0.67736465
1.4736404
1.6928352
0.67521024
0.9790386
0.895134
1.0894632
1.2774103
1.2030132
0.30877462
7.3945274
0.2582607
5.4992123
0.5626421
4.713648
0.13787442
6.9198136
0.39167127
1.7134216
0.87810206
2.9360535
0.26665425
1.607486
2.1556947
0.34536356
3.5227222
0.7394463
0.9194343
2.4259286
0.8886041
0.8120464
3.571785
1.1002742
0.60257065
1.4401351
1.1946473
1.3267055
0.44855416
2.171642
0.90442765
0.87706196
0.38425773
1.9633353
1.781373
0.5784277
0.75736916
1.4742782
1.4179695
1.2667031
0.69891393
3.5176034
0.70765364
0.9031609
2.6623945
0.77615273
1.4385986
1.9740286
0.71170354
1.0954672
1.6850488
0.80207753
0.64741695
1.4863193
1.1654336
0.585065
0.5659683
2.3695788
0.78168607
0.634302
5.2646656
0.30155373
2.0681462
2.3722339
0.2913298
2.9565592
1.9843705
0.38643026
1.1505927
3.1791863
0.6283008
1.4208553
1.8063397
1.0070882
0.5881145
1.3257833
1.9841772
0.6694695
0.7659646
1.2687193
1.0247337
0.71357906
1.3550668
1.3893967
0.2906304
2.9881892
1.8995492
0.2869951
3.5720832
0.9426099
0.740945
0.8956966
1.1554043
1.3797952
0.6645263
1.4562927
1.8551625
0.54138124
1.695894
1.6530051
0.83004415
0.7008995
0.79970586
2.0017285
0.9193003
0.7609459
3.3672397
0.24229033
2.8011231
1.1505939
0.49486884
1.7616762
1.5219989
0.53296304
1.1089728
1.1866238
1.0356555
1.315615
