1.8969173
2.0531049
2.048204
2.0003912
1.8957609
2.0225863
1.8975621
1.9038926
1.9021739
1.9642959
2.0849762
1.9960748
2.0165234
2.0460858
2.2211437
2.055172
1.9931378
1.9487102
1.9602125
1.7949921
2.015862
2.108059
2.1138403
2.0079973
1.9138373
1.98423
2.0077765
2.1674504
2.087298
1.9531513
1.848122
2.0613337
2.016853
2.0202785
1.9653386
1.87677
1.9306445
2.0020325
2.0025053
2.021167
1.9970226
1.8987621
1.999696
2.2136407
2.06121
1.9025161
1.9699103
2.1117878
2.0127563
1.9838438
1.9510933
1.901797
1.9662107
1.9172192
1.9101291
1.9363824
1.8508167
1.9910653
2.089573
1.9791796
1.9236549
1.8844459
2.0092404
1.7883344
1.9234359
1.9618373
1.9836046
2.151569
2.1040545
2.0620627
2.152442
2.116941
1.9710236
2.0315588
1.9350911
1.9719967
2.0494852
2.0216122
2.0707927
1.979743
1.9637203
2.0933225
1.9600673
1.9276707
1.9296049
1.8356073
1.9136852
1.8944108
2.0687308
2.1383572
2.0907464
2.0185857
1.9408067
2.0404687
1.9271462
1.9690453
2.0316453
1.985054
1.9557219
1.9174732
1.9150147
1.9580289
2.057022
1.9869707
1.9909959
2.0136247
2.0120435
1.9044976
1.9939368
2.003264
1.9988332
1.9918
1.9249415
2.0381799
1.9848076
1.9874018
1.944033
1.8803294
1.9671425
1.8489453
1.9356357
2.0863225
1.9658835
2.0424905
2.1158605
2.127653
2.0917175
1.9748459
1.9608775
2.0174787
2.0748732
2.1095161
2.1113284
1.998966
2.0839636
2.0660791
1.9900124
1.9869969
1.7833664
1.9048101
2.0552588
1.9038699
1.9219127
1.8184851
1.8768637
1.9369035
1.9851856
2.0204976
1.9794539
1.9812152
1.9509686
1.943385
1.9439383
1.8853807
1.8011563
1.913019
1.9091017
1.9580997
1.9374523
1.9288688
1.9893067
1.9560882
1.8916165
2.030707
2.0946796
1.9984376
1.9265457
1.9586093
1.9055469
1.9266639
1.955158
1.8777549
2.028512
1.9569273
2.000422
1.9618583
1.8648131
1.8062755
1.9188495
1.8905194
2.004744
1.944764
1.9471033
1.8856223
1.9486942
1.9311594
1.8790308
1.9481504
