0.23887342
0.16742854
0.22096094
0.40069097
0.31571487
0.36850482
0.26563254
0.29915982
0.37085178
0.22987953
0.80509186
1.0902091
0.23934427
0.21060322
0.41764006
0.42588478
0.35494667
0.3208844
0.256464
0.28888977
0.23712346
0.25217637
0.21713407
0.23400742
0.20788795
0.30304974
0.32366168
0.15800425
0.32347387
0.19684817
0.23087582
0.33151639
0.3127734
0.25360346
0.2377677
0.36655748
0.36368713
0.31219894
0.22815184
0.26733667
0.22541454
0.23406687
0.44583637
0.43616867
0.30136132
0.21814047
0.30572546
0.290059
0.1680758
0.1727194
0.24103644
0.3864912
0.26907447
0.17123678
0.27657086
0.20146337
0.20430599
0.41029128
0.3425429
0.4839049
0.32926202
0.13964614
0.22725886
0.16609462
0.20109521
0.22892162
0.31027186
0.34548
0.17034724
0.11436981
0.15303186
0.32131517
0.1777595
0.18236023
0.20570303
0.33090374
0.17883718
0.6704249
0.51980805
0.3215192
0.6302407
0.23865129
0.4609071
0.7992647
0.4472778
0.2211955
0.39751062
0.29197997
0.41398728
0.28201896
0.287637
0.30573326
0.2896096
0.13607846
0.29576987
0.4156943
0.3071668
0.24642389
0.55842036
0.30534506
0.24952877
0.18792965
0.19038087
0.20514989
0.3082437
0.37748766
0.22312152
0.1403684
0.44312772
0.34235436
0.18802997
0.35553956
0.5486241
1.6126832
0.37529922
0.32546794
0.7188926
0.40388584
0.25523877
0.29023805
0.19890498
0.3878421
0.38855922
0.29657805
0.781307
1.0100436
0.2415644
0.4352064
0.7281825
0.29869542
0.6652019
1.4535788
0.37104332
0.35129458
0.5331826
0.38998473
0.44823048
0.22606808
0.5621911
0.6631645
0.24208902
0.32316107
0.38902202
0.31526288
0.41184777
0.38294905
0.23140189
0.21479417
0.17430764
0.41719845
0.48994553
0.40921816
0.32194763
0.31363457
0.2886657
0.2977653
0.2979101
0.16032243
0.45010316
0.51154447
0.7660048
0.32077628
0.22757888
0.30382288
0.16247511
0.24151367
0.25750613
0.18121946
0.3292837
0.30382755
0.16046676
0.30137995
0.43934065
0.21465348
0.296571
0.27561945
0.32533908
0.23476434
0.2183801
0.3121297
0.4212831
0.30271202
0.21179956
0.21993883
0.2618423
0.20180663
0.19612314
0.28821233
