1.3181744
1.3387883
1.207216
1.5333135
1.7309606
1.7125697
1.4203756
1.2460635
1.2886713
1.4958626
1.2825248
1.4128065
1.5612159
1.3213342
1.4201589
1.501055
1.7240336
1.5048498
1.5087271
1.4461256
1.4041466
1.3633838
1.44496
1.2785921
1.4249443
1.3936565
1.328814
1.3542727
1.133991
1.2981131
1.2991511
1.314043
1.3105141
1.5406297
1.3820715
1.3340552
1.3988389
1.479579
1.5835767
1.3614895
1.47227
1.2570438
1.5215265
1.2392879
1.3892536
1.1671159
1.3331785
1.7033281
1.7931926
1.450432
1.3560728
1.5742319
1.6134334
1.3918507
1.3176948
1.2959616
1.2030363
1.4446014
1.512171
1.3197743
1.3940825
1.3394593
1.4149731
1.5192981
1.2239816
1.4397159
1.4288768
1.736645
1.6107886
1.424689
1.2987164
1.416509
1.3710263
1.3002715
1.3323971
1.5798123
1.5094111
1.3740399
1.414039
1.4764389
1.4635246
1.4433442
1.3212714
1.2792397
1.4652412
1.4872861
1.4179678
1.3241222
1.4133902
1.6529968
1.3655605
1.3102555
1.3869992
1.3205144
1.3547375
1.3989298
1.2329826
1.4463472
1.4386175
1.4586922
1.2849991
1.3936291
1.4050794
1.3113248
1.3598893
1.4378686
1.2817023
1.3380406
1.2311759
1.2995169
1.4764533
1.3978157
1.3053472
1.3558029
1.4747212
1.3797445
1.456342
1.2581724
1.2157046
1.2844515
1.218021
1.2912245
1.343623
1.3017958
1.2381189
1.4124508
1.3557231
1.3760092
1.280144
1.3172188
1.4360228
1.488521
1.2570226
1.5048766
1.4854444
1.378252
1.3066573
1.2828896
1.3176985
1.2143232
1.2576637
1.553695
1.4950383
1.4061053
1.333629
1.5261072
1.4813317
1.303637
1.2758324
1.4752078
1.3848028
1.3208733
1.1600542
1.1496212
1.3449539
1.276099
1.3546286
1.3354301
1.3985332
1.4657078
1.3635597
1.5234869
1.4083457
1.1890388
1.2937534
1.4424094
1.310549
1.531603
1.6755118
1.2617671
1.2354007
1.4677246
1.5070238
1.3395529
1.4945953
1.437665
1.6160336
1.3783863
1.4033504
1.352848
1.4502752
1.4755619
1.5440323
1.6417098
1.4256411
1.3087618
1.2323215
1.5465086
