1.2491041
0.6979024
1.1985662
0.7301522
1.2570748
0.5602986
0.94513965
0.97018516
0.6205001
1.1167965
0.7542746
0.80848825
0.91335124
0.7162225
0.9788726
0.53627133
1.9888488
0.59576416
0.82977116
1.0603957
0.5703269
0.86157227
0.9319119
0.8811358
0.8531535
0.8776711
0.95119095
0.82086074
1.0475351
0.85581523
0.8785316
0.9181333
1.0091553
0.7851835
1.2585604
0.36746746
2.1663465
0.674551
0.7253122
0.88137996
0.7508509
0.76310045
0.85659194
0.8445727
0.84454894
0.9754293
0.7483076
1.278745
0.6821352
1.1035094
0.7331337
0.8020634
0.9135333
0.6536091
0.9526719
0.6724613
1.4776007
0.52189595
1.392364
0.7150336
0.7220994
0.97200745
0.6433705
1.0881296
0.90667635
0.8266484
0.7127733
1.4782284
0.60376006
0.83528554
1.0782003
0.726164
0.92325544
0.8378753
0.91595423
0.7814054
0.9147917
0.91900086
0.89699316
0.81715083
0.8754171
0.90745723
0.8368022
0.732941
1.2022784
0.70575
0.84817624
0.74206984
1.3319575
0.6406114
1.0352488
0.79587144
0.8424698
0.8467548
0.69832677
1.0165502
0.6605156
0.97754
0.7226789
0.6554942
1.3386116
0.5014211
0.9761825
1.122623
0.63479316
1.0011044
0.74566525
0.92435086
0.8595363
0.7956382
0.84225684
1.3304224
0.6273869
1.4293854
0.556517
0.96184283
1.0449945
0.67430055
1.2444845
0.76230854
0.81163573
1.0579412
0.65629506
0.99268436
0.9060115
0.6884378
0.9158264
0.8360037
1.0125332
0.78380775
0.93055964
0.60824084
1.2289162
0.54262936
0.93207836
1.0873749
0.47465008
1.487514
0.47636133
1.5134639
0.55130535
1.5377467
0.63215697
1.0104394
0.8130218
0.8404516
0.94408953
0.8086701
0.9899616
0.6525532
1.0571901
0.91086674
0.67613757
0.9945048
0.72681487
0.9553782
0.7628864
1.1350367
0.5222065
1.2098987
0.7423978
0.8058123
1.0091087
0.9816718
0.45044327
1.4207639
0.6155085
0.9267479
0.9245379
0.762762
1.0360475
1.2029946
0.6055969
1.2332746
0.8805877
0.6582358
1.2882875
0.5417311
1.1440115
0.79347324
1.0427866
0.9315206
0.8779038
0.8034058
0.95792335
0.6267107
1.298584
0.51063746
