1.572342
1.6555598
1.648067
1.6594181
1.7769364
1.7044628
1.6004827
1.640723
1.6699104
1.550251
1.5791495
1.6649547
1.4724476
1.5638192
1.6499592
1.6253684
1.6648802
1.6061411
1.6470895
1.7067595
1.6723385
1.6723353
1.5788163
1.6263428
1.6355941
1.6635787
1.8281553
1.8840783
1.659023
1.6646938
1.62271
1.5270864
1.5701475
1.6042625
1.6898222
1.6923908
1.7051982
1.7521999
1.8135254
1.866674
1.7357957
1.5936925
1.640233
1.724287
1.7240417
1.7191087
1.7988647
1.7577724
1.6953375
1.705318
1.6240551
1.612922
1.5349578
1.6435772
1.6588871
1.5992053
1.6175754
1.6753778
1.7722391
1.74111
1.6820748
1.596159
1.656254
1.5058117
1.7153255
1.7760885
1.6754109
1.7366419
1.7596722
1.6010532
1.6321127
1.6288147
1.7641674
1.6739421
1.6114361
1.6312473
1.7781057
1.7378461
1.5798318
1.5734272
1.6169133
1.6468594
1.6183757
1.6870083
1.7433329
1.6024293
1.6724004
1.6486303
1.5927716
1.8041303
1.7790695
1.6677148
1.7198114
1.7689741
1.6320691
1.5878434
1.7526063
1.7844636
1.6577916
1.7345777
1.6742935
1.8403192
1.7044531
1.5932529
1.609149
1.6524563
1.7291095
1.689265
1.7104849
1.5977554
1.5870845
1.7087724
1.6977282
1.6297628
1.6489389
1.7043222
1.6621573
1.7174461
1.6667418
1.6472765
1.5812559
1.6057253
1.7699344
1.7348393
1.641243
1.5640038
1.6895247
1.6048887
1.6134228
1.7102172
1.7549853
1.8195992
1.5505803
1.6816578
1.7617817
1.6880021
1.6272068
1.7128688
1.5878649
1.6466951
1.6085455
1.6027873
1.5726285
1.4621294
1.616592
1.5792241
1.5968132
1.5580195
1.6490014
1.6638529
1.7294948
1.6819162
1.5614462
1.6161224
1.7116445
1.7139769
1.6490535
1.580866
1.6986232
1.7667719
1.6295674
1.7667019
1.6851015
1.6038383
1.7531757
1.7257552
1.6375831
1.5747344
1.7016578
1.6817786
1.5320624
1.6223897
1.623205
1.6519141
1.7611785
2.0788383
2.0176091
1.5604513
1.6575885
1.653222
1.5680718
1.5966825
1.456477
1.5642825
1.622359
1.5595162
1.5535161
1.6774849
