1.4171383
1.2450548
0.97669905
1.1015354
1.1480484
1.1591522
1.2909336
1.1525724
1.1470896
1.2516599
1.7625287
1.2054759
1.1572897
1.591403
2.4181795
1.4642128
1.3787317
1.4070799
1.3449285
0.9546498
1.1407709
1.2504091
1.1825706
1.1825309
1.1302938
1.1543534
1.0123872
0.99796283
1.0306754
1.1090553
1.2326679
1.2441875
1.1507998
0.9907681
1.1213791
1.0397109
1.2487292
1.3625351
1.3805207
1.5014995
1.154544
1.1557932
1.3384887
0.97741127
1.2735064
1.0261719
1.0828855
1.3444552
1.3726959
1.4427751
1.5744319
1.4597964
1.0613154
1.0548695
1.3144902
1.2186693
1.2887617
1.6195766
1.2796154
1.176435
0.9553505
1.0549372
1.1717601
1.1260159
1.0377762
1.1839507
1.217485
1.326036
1.1148295
1.0019464
1.0309747
1.083048
1.3808978
1.0844188
1.0676216
1.0598576
1.1117831
1.3869045
1.3663031
1.1612607
1.2529081
1.2846986
1.5723448
1.272958
1.1218419
1.1711874
1.0684991
1.2080193
1.2188659
1.267473
1.5637287
1.1669815
0.9547965
1.1601732
1.1123348
0.94409704
0.9134135
0.9978296
0.8542042
1.006481
1.109434
1.1043383
1.2194105
1.1159537
1.2570541
1.5984828
1.5752189
1.3041089
1.1701801
1.001495
1.3436146
1.367665
1.2073761
0.98885286
1.2090652
1.0686834
1.2737912
1.3199818
0.9476565
1.1475699
1.1955959
1.2738724
1.264281
1.0480789
1.220828
1.1937965
1.4184692
1.4259713
1.5585752
1.4637461
1.0685372
1.295913
1.375327
0.9235605
1.1468308
1.2480236
0.99901354
1.2304249
1.221235
1.2325721
1.3757628
1.4348058
1.4159493
1.3711468
1.1978428
1.2058475
0.9424314
1.1999438
1.0666276
1.0528169
1.0783508
1.1780007
0.97971845
1.1592543
1.1951272
1.0971953
1.0524489
1.2257134
1.3122429
1.4779143
1.3249639
1.1616033
1.1226548
1.1153047
1.2222552
1.3831673
1.1003878
1.0824596
1.2629269
1.1692648
1.257364
1.3605201
1.4290351
1.5901573
0.9551141
1.0970062
1.271681
1.4079998
1.2751901
1.1350486
1.1891166
1.0290704
1.2581975
1.1698191
1.1059422
1.086936
1.085805
1.2176963
