1.5362637
1.5630481
1.4242514
1.3757002
1.5991883
1.6277654
1.5630198
1.3152336
1.4807131
1.5988362
1.4336507
1.4529352
1.424557
1.4938753
1.475672
1.4353817
1.6684875
1.70663
1.4684579
1.4389331
1.5132518
1.5138265
1.4739985
1.4541235
1.4681277
1.3605411
1.3310483
1.4346421
1.5690598
1.5210689
1.5268098
1.3648847
1.3486817
1.3555357
1.4935701
1.5911314
1.9246807
1.9880242
1.5240551
1.3612609
1.4451432
1.5859866
1.6400411
1.452337
1.4865534
1.3600231
1.4763207
1.3952098
1.3728174
1.4043031
1.3111722
1.457268
1.4264014
1.5300027
1.700151
1.5766416
1.6267607
1.5791657
1.6254854
1.6047118
1.4823995
1.3604027
1.4757209
1.4299724
1.4018934
1.4119354
1.4023304
1.5477538
1.6370785
1.5313795
1.3133684
1.4784155
1.5472012
1.456298
1.3810445
1.6302656
1.3229141
1.6051567
1.437015
1.4361019
1.5165393
1.5349224
1.4713842
1.4710641
1.5740416
1.5679624
1.4638374
1.4118065
1.4952198
1.5473938
1.4979582
1.3938162
1.4420428
1.3854532
1.4066397
1.3568377
1.410312
1.5548997
1.5277073
1.4936364
1.5045314
1.535579
1.4246725
1.4311982
1.616209
1.5124528
1.6921957
1.45699
1.4109507
1.4477198
1.4448259
1.5898893
1.4241729
1.4989777
1.5649997
1.5395639
1.4190729
1.4403949
1.4037517
1.4113004
1.5046353
1.479069
1.4890213
1.439594
1.4744244
1.3915541
1.403512
1.4620664
1.3709421
1.4856027
1.4471903
1.6771382
1.5021937
1.524847
1.4367776
1.4148983
1.5564884
1.6347959
1.680893
1.5546348
1.4770415
1.5854871
1.5747938
1.4669039
1.4132094
1.405862
1.3871067
1.354002
1.4433765
1.384656
1.3591098
1.3838584
1.4514219
1.3452969
1.4917176
1.428307
1.4212239
1.447504
1.5553805
1.3891872
1.3844465
1.3906587
1.3982804
1.4148407
1.5864948
1.5766065
1.4668765
1.4191873
1.515125
1.451222
1.4476559
1.3790948
1.4403805
1.466917
1.2814744
1.6023811
1.6161677
1.762692
1.6619258
1.433687
1.4121608
1.2988954
1.4247367
1.449549
1.5032613
1.5073767
1.4211425
1.6090527
