1.1835911
0.57901704
1.3704526
0.65431577
0.9724402
0.8179738
0.88157314
1.035073
0.7313983
1.0289052
0.9636905
0.781699
0.8384751
0.96735066
0.6025813
0.8107548
1.2082365
0.5968106
1.2716236
0.7824171
0.6322069
1.450326
0.43054226
1.7195265
0.6074045
0.95568466
0.7236006
0.8790997
0.9442205
0.60201156
1.167371
0.65730405
1.0463856
0.61373997
0.970155
0.61407506
1.223526
0.5980216
1.4438629
0.67492616
0.7771292
1.5154033
0.5171623
1.7909135
0.52855545
0.90759873
0.89889634
0.8841947
0.8891956
0.9242197
0.815444
0.7010162
1.056749
0.7559187
1.0005133
0.6330464
1.316922
0.5549716
1.2616754
0.7819745
0.852679
0.9228637
0.8117815
1.1069818
0.5665173
1.5029559
0.3278298
1.1991248
0.9450008
0.6180583
1.1395328
0.97757655
0.59665596
1.214483
0.7593549
0.68875295
1.1636987
0.54112875
1.326597
0.7356465
0.6388491
1.2779119
0.8259647
0.98800606
0.82825685
1.1160595
0.634503
0.84832776
1.4145206
0.49148053
1.1768796
0.90350294
0.8058994
0.95404243
0.73379886
1.0414147
0.7747261
0.86415154
0.93004346
0.85406595
1.0433931
0.6048148
1.1235017
0.7812667
0.8069648
0.8763217
0.8398366
0.90757596
0.7761708
0.83185387
0.8898038
0.79161894
1.3953537
0.51097727
1.2480915
0.6410501
1.3048728
0.8278912
1.116643
0.60334206
1.2412318
0.6614908
1.1628685
0.6619329
1.0295484
0.87941366
0.6673854
1.0782666
0.6398566
1.5742157
0.35855365
0.98260295
1.5124962
0.34837142
1.3818996
0.75751376
0.72985166
1.1323884
0.67717195
1.368526
0.66411257
0.9495167
1.393811
0.59249306
0.89419717
0.78344727
0.8733683
0.796922
0.93823826
0.88768005
1.2594326
0.47038293
1.8733865
0.32293975
1.2989402
0.8647585
0.71168685
1.3990264
0.48579586
1.1478109
0.9527402
0.78955054
1.2922672
0.7037567
0.77852243
1.1197135
0.9357362
0.634775
1.1805608
0.6645855
1.2128584
0.608402
0.8813142
0.9011346
1.039954
0.6073678
1.3158175
0.5955721
0.87748086
0.8213137
0.905431
0.87832195
0.84675556
0.88321614
0.80581236
0.8971524
0.9750205
0.6808205
