1.6758411
1.626312
1.3204165
1.2738457
1.3551178
1.2434859
1.4065498
1.3550613
1.3593825
1.410639
1.3468561
1.2192886
1.2603692
1.3587658
1.5712764
1.4603341
1.5193725
1.3671863
1.3916613
1.2935386
1.2828884
1.4742963
1.6529982
1.3862724
1.385365
1.3351591
1.2652811
1.3717558
1.3832647
1.4001591
1.4265752
1.3981175
1.3244021
1.3109653
1.3970451
1.6640203
1.8436214
1.964017
1.3958384
1.3270465
1.3171774
1.3669815
1.4034638
1.3090831
1.462914
1.2852367
1.6298763
1.4935195
1.479317
1.2137804
1.4266415
1.5719062
1.4922752
1.6801032
1.5465357
1.5223439
1.6255004
1.9037247
1.55107
1.3908124
1.4722302
1.5227159
1.5528286
1.5123026
1.5689633
1.5102488
1.4995489
1.4579144
1.4393516
1.459765
1.4218055
1.4057994
1.4629701
1.391531
1.3649001
1.4430951
1.4568119
1.5077149
1.4418755
1.2847555
1.5474188
1.5955042
1.426883
1.374573
1.3977895
1.4337949
1.4435863
1.3838625
1.2676728
1.4570324
1.3316481
1.238797
1.2046137
1.2838284
1.5282218
1.4826438
1.2862048
1.4611981
1.6599841
1.7097391
1.6374276
1.3303137
1.4786301
1.6225195
1.7758634
1.379298
1.4347286
1.4212859
1.4830387
1.3699579
1.409793
1.3899341
1.3187406
1.4251313
1.4887829
1.5159689
1.3589249
1.4207397
1.2063918
1.3264046
1.3702421
1.3390207
1.3949602
1.3472998
1.2832527
1.378192
1.4974728
1.4815575
1.4606049
1.3776517
1.4178365
1.5653911
1.3969413
1.4312782
1.4888909
1.6922116
1.5208819
1.4825275
1.3175106
1.3695989
1.407161
1.6084721
1.5177871
1.2579157
1.2394474
1.3050966
1.3084266
1.1820691
1.5657883
1.6944172
1.4421504
1.303334
1.272955
1.4307911
1.4821583
1.4019252
1.443723
1.538093
1.5120751
1.43497
1.4334557
1.3845365
1.4067855
1.2191458
1.5160637
1.3692585
1.3245395
1.3318264
1.4145136
1.3770461
1.3843939
1.292007
1.4151752
1.452311
1.5386933
1.7411113
1.6069348
1.3272403
1.4923594
1.5934694
1.7477102
1.4129074
1.2997873
1.4226373
1.4209962
1.4495517
1.4579685
1.7282904
