0.89079976
0.6208722
0.9949151
0.73198324
0.8982631
0.6466801
1.8975334
0.7609849
0.71234226
0.43879798
1.5488476
1.4610193
0.79767245
0.28030798
1.2344134
0.87877476
0.653003
1.3115947
0.39118996
1.6976658
1.3444513
0.28066897
1.235476
1.4696691
0.3520468
1.6916461
0.94979465
1.2717861
0.4927169
0.7195383
2.222297
1.2945642
0.15918514
2.001187
1.3729713
0.2526585
1.1063088
1.2390385
1.696559
0.45083413
0.75355333
1.478171
1.1840194
0.41221428
1.9626681
0.7536733
0.6312749
1.3094356
0.565197
1.4822425
0.9351275
0.7207053
0.8420999
0.9148299
0.813216
1.1275585
0.60565996
1.0923798
1.2637974
0.7283119
0.9631415
1.3666891
0.6756972
1.421205
1.292598
0.7207236
1.7167807
0.17770255
6.986642
2.5886734
0.5999623
2.3387935
0.6827085
1.0735533
1.2638103
0.8191359
0.41249147
3.0072927
1.104929
0.28164595
1.6797897
1.2653465
1.1150718
0.8755679
1.1651212
0.9914458
1.01338
1.2183719
1.4728608
0.43581545
5.585348
0.896762
0.519789
3.6587572
0.3545016
2.3701658
2.8049302
0.37238938
1.6824403
1.9008988
0.93154866
0.3820706
0.92004156
0.4734664
1.0123707
1.434365
0.7947592
0.60190547
0.631215
2.3821335
0.44921583
2.0417705
1.1951184
0.9497888
0.6725478
2.396552
1.486421
0.69023937
0.7313054
2.451147
1.1972218
0.83328545
1.3463832
1.3386875
0.813954
1.4137263
1.2087722
0.7275516
1.5148084
0.9199282
0.48734725
0.49371696
2.5426729
1.2163206
0.5791227
0.7213161
1.2021849
1.5383818
0.78319347
2.5281463
0.5231136
0.91116476
1.796017
0.80212575
0.9959025
0.70781964
1.6018994
0.84021497
0.82257575
1.4580619
0.45450675
2.4553869
1.4293761
0.54827833
0.6137374
1.9388124
0.6239991
0.424815
1.3732611
1.4009326
0.6873869
0.86506057
0.488215
1.801919
0.89293706
0.47328085
2.253932
2.0780325
0.17486803
4.2338214
1.1522336
0.7735462
1.5340761
1.1935189
1.3643972
0.7642796
0.8574557
2.2649505
0.88964045
0.26855153
4.1378155
1.7217162
0.5263954
1.3430321
0.75923234
1.2233832
0.8895631
0.27386722
