1.3421391
1.0408106
0.6232207
0.73180556
0.85552555
0.7042042
1.1698775
1.3290235
0.9178289
1.0183194
0.8151418
0.6033294
0.7915736
0.821366
0.85431534
0.77641106
0.6514352
0.7708987
0.873798
0.8870791
1.0634036
0.9885298
0.74759996
0.91018677
0.674842
0.8282834
0.5978176
0.8152481
1.4453932
1.1631933
0.69960666
0.640368
0.8141118
0.8556904
0.9683936
0.7088839
0.7387075
0.72305757
0.79514265
1.019255
0.985908
0.5930251
0.75677776
0.4933527
0.7852173
1.094561
1.5156314
1.4101853
0.9359645
0.5501377
1.0518303
1.1666713
0.92381966
1.0908079
1.0174038
0.94002056
0.9914324
0.7788708
0.8527658
0.6572607
0.6832112
0.8088052
0.6834068
0.7610322
0.6553763
0.9274282
1.0581152
1.0337417
0.66707504
0.7383717
0.72265667
0.9961386
1.0546765
1.3112004
0.7600776
1.0464897
0.69500244
0.59228975
0.8606732
1.1024895
1.1032836
0.9786037
0.8808211
0.5454498
0.67948765
1.1514426
0.8263042
1.0276678
1.0563128
1.1109663
1.0298535
0.9369792
0.5394528
0.83353746
1.0309132
0.77087647
0.8506354
0.80735475
0.5876081
0.7325345
0.8522243
0.8039732
1.1680019
0.9571793
0.83593297
1.2219654
1.3707706
0.99846745
0.94834554
0.5812211
0.8011732
0.9855526
0.73951554
0.8362329
0.7906234
1.1137253
1.022263
0.7796873
0.7930624
0.8684648
0.8171344
0.8029164
0.6923145
0.88518906
0.71879727
0.85637337
0.8935709
1.3649958
0.9940102
0.6354008
0.58540833
0.99725044
0.90150535
0.8248119
0.85344994
1.2061456
1.1149119
0.8411767
0.7746335
0.72300977
0.7541963
0.6718235
0.49152276
0.82754636
0.75036716
0.75659025
1.1120028
1.1852959
0.92090636
0.81136715
0.80421066
0.85105777
0.647257
0.84203833
0.84851134
0.7743667
0.9600658
0.7782829
0.5602636
0.81922734
1.6140947
1.0635221
0.6793475
0.68050534
0.83859944
0.7387594
0.64976287
0.8151315
0.9151903
0.7984421
0.75888515
0.76497495
0.85034895
0.7070682
1.0722395
0.68664646
0.7032819
0.99972075
0.91791433
1.0248871
0.9786109
0.99988
0.7919477
0.7425722
0.84033203
0.6603276
0.89262456
0.85269
