1.4363798
0.41165233
1.3688776
0.8674481
0.70019007
1.1083298
0.85097003
0.9923266
0.6317518
1.3341893
0.58537495
1.1571891
0.9463842
0.8315711
1.1482325
0.45498347
1.9081498
0.5659625
1.0301733
1.170437
0.5008433
1.0003273
0.7984474
1.055412
0.62418073
1.1341014
0.7498867
0.9337945
0.8588526
0.60003024
1.23194
0.47103232
1.4199312
0.6401582
1.1851349
0.68659097
1.3506277
0.60305804
1.3755994
0.49531543
1.0126078
0.9376581
0.6763788
1.3477477
0.43227822
2.002159
0.5028524
1.202038
1.1810045
0.6210061
1.0786573
0.7591138
0.7809471
1.0473855
0.68637
0.71776414
1.7126238
0.4575238
1.4690605
0.7174704
0.73426855
1.1231761
0.7916728
0.8043077
1.0160706
0.7629783
0.6550357
1.4844055
0.49608755
1.1208388
0.7774078
1.04267
0.5037507
1.5691135
0.69516945
0.6887438
0.84205
1.0136168
0.86891997
0.64065254
1.5521162
0.51436317
1.0262498
1.1523098
0.6776755
0.9913585
0.7554703
0.8423309
1.2471496
0.5527133
1.23583
0.7855399
0.9882603
0.9275092
0.81185913
1.0335575
0.8970882
0.8078381
0.9033519
0.5210401
2.110154
0.3942371
1.033563
1.1021136
0.6495106
1.3462584
0.644171
0.785236
1.1385081
0.50372374
0.99779266
0.9804004
0.7183757
1.0008156
0.6453932
1.0301533
1.1541305
0.7931003
1.2828488
0.7318125
0.540884
1.4065044
0.7903717
0.7817122
1.0869007
0.68893003
0.73093987
1.0195093
0.74839973
1.139978
0.6549125
0.91176885
1.249536
0.51684356
1.3188733
0.41157216
1.63566
0.6188394
0.88346624
0.91933984
0.7998917
1.0000597
0.87180877
1.0892601
0.72505
0.9313189
0.94851595
0.6072151
1.5405328
0.46349326
1.212681
0.5917138
1.1269643
0.6650361
1.0907286
0.7335864
1.2133144
0.8163043
0.96876526
0.62844694
1.1417227
0.5320459
1.3480533
0.5040513
1.0308789
0.7240969
0.9107486
0.99237144
0.7801933
1.0866615
0.98238355
1.0117327
0.835268
0.9258943
1.1369872
0.5265067
1.8072631
0.23970677
2.201858
0.50445616
0.8572333
1.0143368
1.077853
0.6877985
0.7575692
0.9514754
0.8848525
0.63558567
