0.76600194
0.9956218
1.0687087
0.6474041
1.5430901
0.46157345
1.4793453
0.62980306
0.92194307
0.9320854
0.86046046
0.9656974
0.8179324
1.032528
0.84795797
0.875492
1.0265349
0.96175236
0.68336666
1.604889
0.4829495
1.5024548
0.6432733
0.8353601
0.9673979
0.9301703
0.7727054
0.91565096
0.85014766
0.7756751
1.0632417
0.53908956
1.2987304
0.6927744
0.8130589
0.81402576
1.0354779
0.66157436
1.2690166
0.567641
1.2259421
0.6792977
1.0889771
0.8606044
0.71577257
1.1873777
0.5957935
1.6768804
0.58939314
0.77453965
1.2001108
0.4650052
1.412935
0.612313
0.79341114
1.1573191
0.54841757
0.85003537
1.0347214
0.71357435
1.3860546
0.6792693
0.8370973
1.0654345
0.6200738
0.90252787
0.6526746
1.0948458
0.8109546
0.72118306
1.0562495
0.7580472
0.6581024
1.160233
0.7289295
0.8548792
0.81992805
0.95008177
0.86894965
0.8938917
0.876922
0.99439794
0.87309885
0.9343555
0.8068768
0.75975686
0.79124016
0.6589431
1.3595289
0.57230616
1.1712579
0.7621187
1.1850407
0.672554
0.87515783
0.90940917
0.7657193
0.8915074
0.7801651
0.91624415
1.0374595
0.62763685
1.0979737
0.67880553
0.96144515
0.59843034
1.3392291
0.5681593
1.1313702
0.98059785
0.43343094
2.0074127
0.47346038
1.080436
0.8955798
0.7685013
0.9115842
1.009061
0.79043245
0.9552399
0.8394221
1.2513323
0.5858675
1.1615406
0.72755975
0.7876466
0.8087604
0.9444273
0.74883103
1.4529933
0.5585045
2.3194332
0.62269807
0.6701858
0.90464175
0.7321818
1.1111689
0.7024161
0.9062394
0.8367675
1.2585055
0.6680211
1.2479272
0.86656
0.7207848
1.1110736
0.56012005
1.2251341
0.5416056
0.82422775
0.8873602
0.72984904
0.89353466
0.7687609
1.1236932
0.6566756
1.255297
0.7600126
0.781622
1.3101906
0.5939864
1.3103218
0.4459892
1.702605
0.54270315
1.6616012
0.6402809
1.2820603
0.81954986
0.9812138
0.9192384
1.1889954
0.50977266
1.1257954
0.8368255
0.6105059
1.3611052
0.5502239
1.3403931
0.6151415
1.5020422
0.7116641
0.903212
0.8100038
0.860302
0.67174876
1.2071425
0.419535
