1.1106427
1.4409585
0.30259228
1.6642797
0.5031714
0.8086419
0.9379933
1.2722199
0.883505
0.69239914
2.1355925
0.43300313
2.3889408
0.5797204
1.0600768
0.5242836
1.3561599
1.0700059
0.24488452
3.0937555
0.83542174
0.3244472
2.5924292
0.7747905
0.52934813
2.4905581
0.8577421
0.6558013
2.3234558
0.89720005
1.3340054
0.80640924
2.0594685
0.6384917
1.3565216
1.3348482
0.5868738
2.951878
0.5129734
1.5266212
0.8309326
1.0243238
0.85847956
2.353664
0.5626891
0.46995848
2.3405554
0.7188766
0.9210424
1.8763763
0.43968695
1.3511276
1.4110763
0.52785015
1.5371668
0.8429074
1.2231097
0.93806297
1.6293302
0.75674367
1.6075046
0.5467622
1.3209989
1.1451671
1.6294847
0.566804
1.1909924
1.0034243
1.6866841
0.6260532
1.1922984
0.9608304
0.39264023
4.308159
0.66077256
0.45866132
3.30334
0.6733686
1.606812
0.27558306
2.834484
0.44440752
2.520447
0.5471349
1.8233889
0.5545106
1.3766499
0.63305503
2.259945
0.6537306
0.74781823
2.821361
0.5051517
1.7406731
1.1169927
0.7360967
1.1507967
0.982335
0.4833886
1.1492444
1.3698509
0.4155084
2.2352803
0.46759385
0.9691336
1.3605897
0.5962932
1.8831168
0.5062978
1.792095
1.2203135
0.390546
1.7325996
1.0321532
0.64033854
2.2174687
0.8926049
0.8698757
1.6902437
0.71934664
0.8957176
1.7788439
0.3931756
2.3888502
0.5257598
1.9808897
0.4544481
1.6027565
1.2301834
0.41001225
1.5094786
0.44616294
1.9614829
1.034109
0.699165
0.36600804
2.2874455
0.41288182
1.847302
1.5636708
0.2949817
2.9797928
1.0435066
0.45128456
1.678421
0.5371575
2.0756319
0.87503946
1.0680304
1.7246068
0.41740608
3.808533
0.53771335
0.33426553
3.5554047
0.60966223
0.87868583
1.0475534
0.4854537
4.804006
0.37469122
1.7798748
0.7795987
1.0724671
1.1639619
0.44007844
3.2370458
0.95280266
0.5106312
2.239073
0.6546398
1.1869426
0.84426975
1.194778
0.788582
1.4851316
0.8934497
0.7507646
1.2049937
0.42510682
1.8784662
0.5879321
1.5179051
0.37032953
2.1066322
0.79790306
1.1253858
0.6904571
