2.1071725
0.30669662
2.0714533
0.7820102
0.7665117
1.4855181
0.42902884
1.6781652
0.5832632
1.1222436
1.4016682
0.7055551
1.2418157
0.9006168
0.68119824
0.7339988
2.0498607
0.5463335
0.70136595
1.1053302
0.7834803
0.36589533
2.5083277
0.4071604
0.7736759
1.7475122
0.6513779
1.313551
0.96953475
0.9132607
1.1054293
0.72042596
1.5594283
0.43513793
3.214716
0.3308897
2.343876
0.8337564
0.5703764
1.6888751
0.6307864
0.8315476
0.8171211
1.5359153
0.54922855
1.0549238
1.3453419
0.39165032
2.9201577
0.56676257
0.5076515
2.783637
0.44774234
1.8567748
0.51987827
0.6512776
2.1465328
0.36966404
2.0898259
0.93450344
0.8754432
1.8653164
0.50900733
1.241227
1.4245876
0.8599922
0.6077718
1.5516517
1.3348302
0.7913289
0.8463495
2.1544132
0.29296252
1.9268143
1.3550873
0.39836153
1.9275179
0.9335747
0.5618632
2.0905585
0.48736525
1.6797066
0.9592162
1.4523389
0.93044597
0.9409738
1.5978913
0.26849946
3.1581612
0.60045004
0.6304284
2.581108
0.6908647
0.92508733
1.2187572
0.7703748
0.98210424
0.9179615
0.5906726
0.93629855
0.9461705
0.8783363
1.1513026
0.8817146
0.6763207
1.4275682
0.5016407
1.9547298
0.6125891
2.164433
0.40766555
2.5133853
0.813378
1.0392791
0.63697547
1.5043132
0.8225176
1.059034
1.3393035
0.7498759
0.83458567
1.5079455
0.50593984
1.6855098
0.73184586
0.8348051
1.1413715
0.756937
1.3575461
0.4847165
1.1545289
0.578784
2.3107054
0.7371731
0.50229704
1.9034044
0.39008662
1.613652
0.7306368
0.72373295
0.6770003
1.6656997
0.4037155
1.575789
1.083631
0.7233957
1.5245575
1.2254443
0.5574762
2.7837
0.3236777
2.369546
0.70087343
0.54667795
1.242964
1.3035902
0.36219728
1.9748794
0.6752446
0.6057545
1.9852095
0.5904013
0.83686
1.7933764
0.55430675
1.3327024
1.2808113
0.7050438
1.5064855
0.20353399
2.2633593
0.53991014
1.2780732
0.7911149
0.8592301
1.6166534
0.41017824
1.7805374
0.54574823
1.3102975
0.6295459
1.5556002
0.7803489
0.9744518
0.91407526
0.6537379
1.7293749
0.3126861
