2.419252
7.168092
10.438351
3.1485643
4.976257
5.9317837
3.0986097
4.3809776
3.8322437
6.1351438
4.6877112
4.4323707
3.5409935
5.0623007
4.5311494
3.4656303
6.0762463
3.4142497
3.216073
4.649602
3.108947
2.6737792
4.300851
2.4718168
3.9857566
3.7765641
3.4879966
3.201819
4.078174
2.7744431
5.387037
2.519104
3.2227788
2.0592406
2.59906
4.604289
2.9743528
3.0178578
2.155169
3.0961733
2.2685075
2.2690825
2.3405008
2.1002252
1.8975989
1.9201537
1.9916437
2.0950089
1.9136033
2.1620429
2.1799772
1.8179297
1.9478835
1.6190834
2.0869515
1.9207282
1.9783527
1.8938459
1.5791274
1.896308
1.8465275
1.7553735
1.8909309
2.2240136
1.5248048
1.792261
1.6099269
1.8784173
1.7392423
1.9490914
1.6304166
1.4891788
1.7153329
1.3609489
1.6343173
1.4489075
1.6231596
1.6586709
1.4528093
1.7053509
1.9053807
1.3996375
1.915422
1.8424298
2.2655184
1.3182544
1.6676795
1.7672638
1.712009
1.6942443
1.8077229
1.5554266
1.5338131
1.4381242
1.6621227
2.1403272
1.9729793
2.9560328
2.4814932
2.4024796
2.3030677
2.053163
2.048133
1.9990227
2.0153208
2.1116614
2.1397357
1.8365326
1.9031423
1.6293766
1.7857265
1.7235892
2.064393
2.3061795
2.159098
2.0516365
1.9503546
1.8909194
2.1899538
1.8125923
2.4085138
2.3626204
2.0458362
2.0299268
1.9055171
1.9039139
1.9884284
1.9635334
1.9071699
2.0096993
2.0472126
1.9658225
1.8758364
1.84893
2.1408653
2.007123
1.7960165
1.8112235
1.9041247
2.0022461
1.9580197
1.9734006
1.8570763
1.7534577
1.9975247
1.9784428
1.9869399
2.266554
1.9708182
2.0115607
2.0124567
2.156885
2.160766
2.00095
1.8849082
1.8296733
2.1161382
2.141324
2.0439932
1.9739137
1.9732581
2.1383977
2.2652936
2.4286313
2.0623233
2.0446727
1.9185156
2.0935988
1.9179116
2.0445678
2.1765022
1.9777367
1.9824897
1.8092747
2.1543489
2.0927591
2.197853
2.113765
2.126381
1.744657
1.9090886
1.9943001
2.1596437
2.324069
2.1871877
1.9849741
2.097496
2.0999293
