0.8338084
0.8682585
0.8205396
1.5363202
1.4422958
0.5411122
3.959547
0.7282818
1.0294487
0.5558131
2.6625104
0.4580412
3.0814953
0.75622785
1.1420028
0.726721
1.9061006
0.59148556
0.66570157
2.7483487
0.89310014
0.28080648
3.3141506
0.99558985
0.6459805
1.8054854
1.2591681
0.63090986
2.1019185
0.9628718
0.9568407
1.1865652
0.62830913
1.3347666
0.45581114
2.1122856
0.60596645
2.0020728
0.9847095
0.3586988
3.3075628
0.52109295
1.6453111
0.6356797
1.683685
0.5044583
1.0191654
1.7471943
0.6249261
1.7050319
0.4478778
0.76950616
2.2915602
0.807996
1.1349311
0.8972117
0.5222119
1.145276
1.887382
0.7100291
2.0707974
0.5268236
0.52246606
1.6928924
0.5307332
1.0127027
1.1024697
1.4007883
1.3575919
0.6480736
0.8309418
3.1424155
0.16415605
8.44448
0.64238083
1.9186097
0.12803304
7.730321
0.48147127
4.192288
0.25777426
6.3967495
0.12214425
4.708027
0.33545417
4.684593
0.3133232
2.1714509
0.56246746
1.8806579
1.0081464
0.21560523
2.7603223
1.2318543
0.46332562
1.9141147
0.54977804
0.52564853
2.1656332
0.58339506
0.9351125
1.2364265
0.48156777
1.7983449
0.7667744
1.2040908
0.56906736
2.1970043
0.31460577
3.215425
0.66692585
1.5213144
0.99260026
1.582471
0.8209476
1.4134849
1.8465044
0.56005394
1.7177207
1.1063545
0.5105214
1.2016054
1.6433969
0.6157757
0.8357591
2.3806083
0.49472272
0.8038187
1.5869585
0.8909175
0.4483767
3.2436998
0.7640703
0.8342704
1.015748
0.3031262
2.778791
0.98603165
0.3276391
2.7476997
0.7695245
0.58024836
2.1035352
0.69447815
0.7673713
2.5895185
0.33668482
2.994002
1.73592
0.6542456
1.2586792
1.626548
1.2502856
0.75292355
0.7149943
1.9293321
0.7982289
0.7139242
1.8579922
0.7811791
1.3887105
1.0146003
0.72706985
1.4101593
0.90642333
1.0652374
0.93208206
1.3606632
0.8441866
1.5721489
0.5651177
1.7108738
0.545543
2.051798
1.0832479
0.8113898
1.9644134
0.7793783
1.4141693
0.6597631
1.0044422
1.0718794
1.8164353
0.6121971
1.6959616
0.7060667
1.57153
0.99283206
