1.0025972
1.2824669
1.258899
1.2840977
1.5344634
1.4272499
1.1961458
1.0527225
1.1824281
1.2637789
1.2511654
1.1723615
1.0829287
1.0790269
1.1111616
1.2037449
1.1492555
1.0438943
1.1960093
1.3376931
1.217649
1.3186085
1.1538128
1.0809281
0.98389316
1.2757702
1.1156324
1.0646181
1.145263
1.0487989
1.4047558
1.2747844
1.2646224
1.1124715
1.0996677
1.0911429
1.248578
1.0152446
1.3201833
1.0388556
1.1860907
1.3333513
1.1361105
0.8363276
1.0555105
1.0809109
1.1286178
1.3646107
1.179671
1.0997021
1.2136226
1.2076864
1.0562558
1.2140803
1.3842167
1.2590959
1.1549909
1.1727613
1.214607
1.3134362
1.0247171
0.98135024
1.0788219
1.1829711
1.0245669
0.96608776
1.2649366
1.18855
1.032263
1.1564037
1.0877938
1.1806399
1.2287322
1.3963944
1.1514128
1.0859411
0.9787837
1.0056468
1.1351577
1.1806905
1.0635341
1.4191395
1.5049478
1.5145168
1.2226651
1.2228384
1.182729
1.2225468
1.0928715
1.3180677
1.4851834
1.2577665
1.3520362
1.4203019
1.1447206
1.0580835
0.94514453
1.0844376
0.93432784
0.93582815
1.2334585
1.0521595
1.2969762
1.1105847
1.133828
1.1345125
0.9842149
1.2510664
1.1499338
1.0197417
1.1095839
1.3346037
1.2762703
1.1715189
1.2463022
1.2006074
1.515251
1.4370966
0.9512348
1.11688
1.1679745
1.2847345
1.2163013
1.5916523
1.3119221
1.1838571
1.2518773
1.3642666
1.1603689
0.9769298
1.0663878
1.5351825
1.392983
0.93013453
1.1422837
1.2124374
1.0796276
1.0042305
0.97212315
1.1865655
1.1882342
1.298451
1.0530376
1.162061
1.0323176
1.3740802
1.2563822
1.3166051
1.0921586
1.1016607
1.0593822
1.1060821
0.97797924
1.0079
1.1788684
1.2214932
1.1691132
1.2206864
1.1352296
1.2953191
1.5233667
1.3920354
1.0872028
1.0103837
1.1167297
1.1209424
1.1186829
1.1025991
1.0810795
1.0589465
1.2918675
1.4107808
1.1700823
1.1568317
1.1615286
1.0472627
1.1773429
1.317395
1.239897
1.0571584
1.1115197
0.9339615
1.0189731
1.0132947
1.029402
1.0617841
1.0268688
1.1682405
