0.6170512
0.53879064
0.4925645
0.38367105
0.40222597
0.5175383
0.57288086
0.38055307
0.37100887
0.3808083
0.31922522
0.3356618
0.57874125
0.41021928
0.42126432
0.3869574
0.56972516
0.4046587
0.30234975
0.2796737
0.23579343
0.37047932
0.38767081
0.6482445
0.53823245
0.64179766
0.630138
0.4433639
0.3787997
0.21594176
0.26870427
0.18546753
0.39237377
0.40857798
0.38313553
0.29865146
0.5230381
0.4064904
0.25843918
0.32085654
0.52738005
0.35294864
0.3451957
0.43686536
0.3252014
0.2836278
0.5697849
0.32838148
0.29785368
0.32413295
0.5040134
0.7435536
0.61314386
0.4119655
0.2578304
0.29691127
0.3456004
0.53107405
0.48200858
0.30945683
0.26661137
0.2766178
0.2780633
0.37313133
0.34436086
0.40883288
0.6966344
1.0420504
2.241875
2.279654
0.77686775
1.2751592
1.7642703
0.9265028
1.341252
2.0951946
0.9105531
0.5751221
0.4602002
1.0773451
1.4073402
0.7611033
0.6143801
0.37428993
0.51748574
0.41122288
0.5207873
0.57086194
0.6601296
0.40715295
0.54807734
0.73467463
0.17475593
0.39279455
0.69655204
0.46282065
0.94696
0.7798424
0.24280852
0.5524682
0.5583587
0.4896832
0.40872675
0.46328026
0.55780184
0.4519388
0.57150865
0.28751504
0.47842664
0.47720438
0.4692786
0.4991818
0.44828886
0.4634268
0.3852425
0.42629677
0.34493008
0.26607358
0.3899622
0.4480119
0.19119847
0.43260407
0.45299602
0.2883464
0.45737833
0.43010098
0.36448717
0.4970293
0.3132814
0.27584964
0.533496
0.53807306
0.36427733
0.32533672
0.4264804
0.8419313
0.40346068
0.4375588
0.88599515
0.890308
0.31548935
0.39696997
0.287959
0.26994
0.37701523
0.40795732
0.4512755
0.30769736
0.2966842
0.36615115
0.34726256
0.42748165
0.40769255
0.61184835
0.47281176
0.27994323
0.29512474
0.49029243
0.60904306
0.34299612
0.2679937
0.35856956
0.2626791
0.42329416
0.48407245
1.4289145
2.1765292
0.85697263
0.4735655
0.64053965
0.50680184
0.7101494
0.93965065
0.5236268
0.4157108
0.5841267
0.5370883
0.4481176
0.4933111
0.60487944
0.6068641
0.42990586
0.5167477
0.55179393
0.67329717
0.28123116
0.3219848
0.3703823
