0.6936777
0.62301964
0.4906236
1.0235863
1.1239446
0.7296989
0.716714
1.0844116
1.1680393
0.7646385
0.5442266
0.4583164
0.67911625
0.5951154
0.72890353
0.93724394
0.9772441
0.53754485
0.51995337
0.47517443
0.5702715
0.46263754
0.696792
0.4859039
0.43443185
0.88017607
1.0288699
1.0229273
0.49732578
0.69928503
0.63056386
0.52350545
1.154054
1.7923164
0.892264
0.63744044
0.54633284
0.7512752
0.7136357
0.8370811
0.6066846
0.873964
0.5377562
0.7624082
0.6196234
0.49974844
0.9785185
0.8094811
0.48971182
0.48123905
0.38202786
0.5195317
0.5871874
0.5465471
0.7699855
0.3520971
0.4919451
0.40301123
0.42452908
0.7339672
0.94389474
1.4014933
1.2041689
0.4811738
0.49599466
0.5109784
0.5594963
0.8625921
0.37055892
0.47312042
0.46088165
0.73563796
0.92281914
0.8028796
0.49544325
0.52477694
0.87419844
0.56586635
0.6472034
0.7238929
0.6060638
0.5844255
0.67939913
0.5315077
0.45004737
0.511296
0.56902814
0.69366986
0.7457141
0.5025149
0.54539436
0.5334059
0.4185452
0.37911856
0.3434375
0.5158008
0.66197526
0.85794914
0.71376514
0.72934294
0.7963404
0.49438673
0.7345544
1.0738435
0.6883816
0.4410175
0.49779147
0.540009
0.5622514
0.5245188
0.68439233
0.8763025
0.94368976
1.2239329
0.48435336
0.4339223
0.4741004
0.38663685
0.7268549
0.7534022
1.2060239
0.54638994
0.5870566
0.70477015
0.47838914
0.54223454
0.5257467
0.5459226
0.56125736
0.5822191
0.51542413
0.52337456
0.6322187
0.94003963
0.978884
1.4270816
1.1198258
0.80642325
0.47754866
0.49785772
0.54607826
0.7439651
0.53409016
0.7948334
0.76995623
0.66493344
0.34677407
0.35796055
0.40067843
0.6491098
0.4093657
0.5286915
0.2938779
0.49002996
0.55532026
0.41695255
0.57363945
0.4620865
0.5885199
0.44077975
0.6530068
0.63738525
0.47781098
0.4378857
0.46298787
0.44006312
0.3498185
0.3407352
0.48111895
0.67730623
0.5405004
0.63738275
0.9052244
1.3008324
0.91615117
0.6012758
0.4134555
0.53543967
0.48665196
0.7147904
1.0122187
0.4339907
0.46096015
0.8261318
0.81887794
0.65362215
0.90947384
2.0084546
