0.4369206
0.5781377
0.5798987
0.58007276
0.45171553
0.5125669
0.6977426
0.6526496
0.8390728
0.7399059
0.38448447
0.27042863
0.46592855
0.4498348
0.4920854
0.43868458
0.514601
0.38051668
0.5304942
0.5676865
0.25292358
0.67834324
0.72605705
0.4821353
0.45197272
0.55340827
0.2697047
0.55127347
0.46305087
0.49331176
0.48403737
0.31284028
0.41153765
0.4139068
0.40607458
0.34546304
0.5995277
0.44575107
0.38018182
0.3555601
0.5710767
0.41757604
0.45307332
0.35447773
0.40643233
0.7948747
1.0105537
0.36098874
0.4502773
0.2878852
0.47515348
0.55173814
0.6258855
0.56938416
0.8740579
0.7356496
0.4311034
0.5539428
0.46872306
0.3663869
0.32734996
0.41286898
0.41881585
0.46737665
0.2986629
0.4851628
0.5744657
0.5566441
0.40598035
0.85049695
0.5965259
0.4844658
0.30610046
0.46264213
0.27551788
0.6668994
0.4951186
0.35275486
0.6187298
0.51251006
0.45448393
0.6731794
0.78466415
0.7295722
0.4815884
0.4367325
0.499243
0.5643489
0.76370215
0.5049107
0.66021407
0.69335884
0.38999084
0.3100406
0.5370948
0.50791293
0.49300092
0.418338
0.28700066
0.30659536
0.51203096
0.33329475
0.4133811
0.4664202
0.5082458
0.28330696
0.4151262
0.41734833
0.4202611
0.42465264
0.4679272
0.41913283
0.33949566
0.32038194
0.3455527
0.5224659
0.29793224
0.43833038
0.41899943
0.38659132
0.38698357
0.55840176
0.40449828
0.31128567
0.35435396
0.3289277
0.19148919
0.3779401
0.4519992
0.42805958
0.34989673
0.6041218
0.37716398
0.25419956
0.46376535
0.42348266
0.39971218
0.42795557
0.49833888
0.30363116
0.30680162
0.41573697
0.37993503
0.40695363
0.36553836
0.4224947
0.32392666
0.35663772
0.40939704
0.5294533
0.47360185
0.4187299
0.3705159
0.33065486
0.39905518
0.6814402
1.0281553
0.6024775
0.24497536
0.25992253
0.35629123
0.35839957
0.49299854
0.41361564
0.39347076
0.47749397
0.43934557
0.28062674
0.2900122
0.4341496
0.29198316
0.4755864
0.4577517
0.36891952
0.40171686
0.49440902
0.9711008
1.3390489
0.48510838
0.45136222
0.47339997
0.63240266
0.48514676
0.27626294
0.38784352
0.40437275
0.4214273
0.7239799
