1.5000347
0.48720455
1.5623205
0.70621073
1.1540508
0.65028965
1.3039165
0.6371963
1.2914853
0.5877824
1.5995886
0.540887
1.3453603
0.7004751
0.8529029
0.7016237
1.1834882
1.1723864
0.22777398
2.5629506
0.7173853
0.37177786
2.253615
0.8772136
0.5062843
1.7424232
0.63478315
0.8816444
1.0481095
0.7073921
1.3891991
0.71935886
0.75060534
1.6717732
0.40012997
1.5207908
0.6184274
1.18135
0.7436185
0.71036065
1.2801827
0.54280365
1.563633
0.76482046
0.76659316
1.0285712
0.40354112
2.88913
0.37476617
1.3872164
0.6626054
1.3788313
1.0477405
0.7275372
1.540764
0.51711375
1.4406176
0.5976604
1.794934
0.6681173
1.2173707
0.8332087
0.8404522
0.94096935
1.3280807
0.53129435
0.8642163
1.0131724
0.7467187
0.77391547
1.2025499
0.6008363
0.7314696
2.112656
0.43271676
0.8442216
1.6841903
0.5376309
1.3108791
0.98847556
0.5651457
1.6645794
0.67499423
1.1372209
1.1031839
0.58750546
1.732722
0.45223534
1.5661173
0.827775
0.6968638
1.5628523
0.64456356
1.2727298
0.65661746
0.8947255
0.8786639
0.8319434
0.5841637
1.0335824
1.1177648
0.8408706
0.60355175
1.5463187
0.6362233
0.9360539
1.338369
0.80229807
0.7619729
1.6337838
0.38604692
1.319695
1.0627248
0.7372167
1.0933596
0.5088295
1.7846746
0.4868598
1.8662552
0.6139449
1.0660574
0.9852207
0.72436774
1.0419705
1.0397844
0.90656793
0.39961505
1.9974903
0.8424369
1.0141938
0.8587455
0.8557984
0.9901501
0.35230896
2.5272186
0.22737888
2.0248523
0.61368006
1.0063455
1.382716
0.49393564
1.8821774
0.5078591
1.4581367
0.7301581
0.8268016
0.9379431
1.2282096
0.6636429
1.7249432
0.41498053
1.4146047
1.0731207
0.7752327
1.0897042
1.0409303
0.61379904
1.1144651
0.8566987
0.85599935
0.6303395
1.1682225
0.85908437
1.0954455
0.59306693
1.2884431
0.81481814
0.8976047
1.7871484
0.3620851
2.3624744
0.5547787
1.2071868
0.71441793
1.137032
0.6837903
1.1068037
0.9923233
0.6815126
1.3238785
0.5595702
1.3589898
0.5336674
1.324585
0.4114136
1.6787964
0.41112292
1.7563293
