0.66182864
0.80407286
1.1190434
0.7716731
0.9317969
0.8375632
0.92158794
0.90118635
1.043311
0.6691675
1.1055579
0.73671234
0.8660847
1.2293749
0.59150314
0.8652938
0.9786103
0.87237597
0.74609864
1.0271676
0.63997936
1.001445
0.99311626
0.66112995
1.090194
0.69365615
1.0911412
0.7716815
1.5964154
0.52581185
1.3665266
0.84358513
0.9498097
0.95871794
0.834764
0.8221476
1.1950765
0.6284803
1.1554561
0.63166475
1.2579999
0.84521353
1.0146002
0.86048245
1.0190549
0.6525569
0.96423614
0.801432
0.8525152
0.77957094
0.9465597
0.6295247
1.2367004
0.54340124
1.4265074
0.5385294
1.1613057
0.83051234
0.9516486
0.8438754
0.8302914
1.2360048
0.6522553
1.1004308
0.8253116
0.93589354
0.57012796
1.4197583
0.6169691
0.73273045
1.1986027
0.8793907
0.6923864
1.4429646
0.7040622
0.5827564
1.245396
0.53972065
1.6781632
0.5375308
0.6902961
1.2115998
0.8152164
0.6769761
1.0057639
0.85115534
0.7339294
0.8274697
1.0871606
0.53712344
1.2951636
0.70415276
1.2431636
0.721784
0.8430463
1.0087845
0.69233286
1.0448506
0.6109008
1.0056069
1.3525577
0.49485192
1.7866834
0.61600804
1.1191401
0.7205926
0.8938013
0.8845115
0.7725792
1.085396
0.6275387
1.1305797
0.9142428
0.84412766
0.899787
0.8932587
0.8287879
0.9500309
0.9245007
0.8790871
0.9809324
0.908105
0.78664905
1.6646845
0.48999158
1.1728297
0.62393034
1.0436172
0.7270274
1.1029323
0.86676955
1.0895345
0.93460166
0.72537035
1.3634897
0.5164993
1.6627865
0.6554458
0.9979625
1.0383703
0.74127793
1.188036
0.6763643
1.1365693
0.726648
1.13897
0.7692829
0.9073193
0.8006249
0.8489542
1.0244585
0.7927277
0.9912187
0.6808192
1.2707772
0.825469
0.7181262
1.2688124
0.6515684
0.79030347
1.1809297
0.52466226
1.1800499
0.9575084
0.66536915
1.249039
0.7313318
1.2547896
0.5977262
1.0736942
0.8940712
0.7523202
0.7150669
0.91655135
0.8403011
0.7781069
1.0501734
0.7162001
0.9484797
0.82036793
1.0221826
0.7701059
0.998115
0.7619673
0.95955807
0.81561106
1.0143163
0.61431074
