4.5162725
2.4165263
2.9636173
4.1395864
6.4856997
4.8460665
2.1500359
6.2481985
5.9054604
4.6003327
4.0193424
3.2458124
3.7092288
3.6518555
7.0943146
7.5596905
4.5665426
0.69501215
23.008217
21.411314
9.875559
1.7168832
8.623879
8.034956
5.142476
5.9538507
3.2893653
11.959621
6.035022
10.368786
7.914006
5.667499
3.622281
7.3164577
6.214309
4.3272734
2.9079707
17.551662
15.844345
11.725321
6.3267794
3.131063
9.346213
9.844019
6.099929
7.1834707
4.692379
4.677409
4.2688437
13.097446
13.616062
10.047311
6.6308093
3.848993
6.2820077
7.3441076
14.0568695
8.648603
5.244849
12.314002
11.594405
7.5661955
7.589485
8.07852
4.799019
3.7827914
4.3697805
4.491185
4.01049
3.6676424
3.621624
8.114418
7.162308
4.2560744
3.087556
8.890917
8.70124
7.8872266
4.690988
4.3506203
3.7314167
4.022959
3.6260276
8.223496
8.202997
2.5316942
6.1152983
7.389104
7.584791
6.9354334
6.368994
4.4554086
7.12479
5.563164
3.817401
4.3157053
4.4986014
4.6714706
4.3093996
4.075429
4.6301174
3.355462
1.5939075
11.360907
10.527061
9.098476
5.708232
2.3862576
4.578841
5.2859797
4.146199
3.7697127
3.754783
4.2537327
2.9759545
3.8168616
3.7361083
3.482476
5.407372
5.0380974
3.8244429
3.3439682
3.4341471
4.4941816
5.127486
3.6337743
3.417192
3.4846103
6.670636
5.7500844
4.121244
3.7756257
3.1090846
4.3965807
3.410861
3.7205305
3.5083327
3.7590241
3.1683502
5.760234
2.5186474
9.188524
8.531628
6.405613
4.7189236
4.5056553
3.0598307
2.895585
4.905262
4.823446
4.1774383
2.9928813
3.2558985
4.1697006
4.085597
4.359022
4.198219
3.9025915
3.450507
3.9165792
3.8714373
4.0012655
4.7938843
3.6077762
3.3358107
4.524356
2.6707077
7.1635284
6.4996247
8.46943
3.545496
1.1908157
13.979988
14.968504
5.6585054
1.3247882
17.986162
10.705481
6.7476854
4.653525
2.8987398
2.8414772
12.494303
8.698906
5.640565
2.4332328
8.139475
6.9405055
