1.307419
0.5934936
1.2285441
1.1156669
0.89861715
2.4936068
0.63701165
0.45826304
3.0904114
0.9391968
0.3283468
3.582028
1.2458944
0.33698463
1.126164
1.8744986
0.9836282
0.7440829
1.7357925
2.1183252
0.32688636
2.7536457
2.1696413
0.58339065
0.70835525
2.1141288
1.9098848
0.38035715
2.0052154
1.7644012
0.62970316
0.88952726
1.7532327
0.4021647
2.925565
1.4256512
0.80866
2.0848355
0.9005655
1.0355102
1.0577548
0.8916355
2.376432
0.60645986
0.9066813
1.6941025
1.2041309
0.6849065
0.49450982
3.7026243
1.3253098
0.33055842
1.6440849
3.1119761
0.53357756
0.50083935
2.9238644
1.2782927
1.0700388
1.712303
1.608187
0.39816332
3.1338816
1.0249655
0.714434
1.6761427
2.15849
0.45264935
0.9080746
3.9919991
0.8298228
1.2956717
1.0365402
1.7851388
0.89436424
0.8173636
2.336475
0.5112244
0.598567
0.93418074
2.3333654
1.0767704
0.73675734
1.5395138
1.5956862
0.3775396
2.8965588
0.7903299
0.64773107
1.8763307
1.72082
1.7043717
0.6116891
1.5558192
3.188434
0.47265887
0.33612448
4.37366
1.2879171
0.4700206
2.4096317
1.4174914
0.74391174
0.85256654
1.9584475
1.1667747
0.33535355
2.5661526
2.1762018
0.39387846
1.7469647
2.823607
0.45500427
0.9403218
3.133722
1.060206
0.5512861
3.392774
1.7273221
0.5454993
1.7827599
2.7899673
1.059986
0.43469092
1.3545885
2.7573085
1.4388963
0.8439864
0.24897395
4.28965
3.0283947
0.37703142
1.5420489
3.003028
0.72234106
0.7623064
2.1196446
1.2768657
0.4519628
1.4665556
3.4609685
0.77914727
0.17143378
3.625209
2.7126503
0.47784603
0.5224081
3.2976727
0.7325227
0.40344417
4.2111087
0.9431638
0.22876719
5.166287
0.73726785
0.6659668
1.3718641
2.6729908
0.59693825
0.73245156
1.0676565
1.917101
1.4559436
0.36605906
1.640249
1.9678481
0.49771214
0.46278828
3.6548948
0.51006573
1.9118161
2.8531375
0.7757338
0.6098985
3.0942059
1.5634825
0.33922815
2.4966755
2.1248956
0.9505192
0.6379329
2.830491
1.3189785
0.6124712
2.3685493
1.3423073
0.41435653
1.6038979
