0.09661911
0.09047138
0.17813861
0.15842217
0.14274716
0.19736984
0.12436801
0.14832935
0.1142773
0.104262754
0.13638102
0.123368025
0.16061044
0.12417664
0.16786115
0.1630798
0.29252765
0.18047878
0.082409605
0.0797218
0.08999801
0.049517628
0.06807265
0.21797276
0.21383697
0.052878812
0.37140876
0.35960758
0.05112561
0.29463485
0.26780188
0.10830711
0.18052651
0.12440201
0.033510022
0.11271472
0.13037948
0.09236595
0.12043813
0.05988857
0.15324022
0.38510028
0.07787427
0.35876086
0.24371496
0.089554906
0.13788657
0.07925089
0.10474822
0.12538645
0.11437988
0.11372149
0.4168955
0.2160089
0.082289934
0.14734928
0.082551815
0.1479592
0.22944406
0.071990535
0.13600166
0.06476596
0.11725515
0.16578564
0.14537258
0.13945547
0.14343876
0.18670101
0.16438812
0.26855943
0.17440747
0.14432274
0.10122412
0.10989517
0.12941118
0.12690684
0.100762226
0.08643302
0.094230875
0.08417529
0.047962893
0.0681573
0.054129273
0.083594024
0.109450474
0.13262537
0.15381643
0.08003773
0.07140894
0.14669648
0.15262724
0.0676787
0.09720525
0.09876965
0.108700976
0.10853441
0.069193855
0.06665837
0.08064478
0.05113265
0.11833185
0.13283136
0.25511444
0.41819325
0.0801895
0.26568887
0.08093174
0.5706627
0.58158183
0.20143488
0.2455392
0.28662914
0.15744248
0.3197858
0.06826615
0.3559444
0.13581687
0.09288841
0.17882499
0.16794297
0.10979833
0.12408273
0.053679418
0.18259235
0.16571039
0.09296374
0.117576264
0.078453556
0.06639306
0.13419512
0.17765784
0.08465823
0.096854374
0.12165408
0.30002373
0.08572293
0.1537011
0.1364457
0.094310105
0.066540875
0.28649864
0.09154156
0.31054366
0.06533536
0.31663734
0.09252152
0.5037036
0.2948133
0.18031655
0.17196575
0.096178785
0.08515708
0.085461125
0.16874823
0.08073272
0.07672727
0.13539115
0.0733951
0.06361906
0.21420738
0.16402933
0.11641203
0.19747046
0.059347533
0.08184023
0.091476955
0.077790655
0.12611303
0.07285369
0.105761096
0.1196702
0.04456753
0.100190096
0.0845515
0.216007
0.10198636
0.1924437
0.16482916
0.11489575
0.088587746
0.1131979
0.07283607
0.08983225
0.041283406
0.05225189
0.09397246
0.17424172
0.14642602
