5.212462
4.953987
5.122812
2.6646075
3.411831
4.175187
3.2646797
3.3149009
2.9374256
14.311736
3.9693675
1.8117422
2.2171907
13.326404
9.965729
8.290994
5.2222824
3.6255674
3.6099877
5.148024
11.302015
6.016729
3.8485818
2.7132206
3.989718
6.639655
5.7074537
4.9004874
2.4497766
2.5452027
16.02361
6.7411623
2.03965
9.873722
8.319456
5.377448
4.664168
4.5135975
4.3852196
3.0442195
2.993972
5.9737797
4.3936462
3.2686732
5.374051
4.996745
3.1091738
7.213291
7.057611
5.7464485
3.4559214
4.7053957
4.1872125
2.610197
2.9641583
4.5524035
4.3601155
3.6549706
5.725157
5.2085495
2.8852925
3.3118777
4.482197
3.0012317
3.754606
4.1933794
3.9921963
2.0751777
7.9516516
7.246381
5.6522307
4.3024592
2.4201345
3.719664
3.5725384
3.0816374
5.628376
5.3230906
3.711691
3.598555
5.4987187
1.172823
8.814094
8.652563
5.922386
4.286157
3.5597134
4.3517656
2.3324757
6.121543
3.5985165
2.1884446
17.231438
5.888505
2.3038402
15.108705
13.755833
5.785165
3.5127637
7.1461344
5.6449213
3.9225414
10.792345
2.6701746
6.2841067
5.3262215
4.6768494
3.735806
7.0299973
5.872075
3.8467436
2.7148886
4.216879
4.0847945
3.8771844
6.8512073
5.3740015
3.783116
2.88182
15.957777
7.8408647
3.234622
8.710121
8.977875
3.9510126
6.716476
7.6733813
4.4549074
13.015215
10.74398
5.270517
4.1300774
3.6944573
4.6475515
5.829112
4.4252224
3.3352246
4.0519857
4.2960486
2.6250234
3.9034126
3.3793445
1.7647475
7.840009
5.150343
4.356844
3.2895412
3.5426936
3.5623105
4.1504745
3.5032475
3.99024
3.1388214
4.6070814
3.9859836
1.3400669
9.938431
10.490059
8.455039
5.9355216
3.6483998
3.1250048
3.6537051
6.566654
6.7469616
5.443229
3.7091603
2.7853246
4.0367537
5.143998
4.8710074
3.0056784
1.0469708
14.567257
12.781603
7.8550305
3.0393043
1.9894146
18.64738
9.533318
5.0666533
3.1565435
7.1669645
7.523454
5.13124
4.251876
2.2537909
6.4686346
