1.5963058
2.7848077
2.4537678
0.9885607
1.8520432
2.3546839
2.221091
0.83733726
3.7101636
2.745132
1.8299367
1.1459668
5.253655
2.141931
1.066191
1.1515418
1.8288208
3.47367
2.8254535
1.389439
2.960176
3.1197207
0.4640373
1.9295018
1.9066403
1.8760283
1.5380896
0.71473074
3.129773
2.612714
1.9514802
1.2297584
1.3413601
3.3968525
2.9973276
1.081332
3.3478026
3.082994
1.2248155
1.4018399
1.8745337
2.2040567
1.4994063
1.5300801
1.4437068
1.3029737
1.5811856
2.4312198
1.4430681
1.3268657
1.9073187
1.6428483
1.8272365
2.3919244
1.8424363
0.97165215
1.0768045
6.7948847
0.34494662
0.7971464
2.7275648
2.4675221
1.8664787
1.3037214
1.2535734
2.2868657
4.4946384
2.387847
1.7587044
0.53595006
2.6427302
3.4471505
2.7041993
1.4840856
1.3249531
2.1884413
1.726347
1.103594
1.5638747
1.5550294
3.2991467
2.937742
0.86136115
0.77134305
1.6800325
3.18473
1.3626913
0.91891074
1.9954515
2.4430513
1.6064434
1.4785305
2.0616984
1.0261602
1.3010247
1.5184066
2.3904915
2.2102602
1.7668014
1.7224653
1.3714312
1.713286
1.8743702
2.168551
1.890368
1.0785255
1.8884556
3.774675
1.9035625
1.0825117
1.0380127
3.018649
1.6129985
1.9319147
1.3843038
1.0183704
1.8652815
1.9264641
2.3089805
1.6588839
1.3861735
1.4570324
2.5372586
1.076961
0.8605167
1.3194513
2.9427547
2.7427135
0.9303497
1.3362995
1.5581343
1.7330321
1.962914
1.6247474
1.6369084
2.251084
2.0885482
1.6277704
2.0410557
1.7517716
1.8685793
0.4817065
7.1942935
3.8381934
1.0833032
1.3579395
2.258029
2.1656127
1.4686525
1.382277
2.0142121
2.3544774
2.3706055
1.7548914
0.92843914
3.5615916
3.0055451
1.6826947
1.7473894
2.4038792
2.3064477
1.0841432
1.1953127
3.3108811
2.8985662
2.096567
1.2383701
1.6462029
2.3742595
2.6460059
0.753546
2.9255998
3.020048
1.6054151
1.207877
3.5876534
2.7139368
2.441749
0.40530366
2.04388
2.7169263
1.3285415
1.5332261
1.8364581
2.1648402
2.196166
2.6532545
1.9487783
