2.1819358
1.2309353
2.2024832
1.8493508
1.7982265
1.9583265
1.1929905
1.4725242
1.9867258
1.058919
1.4346628
1.9049795
2.0826035
2.0427527
1.8574595
0.5424091
1.7694051
2.8081698
2.6055331
0.91641283
3.6471517
2.3894134
1.9540738
1.3026165
3.4236264
2.2782
1.0624983
2.2097573
2.6590452
1.0909026
1.8181679
1.9118736
2.2775636
2.477951
0.28687102
5.4922132
3.9424567
2.4187288
0.5799763
3.1769726
1.5862424
1.8570635
1.8978817
1.6514812
1.6221402
1.193833
4.271302
0.68548334
1.1541746
3.8673153
1.3726208
1.5128545
2.937501
0.9701776
2.2887945
1.7965117
2.3488421
1.5497627
1.4480977
1.5653417
2.4015698
2.8375802
1.8069229
0.74898636
2.90553
2.3097563
1.9118993
2.16523
0.85442567
3.9992573
3.5480442
2.7182934
0.34273037
2.313025
5.194853
1.6369054
0.71316373
2.3748982
2.6528497
1.9670168
1.8374597
0.6304937
1.4028385
2.0560107
2.4299207
1.7589817
0.8926718
1.4905686
3.6094851
3.011211
0.9756347
3.1392012
2.5968783
2.479857
0.94658566
3.0432415
3.175437
1.5084307
1.3022871
1.5820466
0.6094645
4.7072277
3.19981
0.37863335
4.269926
1.8025153
1.3520617
0.99431455
2.0507693
1.4039758
2.6976614
2.4240909
1.6156844
1.2667387
1.3148458
3.3544633
2.523562
1.6008422
1.4517813
1.3970124
1.8299124
2.2102284
1.8858237
0.619025
0.78308463
5.1227326
2.5475674
1.8717788
1.2103112
1.4736634
1.2839525
1.3923304
1.2703844
2.4811487
2.4411058
0.918365
3.2784982
3.0620098
1.9088975
1.7620789
1.1863785
1.5298569
3.8006349
3.427185
0.2907766
6.679863
2.1180923
1.0669177
0.63836044
7.629538
0.75674236
1.5858228
2.6773348
0.19412392
12.40201
0.27599752
12.805944
0.010780316
20.579464
0.7996348
13.120518
0.89439446
3.8493106
3.1819868
0.17942914
7.7088885
2.0781865
0.08333869
3.6787004
1.7395761
0.3797514
3.0911493
0.8961003
2.3232186
1.1809554
2.1295552
0.69474703
3.1623998
0.4870395
2.177856
1.6596775
0.5852713
2.3919802
2.8779268
0.28315383
5.105257
0.3952065
3.2696826
