2.6155038
1.8483264
1.3767803
1.2745845
1.7199591
1.7167282
1.7745731
1.8323252
1.4187222
3.800157
2.3294082
2.5969567
1.1514046
1.9953363
2.4599304
1.907879
1.9871893
1.9755192
1.3446779
5.269293
0.6161618
1.8632683
3.2052517
2.6067407
1.3065436
1.7362955
2.2777865
1.4807434
2.2115865
2.4025633
2.412732
1.1487381
1.5822369
2.180878
2.9627109
2.027528
1.2143753
2.5041664
2.053125
2.679924
0.90354216
1.4938018
2.5674865
2.1451306
2.0160098
1.559242
0.7735339
1.580039
3.084456
1.0530865
1.5772479
1.2337221
4.9287453
3.503241
1.9405172
0.999566
1.9805428
4.2108016
1.6661973
1.2360499
1.8629749
2.0487967
1.5918014
2.4611645
2.4729548
2.4763932
0.45671278
6.391057
3.520419
0.5932802
0.9791428
7.601975
0.42023787
4.3409414
0.14570497
14.885559
0.2154028
15.015299
1.5202067
0.64632475
6.2029448
1.9509403
0.8261711
2.5100727
1.26978
1.8878314
1.3092982
1.5549684
0.7397639
2.3860774
0.9316689
1.3823347
2.0022848
0.70428646
3.551806
0.36864775
3.5313754
0.9525889
2.9808812
1.7197089
0.35539824
8.500906
0.18697408
5.3086486
0.5404137
4.7069435
1.9603403
1.3307798
0.25920963
8.016124
0.49370843
4.609235
1.6400855
0.80792755
3.3935428
1.3005
4.105986
0.8298028
2.1488204
2.3241687
1.1074753
1.6997994
4.762342
0.7081893
1.2642177
3.387259
1.8210506
1.073119
2.3518324
3.0089734
0.6875436
1.7210038
3.6053238
0.81116986
3.7804124
1.2690737
1.8402828
1.204577
0.69109476
2.459293
2.0116537
0.80801713
4.6545944
1.6166148
0.8846164
3.6434808
0.6892837
1.272433
2.5752144
1.2257457
3.8603592
1.6243145
1.0479167
2.1345942
0.8583215
3.1965516
2.170745
1.544452
1.1525533
1.0895892
0.4882841
2.1416898
1.0490654
0.86209077
2.6568947
1.5950989
0.9283453
1.4585882
1.3404801
1.3092626
2.49087
1.5309279
1.0216134
1.6971622
0.8489018
1.6838688
1.6245937
1.8439916
2.0603187
1.243665
0.91283387
3.3471875
1.3590292
0.9242412
3.5782695
0.2836907
9.102901
1.9373724
