1.8538998
1.4117466
1.7489629
2.323864
2.6844368
1.6317431
2.0619087
1.0106486
2.086844
2.7444746
1.8289821
2.1431532
1.1144859
2.1620958
1.8386954
1.3420565
2.8289309
3.1312249
1.742382
1.5988712
1.8883635
1.8684773
2.0317378
1.4655159
1.2036809
1.8226353
2.266971
1.8568898
1.6435227
1.5897145
2.0410256
1.4370549
1.6073791
1.1068403
1.948659
2.8611097
1.7791257
1.7076962
1.3954601
1.3985422
1.3093042
1.205832
2.03479
1.8209836
1.8148618
1.3600159
1.3455336
1.3472636
2.5300932
2.7183561
1.8817278
1.5142471
1.4319105
3.5932937
3.1533794
3.3304172
0.25285578
5.8468204
3.52612
3.2894826
0.4698149
2.4141579
6.11428
0.8979858
0.8451377
3.1786194
2.3272808
1.3826754
1.621599
1.7673584
1.6884621
1.867446
2.5607991
1.8545799
2.0416508
1.4397421
1.715649
2.265564
1.5935283
1.4804398
1.5927575
1.8123388
3.866191
2.0283303
1.4729424
1.4876097
2.1101801
1.939946
2.0065322
2.147468
1.3601099
1.6260633
2.1343334
2.274919
1.3381455
0.91271657
5.017327
2.6496325
1.0501001
1.1781234
2.1988509
2.2928286
1.4197323
1.7113357
2.980165
1.2702848
1.6060629
1.8322066
1.9740502
2.2795725
2.2840433
1.9103897
1.4955144
1.6428404
1.6531991
1.5601084
1.9602287
5.336619
3.9853048
1.9031299
1.2152327
2.8391829
2.2628987
2.332615
0.97420806
1.627985
1.0606036
5.619746
3.7875915
1.0069056
1.7428951
3.829011
2.537683
2.1492732
1.5714731
1.3764052
2.2246356
2.5292726
1.9129465
1.135487
1.6180669
2.3440456
2.1703548
1.9121237
1.8449417
1.2595718
1.7473285
1.387529
1.5612531
1.8535931
1.6995716
1.678437
1.9494115
1.6556337
1.6227399
1.3935323
2.8753183
3.0463727
2.0841322
0.85442984
1.5705451
1.5484219
1.5695585
1.6292324
1.3679743
1.3249129
0.9510164
4.6329618
2.5815372
0.8129282
1.2104323
4.699658
2.542932
1.4885406
0.9146867
1.6927881
2.3479452
2.5966773
1.4689314
1.4369237
1.1942091
1.7925744
2.2428885
2.0637033
2.3020456
1.4356308
1.1149995
2.593122
