0.0668302
0.13395205
0.08339966
0.06727878
0.04737754
0.15361106
0.25539154
0.46002445
0.29947641
0.13074389
0.088683195
0.3544093
0.023839323
0.7466204
0.24405776
0.10934806
0.05236908
0.09634945
0.08363799
0.32816344
0.3554455
0.07424492
0.20244488
0.1089275
0.035248604
0.109194264
0.27926365
0.09120082
0.19977972
0.06246919
0.058962226
0.15230179
0.09028733
0.08816161
0.08546761
0.23166607
0.14479135
0.072577775
0.061575927
0.1192445
0.10683496
0.07747337
0.15290079
0.10991767
0.07322053
0.14007795
0.23516324
0.43153986
0.38453227
0.06371828
0.10741355
0.10424468
0.041535527
0.120845705
0.23853025
1.0493311
2.306252
0.052048918
1.39808
1.6875682
0.28811163
0.05592305
0.092588365
0.087338746
0.25555095
0.11422408
0.30224034
0.3858025
0.3219409
0.13549305
0.22029087
0.076619856
0.13398607
0.17353582
0.052214682
0.1608051
0.10394703
0.1541813
0.0856574
0.14420195
0.24115027
0.34553978
0.03254273
0.059166234
0.4411928
0.21410818
0.06849621
0.09697373
0.09612515
0.05872561
0.1437841
0.09923493
0.09219493
0.18519454
0.12987879
0.07476011
0.053946197
0.10303073
0.15025005
0.16457209
0.10745269
0.13414037
0.06870635
0.22218294
0.15559319
0.08520735
0.18605843
0.100759104
0.5851576
0.59658265
0.08397786
0.1574681
0.053111456
0.09078351
0.16994612
0.06707157
0.12338988
0.122359164
0.062734485
0.11413958
0.12093916
0.108131394
0.12846428
0.06510925
0.076870896
0.13105536
0.024029594
0.0540508
0.19070989
0.08255535
0.19129668
0.07322689
0.37387532
0.35338888
0.16011293
0.25804973
0.08001957
0.099991485
0.15813218
0.066340886
0.08408237
0.105541185
0.096799694
0.1466743
0.0897906
0.1065874
0.06983839
0.07691788
0.054154508
0.19270833
0.22543404
0.19789009
0.07222382
0.32846722
0.13060483
0.17753255
0.041883193
0.043472096
0.049914334
0.07869073
0.034621317
0.09292722
0.13016045
0.14197503
0.0734822
0.13003363
0.10079817
0.06871618
0.07027073
0.12326697
0.15940356
0.08807859
0.077021286
0.05428358
0.087943695
0.13309322
0.039202094
0.085668094
0.04335819
0.12818892
0.076034985
0.04209835
0.435024
0.66883314
0.11042979
0.1126902
0.20221166
0.055943668
