17.626982
5.3918114
10.705904
8.06247
3.0345626
7.2453465
3.174729
2.4147115
2.98869
1.8977667
2.0018563
2.5767765
1.9349701
2.1862812
2.163121
1.7441263
1.9949613
2.6195867
1.536368
2.6462622
1.9893317
1.7644641
1.7401898
1.3352084
1.6231874
1.2341163
1.6744751
1.9780318
1.6690476
1.611114
1.5864217
1.6065288
1.478305
1.3493574
1.4950094
1.3695691
1.4018004
0.883033
1.2064033
1.054704
1.0849409
3.1916091
2.8021564
2.885128
1.583953
1.973608
1.2327406
1.2877994
1.5294082
1.3067048
1.1834971
0.9831151
1.2400079
1.1119773
1.416051
0.90059376
0.6549115
1.1450475
1.1612978
1.1198671
1.0682139
0.89179873
0.4365936
1.201145
1.3572321
3.3989522
2.1790385
1.5889659
0.8044739
1.2625221
1.1923622
1.0354974
0.70454264
1.0731733
2.1069481
1.6149255
0.63266987
0.6711105
0.73281235
0.7517795
0.7525234
0.68776023
0.605181
0.5104569
0.5507382
0.6014789
0.5247849
0.6657253
0.89760906
0.6051579
0.7547007
0.7870393
0.8160142
0.5812484
0.28797695
0.33999735
0.39323348
0.5115989
0.7195474
0.65227985
0.59161454
0.7533365
0.6589494
0.5290061
0.33159035
0.19163711
0.28564873
0.3980663
0.47735777
0.41168457
0.45201692
0.27056417
0.14215797
0.4758667
0.6762464
1.0405796
1.0418198
1.391156
0.65907824
1.2102416
1.1919204
0.6258295
0.6116259
0.34530118
0.41508585
0.5250086
0.4510906
0.40437487
0.42651784
0.38427454
0.42958102
0.8184518
0.8123792
0.35718992
0.23665252
0.24773674
0.40456557
0.27813548
0.28301948
0.2214643
0.2626638
0.40098506
0.6915287
0.45106867
0.3794412
0.18049988
0.30578098
0.34549636
0.21079925
0.22531258
0.4056388
0.15124199
0.25499922
0.15555479
0.20407045
0.5893979
1.751398
1.3019518
1.1400143
0.49341667
0.34772965
0.43426818
0.42838904
0.29396653
0.37536228
0.32987347
0.16296095
0.44165525
0.3790963
0.2955086
0.6409354
0.73026985
0.18247566
0.14083259
0.18887036
0.8232366
2.3134663
1.0761477
0.29460007
0.88666606
1.1500217
0.68959266
0.2522834
1.3476709
1.1460475
0.33413962
0.11827401
0.29111743
