0.032257974
0.14731833
0.056352686
0.1993621
0.13192225
0.04203958
0.069727704
0.15363654
0.15332259
0.057423156
0.070391335
0.097537294
0.27082816
0.18494572
0.06062928
0.054918375
0.07102939
0.1534729
0.100327715
0.06675517
0.17684975
0.02788646
0.28000304
0.16430081
0.07047168
0.0584191
0.07503691
0.12599963
0.17987297
0.046488494
0.067360625
0.10761074
0.09403922
0.14018236
0.05395477
0.19800225
0.18564972
0.018846232
0.12982574
0.06212329
0.094695784
0.045793638
0.07102308
0.07512758
0.040609837
0.06159784
0.05312728
0.117584154
0.15565762
0.06433068
0.13206229
0.1337786
0.051897638
0.027304081
0.03208507
0.12574676
0.06703919
0.33448675
0.46585685
0.075720154
0.15302205
0.059824318
0.06120931
0.121215105
0.0781623
0.13238144
0.17972931
0.11439076
0.043470908
0.18396683
0.18810274
0.10077355
0.094981246
0.12962899
0.10798901
0.09436797
0.11584446
0.1347134
0.03375633
0.07642157
0.12993291
0.06466738
0.23495685
0.075202934
0.09314638
0.11994294
0.16620491
0.0860319
0.105080426
0.032503188
0.044769716
0.059788115
0.037107795
0.084193796
0.056205958
0.09044481
0.08344631
0.11630446
0.09881957
0.04637153
0.07476002
0.07275441
0.058984317
0.045920778
0.07337583
0.105775
0.07033408
0.13516216
0.21098931
0.061228067
0.04535256
0.12287678
0.09548077
0.055211112
0.055081718
0.11208153
0.07522661
0.077878945
0.06007516
0.07920039
0.10638696
0.06824784
0.08536141
0.15672131
0.09696402
0.06019479
0.16182469
0.080465175
0.07394444
0.055401277
0.07879644
0.05291979
0.106717676
0.07088259
0.05228521
0.11248429
0.06469688
0.07864694
0.049013775
0.08062877
0.070628434
0.20166144
0.3376514
0.20327722
0.127211
0.100750335
0.09061189
0.053831607
0.08610889
0.04853002
0.05148299
0.025017204
0.037871372
0.08084476
0.08882387
0.18825734
0.056360073
0.08612918
0.057147123
0.115612164
0.069004476
0.15613559
0.1298093
0.15217556
0.07618141
0.080067076
0.11555469
0.28188223
0.1034766
0.10988021
0.26325336
0.18274967
0.11346013
0.23495533
0.08317985
0.17224482
0.06347057
0.04106212
0.24944262
0.15959911
0.09203916
0.14510423
0.053590044
0.089978024
0.09501009
0.05991615
0.029502437
0.04913622
