1.709532
1.3777344
1.3942306
1.0497464
1.3697016
4.029688
3.71636
1.3094462
1.5230074
1.7414913
1.8779869
2.3184364
1.5173435
1.9936074
2.0756829
1.7890736
1.1660566
1.5906296
4.2903037
2.9076538
0.28824198
2.8697386
2.964413
2.9241862
1.5696046
1.1982818
1.8548803
2.37644
1.973657
1.2371199
1.5167699
1.332062
1.344871
1.2546844
1.5344106
1.5658022
1.4167407
2.13597
1.8376433
1.9606271
2.142118
1.6119832
1.1485803
1.1480198
2.2740254
2.2677002
3.185606
0.090679675
15.116172
5.8921185
0.10135163
17.332111
1.3902004
0.1369527
13.873481
0.5431422
6.998751
0.042837836
9.205297
0.45247883
6.9518366
0.77954865
3.1849527
2.7581522
2.159214
1.815348
0.60340524
8.369819
0.5847601
2.366612
2.3673105
2.2859502
0.45407206
1.8380373
2.2436085
1.7943298
0.2891308
6.067107
0.9397038
1.6466961
1.7716054
0.29862565
4.105192
4.0012603
1.364589
1.1422851
5.3050423
0.5440403
1.8172413
3.3897257
2.0427136
0.54973656
2.4551191
1.7457469
0.80475694
1.0327514
1.2013844
1.6501676
0.38477364
5.32154
1.8830552
0.36351305
6.2466917
1.6111511
1.2532938
2.0705235
2.4388063
2.4491706
1.2348491
0.5294601
2.850914
1.142586
2.1074502
1.865932
1.6262491
0.4702957
0.82642436
2.9486902
2.7406325
0.7144604
0.8704109
4.195775
1.710474
0.60920155
1.0077226
1.6852117
3.193106
1.8193963
0.96394336
0.9906304
2.410544
2.1483307
0.7886939
1.331997
0.9789972
3.121294
2.6283114
1.2469363
0.7980883
1.2057596
2.509056
1.9596164
0.7690276
3.3854432
2.3517544
1.8343322
0.6069849
0.855058
1.333818
2.0060513
1.6259284
1.8951695
1.7641871
1.3574691
1.5968685
1.786015
0.58693135
2.9329312
2.1768732
2.5513997
0.86907893
1.7757995
1.5124772
1.473969
1.3394701
1.6660593
0.9586389
1.3810532
1.4226383
1.3486264
1.0527976
1.6936473
1.5271659
0.4393642
3.7872121
2.7296424
0.47643518
1.1960093
3.1737576
2.0129972
1.0424417
1.5176597
1.2189536
1.4787198
1.3128722
2.622511
1.6357596
1.4036593
