0.05080217
0.07378366
0.050128292
0.08104632
0.093406826
0.039955195
0.111311905
0.069787286
0.048232496
0.037844434
0.025111392
0.035545543
0.080744214
0.071920656
0.027439255
0.03873161
0.07141006
0.08873816
0.0748004
0.088277645
0.0977868
0.0636147
0.059140474
0.046634536
0.071694046
0.0426746
0.067378566
0.062169142
0.06037969
0.06454526
0.09374359
0.037225276
0.057109483
0.057235397
0.14657676
0.049137782
0.07689978
0.038004678
0.033536777
0.020979641
0.053176746
0.039453756
0.09533143
0.07366416
0.06806271
0.03844612
0.1925362
0.29662964
0.076638624
0.21291527
0.15875012
0.02571558
0.05976247
0.15158539
0.016024306
0.031586017
0.03430157
0.027855348
0.06958181
0.13815221
0.025381926
0.13500078
0.08143973
0.06948664
0.051318046
0.048709635
0.04604143
0.04104943
0.043344162
0.02088706
0.036193427
0.051377743
0.04493515
0.047785617
0.030265946
0.044149306
0.07130073
0.034547895
0.04900995
0.061627876
0.03640911
0.16107295
0.18437728
0.034226827
0.24052806
0.113860376
0.041061766
0.04181984
0.035777926
0.03525447
0.052437548
0.09204075
0.09472176
0.027076326
0.02562093
0.052671887
0.02528741
0.057896502
0.031353854
0.055146497
0.042797852
0.05851026
0.06970043
0.06387164
0.061702363
0.038607556
0.07672354
0.070273206
0.05508582
0.040744364
0.02698668
0.081626184
0.07100062
0.07682225
0.035337634
0.09615339
0.073447846
0.053096406
0.021256313
0.040671982
0.053402293
0.05878999
0.042107005
0.12067594
0.06358369
0.13107182
0.053091504
0.04310089
0.034424923
0.07429474
0.12355791
0.083312586
0.037925176
0.06625681
0.0435978
0.056934834
0.027304085
0.09281752
0.043662127
0.13347308
0.06175857
0.17458808
0.06782281
0.031097613
0.06553222
0.04862406
0.03649038
0.023790957
0.060898826
0.07067392
0.16230589
0.028766068
0.14305504
0.029873459
0.082057044
0.0561429
0.09509146
0.060628287
0.04209809
0.056991544
0.06825183
0.1262652
0.12840196
0.07301253
0.057517424
0.06287998
0.114462554
0.08424759
0.027730325
0.045158483
0.09689043
0.08472462
0.039441224
0.03970456
0.082410716
0.0640334
0.06473699
0.030728526
0.04428652
0.0243393
0.08564775
0.06438719
0.052799948
0.042538702
0.044434097
0.03819705
0.11157596
0.1611297
