1.9278471
1.4201992
1.8348458
2.0907466
1.9669741
2.5825846
2.3967032
1.6403975
2.0499787
2.02217
2.4854317
2.026399
2.3053417
2.459
1.4143016
1.8763413
3.8249168
2.5962036
3.191989
1.5778413
2.015687
1.7855668
2.2884986
2.514678
2.2514224
1.908598
1.586855
1.960936
2.9837856
3.2196453
2.3499835
3.2505322
3.3863306
2.2221124
2.5472028
2.6769824
2.8395758
7.8990936
7.5756645
4.7214127
2.6108596
1.9436977
2.4332595
3.5340085
3.576722
3.7413952
0.6530866
7.782665
6.5338078
3.4454823
4.318473
2.5110705
2.4862761
2.130293
5.0761633
4.677346
2.7802103
1.3638428
2.2117958
5.2581625
4.9878564
4.337349
3.4033546
2.1240132
3.0943973
2.5227246
2.4012663
1.6461279
5.559575
4.3539186
2.6670833
2.2486296
2.0504174
2.7013793
2.434372
2.8032012
3.1495624
2.3227725
2.6363242
2.3404562
3.1461165
1.9360234
4.692482
4.5459404
3.0320275
3.513208
2.7419648
2.197113
5.3178854
4.60384
2.144055
2.5036807
4.259051
5.182925
2.8444507
2.105111
3.365726
3.373287
3.0258236
3.3095548
3.2895536
4.0265875
3.087811
3.1008923
2.855711
6.7657557
2.1400123
5.698998
4.8331614
5.2320156
3.8925798
2.4837117
3.7860847
3.9686966
3.9968135
2.361362
6.4753237
6.46964
4.3073893
3.9189324
3.8650203
3.1433773
3.1302338
3.0543976
3.466594
3.628463
3.898518
2.9901972
6.079589
4.459698
2.8656793
3.5936089
3.7977886
3.5915022
4.849346
4.791971
3.9039688
3.747449
4.3662367
6.2684617
5.4091015
3.618833
7.7272406
7.0986137
5.854057
4.068456
4.9333224
4.864623
2.7235274
13.153555
11.900128
8.719929
5.55088
4.046914
8.314418
7.486415
5.8947144
4.8302364
5.062728
5.3379583
3.5064719
3.3731866
5.983597
4.801716
3.7898498
3.3818135
10.915159
5.9464703
5.934283
4.674074
5.3853884
4.7837806
8.484234
6.4135494
3.9539804
20.394688
9.40619
6.0999765
11.963089
0.27456838
30.025234
12.762991
4.680824
11.858531
8.063279
3.712736
6.6739616
3.37476
