2.225229
2.0511255
1.0283678
1.7387846
2.3654842
1.8242378
2.2333035
1.5193369
1.8569994
0.9420191
1.0220302
3.260221
2.2074594
1.2774796
1.2971241
1.2810619
1.3912027
2.4351916
2.0462139
1.8014138
1.8866193
1.9165804
1.1148305
2.7718945
2.2496312
1.5902269
1.167576
2.0341682
1.4491405
2.5748143
0.94574267
5.595005
2.3033333
1.027267
0.58971
7.122574
1.3498046
0.548221
2.974208
1.8516467
1.4942442
1.0542828
2.2180862
1.4571683
1.3763046
1.2289882
1.1099082
4.363141
0.6994671
2.4239516
2.3475456
2.1245213
1.6474481
1.3035393
1.4538994
2.2505054
1.7210345
1.3462462
2.002318
2.0306764
1.4441724
2.4138846
2.2475402
1.2069069
1.5843707
6.6173778
1.0991306
0.68248236
2.2280235
3.5457437
0.68839633
1.0656252
2.722158
1.371412
1.6101611
2.0322218
0.24766712
2.4579043
2.3723686
2.2648067
0.27757534
3.9947913
2.7707639
1.5411131
1.3894701
1.6315832
1.0238279
4.2382593
0.19314
4.5481133
3.412519
0.08321889
12.817173
0.40524295
7.3551016
0.12664314
9.171297
0.80939376
2.945687
1.2935687
2.2826123
1.393929
1.5338165
0.7302634
3.263731
0.98588336
1.8189721
2.8590126
0.38238
4.6504793
3.0735464
0.33948556
1.8365636
2.2253923
2.5672536
0.36146244
4.8324513
1.2616677
1.3945303
2.5547366
1.7920687
0.6138501
2.1421175
1.7510583
1.5021572
1.5152678
1.3938107
1.4603856
2.066968
1.6679931
0.8405231
2.746313
1.2765003
1.3626914
1.7489638
2.5995526
0.6136978
7.240832
3.1037807
0.49621552
3.8511536
2.8082242
1.0818716
1.5455004
1.4440446
1.3098891
2.0710444
1.6823457
0.8168489
1.4402843
3.3855917
0.5241933
1.9611284
2.1472158
0.69160354
1.3716642
2.3508162
2.4671683
1.9375031
0.90297747
1.0247846
2.385085
2.1328678
0.5208719
2.7357938
2.47236
0.48112133
1.4321389
1.6487949
1.3485279
1.4210206
1.0652428
1.5350806
1.4526491
1.6055791
3.357555
1.4657743
1.2054782
2.7006063
2.259728
1.3594972
0.89880484
6.7430887
1.048425
0.7084383
3.7430003
1.6610503
1.4062473
