13.565944
13.207719
6.556566
2.922741
6.4169884
7.068205
5.9106894
3.5120838
4.115656
4.8749456
3.1418343
3.0805035
3.0789192
1.4177635
10.873095
11.427881
8.222746
6.805997
3.9639435
2.4786673
11.030457
10.478721
8.532612
5.080888
3.3092027
6.9084167
6.5082664
5.6429973
2.5572634
2.8241892
3.8697634
7.1605926
7.9199615
3.844036
3.179381
6.1053996
5.622423
4.8562155
4.7236104
3.7247548
2.165631
5.001899
4.0843368
3.2686553
1.9431556
6.727974
5.3811417
3.5728421
2.744329
4.9052906
4.402919
3.0943918
1.8551013
13.080929
8.639131
5.8177032
2.7201838
5.208709
5.122428
4.7076874
2.9086719
1.5345057
19.426178
12.183313
6.147843
1.9132175
3.8311143
8.137983
7.2847066
6.9372573
2.8797886
6.7271385
3.498799
2.533616
7.7793684
6.520488
6.2979345
3.3870926
2.603118
10.465088
8.027962
5.6956186
3.1249137
4.728594
4.452441
3.946525
3.5304437
2.4934635
1.2023561
4.9181275
3.7935495
3.5935676
2.7278035
5.698886
4.775417
3.1531425
2.6382136
7.0370917
4.173766
2.3589568
4.4925156
5.650351
3.8150485
3.0331569
4.067507
3.3444953
2.0268455
6.566963
6.8181057
2.4387403
4.0270653
4.2921267
2.9534402
4.1285534
0.8485834
4.219571
5.2993064
4.6282806
1.7382115
3.5280101
4.2919626
4.3059225
4.0356283
2.666588
3.1960077
4.2230206
4.2348657
2.8760471
1.683881
9.338347
8.91349
8.192144
4.4796104
3.4561617
3.179206
6.27312
7.234067
3.9442952
1.4686489
6.892526
6.6896124
6.898677
4.480172
3.4255402
3.530146
3.5030413
3.7583609
3.3281398
2.4464273
5.4060435
3.7246232
3.6398356
3.2103517
3.1471097
3.5303388
5.7280874
5.6838856
2.9271
2.6520724
5.0880785
5.639077
4.5479174
3.5107124
3.6029239
3.8149743
3.9533978
2.7865949
1.9604536
13.976246
14.595216
7.0007315
3.7245126
3.9815912
5.0137653
4.357046
4.375654
4.135137
3.3579402
1.1068606
16.970596
12.989398
9.033177
4.4523654
1.3899652
18.212254
19.129978
7.876813
2.6718588
