0.7674878
0.8300482
0.9197739
1.182026
1.0568557
0.90650135
0.9837606
0.8884146
0.93568534
0.9411001
0.7796073
0.99537444
1.1618705
1.3489658
1.248244
1.3484395
1.335154
1.1991569
0.94818085
0.8900565
0.9811125
0.79253936
0.86978054
0.90317464
0.89732444
0.84614515
0.6209887
0.9386514
1.0383353
0.8569409
0.94090974
1.1213024
0.9551935
0.79149497
0.7808527
1.0131166
1.0136439
0.9447654
0.7473967
1.0303167
0.888269
0.7931226
0.8396671
1.3458108
0.9075152
0.8115926
1.0972064
0.9229242
0.8532462
0.8407744
0.8296577
0.8040385
1.0179719
0.7999711
1.0357604
0.94516814
0.7951943
1.0741011
0.97017705
0.9771162
0.79553604
0.9543161
1.1299956
1.0858573
0.94275236
0.889344
0.7926782
1.0167239
1.2328275
1.1226137
0.92649543
0.8222397
1.0150449
1.0100383
0.7745341
0.7625724
0.99418557
0.97020423
0.910949
0.784899
0.8802216
0.8158957
0.81749594
0.99844813
1.1442912
1.0941534
0.9776063
0.9205718
0.86216366
0.6322701
0.72530305
0.935753
1.1967466
1.1226187
1.0174413
1.0664599
0.8330816
0.7918018
0.80396885
0.7163602
1.0310929
0.90039355
0.9486383
0.70581806
0.9492552
0.95995843
0.8565472
1.2264403
1.119633
0.9484329
0.7644608
1.1831467
1.8136665
1.5297762
0.89239246
0.92986584
0.96180683
0.8254922
0.78128433
0.88786304
0.9290612
0.781258
1.0638778
1.43667
0.7382463
0.87867165
0.99849975
0.83389866
0.62994796
0.6911371
1.0483313
0.956747
0.74996996
0.7386929
1.0085988
1.0661849
0.8084322
0.87005824
0.8885822
1.0793861
1.3623831
0.9204887
0.8823578
1.0889494
1.2960144
1.0517564
0.843309
0.8240069
1.1638329
0.88542086
0.7040928
0.9068638
1.5368357
1.2701418
0.9004022
0.90344596
0.8398477
0.80367684
0.66716427
0.91967803
0.8057419
0.86320055
0.94432837
0.6859014
0.9463655
0.9602475
0.7533355
0.76591945
0.9362037
0.7089517
0.67335844
1.0412347
0.89956105
1.1532037
1.283463
0.95222557
1.1590155
0.7069664
0.8845759
0.7506475
0.8048177
0.8078749
1.1319499
0.9959039
0.6479254
0.84855986
0.9805176
0.745463
