0.9843586
0.0057935715
1.3552996
0.048955753
0.35229367
0.017253969
0.030019341
0.22370586
0.13491765
0.07372573
0.09348458
0.105629355
0.08750363
0.27191722
0.41307378
0.049143493
0.06646699
0.06098934
0.08967975
0.04791514
0.50757194
0.091212645
0.32088783
0.078032434
0.15432054
0.4555788
0.049519062
0.052209653
0.2823135
0.22211166
0.07826081
0.23682274
0.011732368
0.37823054
0.09229293
0.2127541
0.04553727
0.04656938
0.06613711
0.0641302
0.16864239
0.13201348
0.104909435
0.061857216
0.13436821
0.21095033
0.061466772
0.11741364
0.046162512
0.15836413
0.078662515
0.120573014
0.12687817
0.70288986
0.9850071
0.03693532
0.01453938
0.26660696
0.03639007
0.034473404
0.23922044
0.11859529
1.2891662
0.80733114
0.48985818
0.0853273
0.218356
0.28104725
0.065783255
0.06054006
0.080418915
0.23089246
0.29158986
0.12574273
0.36539543
0.035779037
0.075819425
0.0532704
0.19035834
0.63215864
0.340897
0.03486826
0.11660605
0.1982991
0.10069956
0.051359482
0.07460565
0.15706635
0.2579735
0.22008827
0.097795926
0.037137516
0.100926995
0.17480049
0.12268434
0.042672724
0.08391201
0.25339606
0.23591985
0.11736923
0.19126695
0.03612261
0.04628755
0.0638747
0.10279181
0.12828046
0.0998418
0.36138102
0.0721557
0.28488547
0.17466135
0.033371586
0.110359624
0.11171958
0.4046303
0.20026575
0.016710635
0.068653196
0.13175817
0.16146569
0.05011268
0.0407856
0.100106046
0.046050828
0.032637358
0.17117776
0.08393624
0.27535444
0.0856895
0.46110636
0.057699285
0.12811838
0.2340977
0.017373977
0.100109614
0.22983539
0.02804554
0.13513401
0.3327306
0.36215594
0.008494535
0.040435117
0.09025755
0.017268345
0.09969728
0.036664948
0.06015748
0.055927753
0.14824271
0.17255709
0.13319226
0.047441654
0.04601
0.11056328
0.06728192
0.12513395
0.07195201
0.14676738
0.07187172
0.12597837
0.023868963
0.060901456
0.04513011
0.052649237
0.099757195
0.04527517
0.13696344
0.09068596
0.55121773
0.055544026
1.0756289
0.039428
0.2520734
0.06273865
0.06913224
0.042899765
0.071627304
0.11622823
0.1700429
0.9395261
0.53041893
0.122109935
0.3772646
0.03749834
1.537059
0.029290723
2.4793212
0.052888695
