1.2860353
1.3488208
1.3842686
1.226165
1.4831334
1.6042563
1.0115939
1.3509288
1.343044
1.086854
1.269264
1.5581324
1.2676105
1.6706432
1.3917723
0.92764896
1.2167995
1.1870122
1.1145911
1.4809842
1.5253866
1.3735818
1.4301857
1.3315601
1.5697879
1.4419587
1.1690361
1.2168664
1.1729751
1.6025864
1.2013373
1.5314932
1.5187964
1.1072595
1.8299837
1.141983
1.3198793
1.2366352
1.2224658
1.2198455
1.1374531
1.3770769
1.4136279
1.549922
1.5379244
1.177762
1.3182222
1.1012298
1.3119259
1.4402502
1.4062624
1.4088206
1.3161623
1.1649117
1.3912842
1.4084057
1.5051446
1.4548889
1.1958942
1.6246308
1.4588969
1.517097
1.6160321
1.692332
1.3385367
1.0010693
1.566685
1.3925059
1.4385648
1.6171043
1.176818
1.1105735
1.3046938
1.3679097
1.5692644
1.2135816
1.5539428
1.1890974
0.930598
1.2748191
1.3978364
1.0200789
1.4697678
1.302743
1.1266602
1.4476017
1.266144
1.3841488
1.2776008
1.28595
1.4092951
1.5374914
1.2927201
1.216155
1.3486593
1.1934369
1.103682
1.0593951
1.488712
1.2260921
1.2996802
1.2389622
1.2639731
1.0740883
1.2697517
1.0378491
1.3688419
1.4363418
1.0620775
1.5079416
1.2894595
1.1895983
1.3250372
1.1189704
1.0867028
1.2235059
1.160386
1.1625514
1.154238
1.2035935
1.1698471
1.2075561
1.4068427
1.2078646
1.241416
1.0146645
1.1184725
1.4295487
1.0040437
1.2172527
1.4604259
0.9662713
1.4306521
1.1290712
1.0950067
1.3523561
1.3390015
1.1733932
1.3569505
1.109969
1.1873379
1.4834495
1.2730894
1.4682903
1.13605
1.2851391
1.3651245
1.1596535
1.3775113
1.0449922
1.3318071
1.3589466
1.1024725
1.280041
1.3250396
1.0873082
1.0199264
1.2372445
1.068815
1.3848312
1.6949812
0.9548942
1.4413791
1.0770826
1.1367855
1.4975798
1.4872879
1.3753581
1.786634
1.3731638
1.5376084
1.3524048
1.2349478
1.2735194
1.3266886
1.377206
1.1269479
1.4135839
1.2560614
1.387433
1.4108107
1.4476347
1.2839755
1.2808979
1.120179
1.2052554
1.1509485
1.2745755
