1.5583279
1.5403895
1.6258591
1.5967689
1.5946112
1.531622
1.6782589
1.608844
1.6141353
1.6519427
1.6490495
1.6828023
1.5462475
1.548273
1.5987902
1.7128636
2.0764105
2.628098
1.7216492
1.8872936
1.7182252
1.6918671
1.6758866
1.5933043
1.6416577
1.6584089
1.5445168
1.5985361
1.6433399
1.5431681
1.554189
1.6523876
1.725581
1.7063599
1.6158631
1.4171185
1.5637674
1.4472678
1.6486027
1.6785243
1.5189296
1.5208652
1.5180478
1.5334706
1.6258969
1.668622
1.6215352
1.7961103
1.5107303
1.4306595
1.5286337
1.6071458
1.6800084
1.6640751
1.5435019
1.4645176
1.5390637
1.5342337
1.6053029
1.6118946
1.5141006
1.82533
2.1012352
2.061784
1.6208737
1.7740107
1.6231636
1.5582063
1.6695819
1.5845765
1.8174089
1.7530904
1.624115
1.7022111
1.7925295
1.5414472
1.5489275
1.7701519
1.6962833
1.6082721
1.6289032
1.5992045
1.5965474
1.6824788
1.6619115
1.4845597
1.5844234
1.562414
1.4620934
1.4655979
1.5741365
1.5523231
1.4543524
1.5612997
1.5910294
1.5772135
1.4769368
1.6156967
1.6989926
1.5862687
1.4739037
1.4499104
1.7108784
2.007635
2.1263297
1.7655137
1.5903221
1.7149198
1.2994546
1.4547669
1.6023626
1.7209942
1.6622639
1.6863405
1.6867061
1.7649803
1.691021
1.4867479
1.5385637
1.545616
1.5402031
1.6849394
1.6661667
1.4808345
1.5065672
1.5116298
1.3822575
1.3653277
1.4832036
1.4857376
1.4879752
1.7659398
2.3886483
1.8547436
1.6016092
1.729727
1.5564625
1.587651
1.8609831
1.7755656
1.5622174
1.5633144
1.6150682
1.4972279
1.4200089
1.4964411
1.5268981
1.6305647
1.8297533
1.8440287
1.5420046
1.3730187
1.5188321
1.8177303
1.9856688
1.8570414
1.4316807
1.5050764
1.6878362
1.5165346
1.5493357
1.7309034
1.6807537
1.6164345
1.5965499
1.6814457
1.8535669
1.8909686
1.7548714
1.6061554
1.9103559
1.5859599
1.4392321
1.459543
1.6402647
1.4763979
1.6118426
1.6352303
1.6482129
1.6310644
1.7183745
1.7216821
1.715445
2.043229
1.8884062
1.549518
1.6568744
1.4717835
