0.96692526
0.9260922
0.80707496
0.82013535
0.97581255
0.8341135
1.5176079
0.40449798
1.9521873
0.6490458
1.1286262
0.7933136
0.8554083
0.8456688
1.007519
0.80291986
1.0449841
0.96672845
0.7217412
0.9465141
1.488142
0.5279653
1.1300629
1.0926238
0.76275337
1.0432806
0.67209053
1.2883228
0.7996366
0.9738221
0.6872549
1.1310153
0.8719858
0.64225614
1.2568353
1.0127239
0.86184704
1.3577945
0.29035586
3.4238598
1.2394848
0.25559223
1.3882252
1.1538196
0.6929785
0.7266243
0.9759606
0.81162024
0.982258
0.9755168
0.7463934
0.76867527
1.041758
0.7301328
0.81099117
1.0031867
0.7000364
1.309737
0.7800829
0.76432204
1.2500389
0.6599932
0.69285077
1.2176976
0.7165226
0.8375935
1.2964336
0.63435674
0.74919975
1.260722
0.76991576
0.69100356
1.3576763
0.58265793
1.0669786
1.3444731
0.6419401
0.85623235
1.1613324
0.7548572
1.245762
0.82555634
0.81715906
0.96177185
0.941762
0.9694699
0.69744277
1.3154972
0.7522624
1.1705338
0.8263595
0.8183663
1.6291014
0.44103503
1.7716191
0.8351943
0.6438383
1.5813146
0.71811956
0.5889468
1.4084892
0.8048107
1.0220078
1.0281398
0.78556734
1.2093217
0.70021856
0.85173833
1.4192215
0.7167108
0.71800995
1.2033355
0.8653561
1.0500937
0.7541512
1.2025144
0.9154291
0.8723923
0.7211893
2.1158695
0.4915092
1.1757035
0.8596168
1.2045774
0.76108396
0.7724149
1.1881378
0.7730223
0.8129887
1.0841208
1.1165345
0.7270429
1.6314278
0.43160206
1.4922366
0.84992504
0.6852849
1.3418245
0.65840125
0.82378036
1.1651045
0.77797735
0.76835763
1.0965306
1.1823773
0.673005
1.0936587
1.0662401
0.8277935
1.0533681
0.822187
1.146138
1.243222
0.5177231
1.5738239
0.71246123
1.2253934
0.9695659
0.9783813
0.4662184
2.1824682
0.652109
0.6168868
1.4544008
0.6705563
0.74279904
1.1355531
0.7368622
1.8230562
0.5143818
0.6704352
1.583072
0.74798834
0.65453494
1.2927854
0.65773815
1.2616774
0.7441288
1.0962111
0.87455463
0.86762995
1.0584347
0.84337234
1.2837787
0.8397044
0.8466383
1.0921974
0.8853301
