1.9929054
1.6215534
1.439415
1.1884143
0.8524008
1.6009421
1.5805672
1.8806524
1.493618
0.96276474
1.41132
1.7737426
2.66058
2.236669
0.62067616
0.729002
3.8539402
3.221842
1.3492992
2.2966685
0.9969801
1.5938541
1.888974
2.932512
2.8186612
1.2096057
1.6202548
1.3494449
1.4820004
1.6621308
1.3918703
1.9160137
1.8529216
2.395272
0.56194115
1.3233795
1.9071476
2.386817
1.8756907
1.8985169
2.1383805
2.3999825
1.338126
1.4469315
4.514778
4.2088394
0.13075553
13.483501
2.2618556
0.3604235
13.211752
0.6584966
1.3490398
1.7109344
3.083904
0.7321992
1.8955958
1.6949874
2.0591588
5.8402853
0.2571206
7.4287176
2.8584507
1.492453
1.1668828
1.7321961
1.8352648
2.0648289
1.0614339
1.0522872
1.8082869
1.4989021
1.1907635
0.6975697
2.6934881
1.8198342
1.3487041
0.33682895
2.442577
1.988922
1.2705522
1.781481
1.7726476
2.170754
1.3405622
1.4922915
1.2235224
1.1414955
2.0790238
1.3436445
0.7596611
2.7942734
2.1722896
1.4686335
0.7947864
1.2809544
2.3261585
1.8227676
1.346642
1.6888478
1.7033553
2.8956022
2.1246858
0.6391718
1.5493926
2.7242184
1.2386413
2.1771736
1.362931
1.4723492
1.2409599
1.642209
2.127141
1.8862066
1.4006302
0.33010763
6.1233606
4.092504
0.6766876
0.684305
6.094227
2.6016603
0.59970665
1.0868022
1.9895633
1.9699059
1.3797016
2.2453096
1.8821052
1.7307231
0.50763017
2.8533635
1.9805967
0.47248757
2.3107579
2.4927168
2.342459
1.9790621
0.2965396
9.547391
4.7858467
0.4726542
1.8367856
3.4274845
2.886049
0.35753855
3.2118266
2.3391109
1.9186609
1.9830976
0.85035616
1.200384
4.366846
3.248673
1.5000248
1.0116415
2.1868532
1.8089445
1.4438629
1.9871576
1.7100427
1.450269
2.0085397
1.04517
1.4256988
1.507642
1.7197285
1.8712387
1.2322519
0.8440128
2.839705
2.4406946
0.8234079
1.325691
1.8298304
2.0565352
2.6997104
1.7482438
0.7534554
2.9341583
1.5732703
1.867549
1.1378099
2.0987046
1.3190244
1.4312515
2.3117914
2.0620875
