1.9687879
1.6407448
1.2387507
6.4755034
0.39681312
1.1407733
4.65711
1.4791957
1.3598332
1.3452566
1.6376736
0.56938624
3.700573
2.6350162
0.3241287
6.639952
3.3934307
2.0693996
1.098406
1.3212471
1.6179202
1.3206458
2.512218
2.1308799
1.0481448
1.8408701
1.2855091
1.2224199
2.021254
1.7953472
1.3531734
2.168449
1.5866576
1.423567
1.1686089
1.4482784
1.3019922
2.7642562
1.7651176
1.9887371
1.4607918
1.6607668
0.45619744
8.064838
5.3508215
0.1417675
0.81118083
9.216463
0.5395088
2.306975
4.4874816
0.6687604
0.80452317
2.4604454
1.7807288
1.6569034
1.873596
0.9361397
0.850497
2.0157332
1.7716267
1.1956707
0.94716555
1.889432
1.9251965
1.8108846
1.0377698
1.1736827
1.5417738
1.461426
1.4561651
1.2602077
1.1292254
0.78165716
1.5471735
1.810874
1.7573829
2.4617186
1.3056698
1.2585549
1.3782345
1.8929442
6.8977003
3.9573922
1.3487017
1.0237687
2.366612
2.197681
2.0337968
1.5850005
2.2164516
2.0053482
1.1709439
0.9009476
3.0519462
1.8573464
1.6496522
1.8592933
1.4166996
1.5642331
1.8803011
2.2415104
2.5133772
1.7911036
0.80719405
1.4338133
1.5946374
2.36865
2.0652037
1.7592988
1.0704618
0.9784517
3.976059
2.7728143
0.22071502
8.755679
4.086647
1.415644
0.8905921
2.9322557
2.2735229
1.8670484
1.7615967
1.5950137
1.5292716
0.44524956
1.9182624
1.9161149
0.565763
1.1605178
3.0945144
1.5755439
0.9360186
1.1354687
3.671607
3.6185467
2.5911162
0.49711144
1.048958
4.961611
3.8428307
0.5010842
1.0643926
1.9845514
2.6794176
1.764109
1.2452675
1.0714102
1.6307733
1.1088991
0.8618666
1.1625708
1.6881146
1.7254477
1.4806786
1.1188606
1.4029865
1.571678
1.940454
1.9834973
2.3707566
1.3114259
0.9186703
1.1946992
2.3270297
2.2869854
1.249238
1.007304
1.4090323
1.8342862
2.0870342
1.4267238
1.0616933
2.3784869
1.7995934
1.4715054
2.0080214
1.672589
1.8022633
1.6730468
1.4589107
1.8327987
1.4806387
2.042962
1.5624738
1.6434479
1.5655701
1.5112808
