5.858368
4.8406563
3.0863905
4.358157
4.4842153
4.8018456
4.090266
3.6288285
5.447695
4.560712
4.147278
3.233764
5.3791513
4.9345083
2.913754
3.1317182
4.32944
2.7249563
3.1928353
9.083889
9.023209
2.5442197
0.90593004
19.333975
15.820931
11.449093
7.7505536
3.4069386
6.2201357
5.837793
4.0522637
2.3635209
4.287748
2.0738401
8.792372
7.0955753
5.609372
2.6097305
5.4703293
6.0464664
5.010851
4.20514
3.1970406
3.1785126
2.0201442
7.238221
6.922333
1.8039613
4.470091
8.210285
8.291253
6.3979926
3.0916162
3.291841
3.141056
3.98609
3.9997022
4.633906
2.6351385
2.804556
3.2296062
3.7874866
3.4269445
4.281085
3.5695288
2.267201
2.4856215
5.0279074
5.0085535
4.5997663
2.2743537
5.142439
5.1486397
3.6909122
3.2477996
3.0974379
3.012833
3.6803632
2.468955
3.42758
2.805317
3.292914
3.5954046
8.798466
1.9564922
1.7203351
4.7273836
4.6438103
4.6199565
4.689808
3.1520948
3.903947
3.8201823
3.8445644
2.9972448
3.9129632
5.4587345
5.188184
4.4356885
3.7387483
3.6346993
4.0005984
3.5643625
3.6426349
4.7891293
3.9954422
2.8854475
2.919057
6.0372458
4.144634
3.1030178
3.987486
6.7664914
6.1088185
4.2185764
3.03675
6.176548
5.765097
4.231389
3.4234874
4.407337
4.612752
5.2968044
4.0631013
4.997331
5.4650955
3.3051133
2.9548726
12.737604
8.842635
4.849412
3.7177563
3.8349497
4.898925
4.732651
3.9191399
3.6995912
3.8564887
4.006269
4.7391205
5.4581156
4.0771313
3.892343
4.4325027
5.3769617
4.5711546
3.5395517
2.940476
5.242387
5.7592225
5.3878174
3.977713
3.431031
3.7196736
3.5163827
3.6369238
7.399176
7.593534
3.5062592
3.4851007
4.550292
5.308783
4.7471943
4.618415
4.671946
3.5572124
3.8652756
3.1418743
16.464306
15.49709
10.322039
5.348772
2.8004982
12.4781685
13.661115
8.246519
5.697954
6.4552755
5.842027
5.2063684
3.587637
4.016669
3.8619332
7.437182
5.358803
5.447109
2.4297829
4.306649
