1.913316
0.9137145
0.9773815
1.2144234
1.9634655
0.5011821
0.6951069
2.9730997
0.9836547
0.43696046
1.4734126
2.1043396
0.72966194
0.44669142
2.5916865
1.8713121
0.2633308
1.6220646
1.9582734
0.5762321
1.6445084
1.9613118
0.9615892
0.32870293
2.6847396
1.3207977
0.40044898
1.9057372
1.0305824
0.83987343
2.5990417
0.9367403
0.48304608
2.2831154
1.2128935
0.48343664
1.0994269
1.2837629
1.7508459
0.4647394
0.94814134
1.4492333
0.8978743
0.56782544
1.3959436
1.9153221
1.0163281
0.40985662
2.6599333
1.5067356
0.28029186
1.3371619
2.9216633
0.57283866
0.8804443
1.1772585
1.3085461
1.145539
0.8147918
1.411509
1.06696
0.77280617
1.8625686
0.6203754
1.3422685
1.5529113
1.0719254
0.8372103
0.7286606
2.8508673
0.84698296
1.0872238
1.2366707
1.6607001
0.7264112
0.58925694
3.9089231
0.8808795
0.35160244
3.6130228
0.93608093
0.5933562
2.2499647
1.0906855
0.992189
1.4448246
0.7423409
1.4594796
0.9748098
1.2335142
1.1542256
0.56862545
0.63990235
1.8351554
1.2930877
0.35354966
1.5694771
2.7814045
0.82084584
0.4114567
2.727594
1.7065189
0.3265636
2.8089507
1.4083467
0.63618666
0.98403007
2.037099
1.0282629
0.32262507
4.5152054
0.9033961
0.308792
2.714869
1.5426784
0.5090438
1.57127
2.3449574
0.80729747
0.7552973
2.4755068
0.94857156
0.90379435
0.36472327
2.3935606
2.4461765
1.2265519
0.5141392
1.8975575
1.9219897
0.78916454
0.31383085
4.0383997
2.234828
0.37087807
1.3251698
2.6504834
0.8245758
0.38189316
2.7208564
2.062895
0.5058286
0.8106502
1.8114907
1.3697236
0.47965044
3.5813255
0.96693575
0.63017136
1.2728994
2.456143
0.82829875
0.31767547
3.025301
1.5131664
0.38744795
1.7916731
1.8613955
0.7048294
0.4968021
3.1550717
1.3188372
0.21970315
3.2503562
1.8781409
0.67510444
1.0194074
1.7416241
0.8989326
1.061389
3.9350424
0.7295326
1.1566901
1.36466
1.3506906
0.64911544
1.5961292
1.8572025
0.41745102
1.4547212
1.3913813
0.8728096
0.81821185
2.4463115
0.72463465
1.4836686
1.6005207
0.49045253
