1.3517329
1.5554711
1.561892
1.2516305
1.362961
1.3263055
1.3126029
1.5711851
2.0620465
2.2809782
1.9601684
1.6791975
1.6479666
1.5036526
1.4758143
1.4351017
1.4577144
1.6530055
1.5774895
1.6433544
1.5523258
1.4552004
1.5122108
1.5662203
1.5851038
1.456744
1.4344585
1.6314986
1.5071325
1.5624466
1.4863336
1.4355898
1.4190818
1.4783499
1.4504454
1.54231
1.5760356
1.3736718
1.5589762
1.6762216
1.3436723
1.3886796
1.4300717
1.5547113
1.6625922
1.4937073
1.4676063
1.5415118
1.3934971
1.4597144
1.5378743
1.4657782
1.3302715
1.3751768
1.5345063
1.5253109
1.5979788
1.4868147
1.4050773
1.4768755
1.4117868
1.5265844
1.7004459
1.6927795
1.458104
1.4585652
1.4225994
1.6296102
1.5802281
1.5320094
1.3801136
1.3814838
1.437989
1.3178484
1.5485253
1.545757
1.6971263
1.4684796
1.5327182
1.6108031
1.4269252
1.6507716
1.7450967
1.5458945
1.4316998
1.3691819
1.5694072
1.5499796
1.5085531
1.3941338
1.3834713
1.3960747
1.3381404
1.4340389
1.5447329
1.8041706
1.7301098
1.5438306
1.6417488
1.8491541
1.46592
1.5868081
1.6275742
1.4654672
1.5187619
1.4872842
1.4970765
1.5204655
1.3989153
1.5030003
1.4472971
1.5039268
1.3298613
1.4244041
1.4320002
1.6659865
1.48299
1.4239012
1.500679
1.4380964
1.4867891
1.8500024
1.7829367
1.409945
1.5165935
1.389735
1.4273473
1.3804452
1.4134378
1.3878169
1.3126535
1.4249816
1.5155444
1.605653
1.5041844
1.5634236
1.4851019
1.4768441
1.4734439
1.5198686
1.3373456
1.7598606
1.6474984
1.5198472
1.4597883
1.4798673
1.3698552
1.47627
1.545936
1.5135345
1.4916893
1.4944189
1.5942636
1.509877
1.5302613
1.7908366
2.012088
1.4754167
1.403368
1.491521
1.6454973
1.5092521
1.6241429
1.5141487
1.3950317
1.7084329
1.5468154
1.5163462
1.4271371
1.4547596
1.6011868
1.5915642
1.5626343
1.5151384
1.6640968
1.644312
1.5136652
1.4609454
1.4070451
1.311099
1.3533236
1.3863703
1.4842665
1.3805909
1.341404
1.2909539
1.4268117
1.33149
