0.871589
0.9276531
1.0804825
0.95092446
0.94649315
1.1712458
1.0005116
1.0674255
1.080024
0.8554665
0.87991357
1.0874933
1.0249672
0.9175804
1.3848102
0.78703594
0.93126416
1.2399251
0.93488103
1.0377712
1.0361419
1.0367491
1.006405
0.9294023
0.9825849
0.9259044
0.9254996
0.98144114
0.97738314
1.0394802
1.0951121
0.8377276
0.9960444
0.8942193
0.95888245
1.1747538
1.0351385
0.86721426
1.1035271
0.8980347
1.0367551
1.0451273
0.901509
1.1930592
0.9002011
0.8613114
1.0024538
0.9227306
1.1402662
1.0446515
1.0022762
0.8815432
1.2153356
0.93563414
1.0338349
0.90743
1.081207
1.0588237
0.9069931
1.2551391
0.95974
0.95174444
1.1123736
0.90388966
1.1437322
0.99940777
0.973675
1.1150296
0.9939703
0.9900425
1.2631857
0.8751361
1.04176
1.0170746
0.980273
0.9453658
1.2135816
0.87060744
1.1310793
0.9787879
1.1180065
0.8301916
0.95540285
1.125218
0.8583628
1.1174042
1.0113218
1.1469078
0.8646785
0.9819496
1.137398
0.92622954
1.0095251
1.1050303
0.9710892
1.0316342
1.1611356
1.0857475
0.9988593
0.9327735
1.1450896
1.0493795
1.1177192
0.9651127
1.0535014
1.0064778
0.96587104
1.2971034
0.8547319
1.1887944
0.99037135
1.1295762
0.9630714
1.0846189
1.0769925
1.0113614
1.1244957
1.0072181
0.9347108
1.122546
0.9551042
0.9153496
1.0384395
1.0989857
0.9495531
1.33639
0.9210675
1.2107766
1.0109868
0.94803905
1.1100211
0.9433339
1.1140194
1.0372057
1.1286364
1.0431403
1.049783
0.8756558
0.9637854
1.1129749
0.8931493
1.0302029
1.0739393
0.9812175
0.9672711
1.1952424
1.0119697
1.0334661
1.1406822
1.0329702
1.0155942
1.1428614
0.8805156
1.0906212
0.95714355
1.0611305
0.91453314
1.2064433
1.0078917
1.0363021
1.0803543
0.8974563
1.086597
1.1253881
0.94513
1.1036339
0.9790244
1.0551915
1.0560836
1.1104943
0.9656691
1.1357701
1.0238736
1.021941
0.9550708
1.0455884
0.9710947
1.1763577
0.9241383
1.2383028
1.0418434
1.0572392
1.0049578
1.2155902
0.99106324
0.97186565
1.0915273
1.0231562
