2.2694206
2.622327
1.6278998
1.244848
1.4447978
1.6874247
2.0836186
1.5999674
2.3337438
1.8968289
3.2638917
3.477168
1.9212968
1.4420958
1.5617838
2.5227957
1.406812
1.6601807
1.557071
1.3239404
1.541914
3.122601
1.9835383
2.1542244
1.1729859
2.0117083
2.4087613
2.0416036
1.2436442
2.668403
2.820021
1.4842882
2.1861966
2.2914631
1.7662526
1.8771589
2.5782213
2.3450274
1.9101281
1.7671845
1.9368851
2.54593
1.692256
1.7804353
1.6740187
1.5441005
1.1956923
2.7241702
2.2320292
2.0742295
2.152254
1.4813776
1.6693196
1.4898319
2.3026075
2.7247012
2.4996588
1.7001138
2.1037078
1.6692798
2.19236
1.9868
0.7144341
1.7310419
2.141327
1.9238071
1.5375867
2.1607873
1.7958357
2.004244
2.3770845
0.91598415
2.012365
2.3309116
2.3536215
2.9114025
1.6539061
2.0311923
3.683878
1.6311915
2.0594518
2.288926
2.0872366
2.3840415
3.175597
1.8642842
2.624587
1.4449711
2.3848686
1.5973959
2.0321867
2.0554986
1.9418648
1.9872208
1.664294
1.0759137
1.9314088
2.5679646
3.1930714
2.5987973
1.3689632
1.5938216
5.23254
2.2740898
1.5046482
1.8688987
2.4477897
2.8182836
2.7225027
2.210364
2.178074
1.8909552
1.538434
2.0609906
4.20015
0.917279
2.0240018
2.6620708
3.1620002
2.674419
1.8195248
1.0410773
5.4059033
1.0469538
6.1521635
2.4744692
1.2482402
1.1760908
4.7134705
4.501898
2.1425023
1.8637085
1.0805573
3.2516036
2.4700024
1.9362862
1.1257087
2.6809764
2.77162
2.026157
1.3884621
0.8393808
2.349722
2.3742318
2.4752953
1.8471086
2.1329908
2.4858577
1.2770379
1.7618062
2.5459092
2.4815302
2.202268
1.3145218
1.3186167
2.0124476
2.6209064
2.4881926
2.13273
2.6454225
1.4390445
1.360887
1.6139009
3.497005
3.073861
1.2648519
1.0845741
1.7015767
2.6537464
2.626162
2.3159013
2.271102
2.7997103
3.0054069
1.442936
1.4783765
1.6830401
2.0972185
2.9866264
2.61887
1.882103
1.8457344
1.7878273
1.9252198
3.0135667
2.9735293
2.1414714
2.056601
