0.8216986
0.8508972
1.0334985
0.8751695
0.76786315
1.1477851
0.91285586
0.97333276
1.0021858
0.7888087
1.0043935
0.9453074
0.7857771
1.1840786
0.7055627
1.2193446
0.7640449
1.298239
0.7617566
0.7864137
1.6019549
0.54901266
1.217484
0.88201326
0.9155448
0.8623291
0.8133576
0.944922
1.0287275
0.816868
1.0502284
0.823068
1.1689205
0.7793704
1.0322113
1.2133714
0.7834157
0.9867082
0.7742491
1.4631103
0.60013413
1.162246
0.88864684
1.0359986
0.9194257
1.0321349
0.95166194
0.65636855
1.6193733
0.69598866
0.9871674
0.97828066
0.87923026
0.7850994
1.281776
0.674384
0.9118529
1.0639644
0.8575618
0.96489966
1.0024109
0.6347585
1.2531562
0.79597294
0.86890674
1.096005
0.76798236
1.0452579
1.0030184
0.8963256
0.956204
1.0250744
0.8116123
0.8549383
1.2565868
0.61662054
1.8899689
0.6120248
1.0965865
0.97881806
0.9355829
1.3533218
0.660302
1.5231929
0.6153457
0.95580196
0.84160924
1.0148444
0.949892
0.8324186
1.0585649
0.85358405
0.913018
1.0140756
0.8595836
0.92583597
1.0238727
0.9190355
0.95499265
0.91520643
0.8778243
1.1800232
0.97769177
0.95315367
1.1269948
0.6652905
1.4571745
0.665063
1.3725895
0.88312656
0.9304564
0.7776259
1.1767596
0.7132097
1.3557541
0.7582861
1.3383206
0.756811
0.80138135
1.3607807
0.7037635
0.69871175
1.0797036
0.91918933
0.79199296
0.99277437
0.93722713
1.0149839
0.7360151
1.154727
0.84826887
1.2834733
0.5990709
1.5198724
0.6414528
1.0865014
0.9757476
0.816002
0.9190617
1.144086
0.8814204
0.9269912
0.7820355
1.2993283
0.6912776
0.94986665
1.0889692
0.7102555
1.3708258
0.610456
1.2345461
0.9350837
0.9384494
0.84150535
0.85038227
1.0974618
1.0149257
0.8149878
0.8971193
0.82630545
1.1423856
0.640212
1.4923551
0.61170995
1.362052
0.79701215
0.90001786
0.92563665
1.1115625
0.6971059
1.190492
0.90158474
0.86266553
0.77095413
1.1770957
0.54175305
1.6284153
0.7507198
0.6864765
1.5612483
0.74717486
0.74565107
1.3015603
0.7941855
0.8465152
0.94393617
0.9950579
0.8630691
