1.2146726
1.3538238
1.1521704
1.1441572
1.1665081
1.2133371
1.252373
1.5240333
1.3937256
1.3687578
1.0425005
1.2648776
1.1659405
1.292975
1.2475542
1.469957
1.6907942
1.9948951
1.5133154
1.2465355
1.210945
1.2390366
1.0771024
1.6620533
1.5043083
1.1642772
1.2585621
1.2881913
1.2371674
1.0749834
1.3250369
1.1082165
1.0654037
1.3345251
1.1759522
1.2330366
1.2562902
1.0730066
1.319741
1.4976441
1.3746263
1.2001773
1.2881172
1.3825343
1.2978907
1.6249951
1.3827245
1.0827836
1.1533549
1.2223868
1.2908368
1.0744791
1.4691705
1.3890028
1.2871695
1.1801816
1.4111395
1.3112634
1.0707037
1.1992347
1.1318896
1.0132527
1.0508144
1.1217122
1.0874056
1.0708226
1.2824671
1.4931734
1.6233838
1.327753
1.0907903
1.3361949
1.2455573
1.1457449
1.2757674
1.0077553
1.1767538
1.266584
1.145671
1.3618948
1.3207927
1.2512143
1.0911717
1.3431015
1.3128219
1.1281122
1.2342046
1.5703268
1.6473359
0.94642067
1.3086131
1.6463268
1.5257761
1.1846502
1.1118667
1.2535794
1.1344831
1.1022098
1.1604519
1.2162836
1.3917859
1.0878108
1.3262901
1.451991
1.4298234
1.2411468
1.090987
1.2237289
1.1527543
1.1104376
1.1627152
1.0962563
1.1017811
1.2076534
1.3331707
1.3720605
1.4236058
1.5012813
1.2524288
1.1860843
1.2295574
1.1038231
1.2888246
1.5353608
1.6826354
1.1736066
1.3839936
0.9322006
0.99711907
1.2351005
1.3302531
1.2465402
1.3226008
1.0962651
1.2279708
1.300328
0.95944506
1.1444325
1.1160456
1.0390015
1.1295682
1.2624979
1.0862836
1.2413118
1.2062931
1.1371257
1.4898604
1.4051794
1.1561891
0.8463719
1.477252
1.239449
1.0770545
1.1398624
1.2918129
1.1680233
1.1404748
1.4526097
1.315709
1.4214708
1.1564687
1.2187291
1.0232675
1.0031618
1.0811241
1.0651804
1.056729
1.327636
1.2565567
1.0864365
1.0513568
1.1757414
1.1590049
1.1331763
1.2132876
1.4560858
0.99015504
1.0335269
1.3362813
1.6706598
1.7474174
1.4926895
1.2996271
1.2044382
1.5366523
1.1257765
1.1532576
1.2147576
