0.025029065
0.045104213
0.04485599
0.17438675
0.43935013
1.5430492
1.0365831
4.237618
2.31958
7.2910275
6.0703683
7.505997
1.4007236
2.9473836
5.2350097
0.9652548
1.5994806
1.7679529
1.0151875
1.0355713
1.1435562
1.0746659
1.1740608
0.6969267
0.95488393
1.0335017
1.0386778
0.71972305
0.76829857
0.7718258
0.6359513
0.6204232
0.33222708
0.57722616
0.8766192
0.882742
1.0252293
0.53263324
0.41573173
0.32919145
0.93407106
2.9782782
4.6508203
0.8306571
0.95902604
0.8516756
0.86008406
0.4228764
0.9683712
1.5468678
0.46540213
1.0910268
0.9425877
0.3567469
0.8364478
0.57939506
0.65463877
2.0009978
2.4738147
0.45305508
0.36127955
0.41181284
0.6214431
0.5952525
0.60590273
1.0275004
0.88842165
0.2847814
0.21873164
0.49667835
0.28126138
0.24121428
0.23413926
0.42081976
0.20457068
0.3010304
0.26973504
0.28577006
0.23171946
0.23131488
0.6099856
0.885963
1.1111276
0.2094406
0.9491262
1.1249132
0.5619167
0.10520903
0.6313543
1.1433289
1.1846639
0.2156602
0.34150964
0.06652553
0.5726013
0.23922262
0.10784891
0.21220732
0.10163174
0.93387467
2.019744
0.87961185
0.25880745
0.7756656
0.5650107
0.46660084
0.26336023
0.087467074
0.42649415
0.45976722
0.14705116
0.16083187
0.088131264
0.44742072
0.8429067
0.71285456
0.5867778
0.36893165
0.21617931
0.29685408
0.23689699
0.3777914
0.74262345
0.47725284
0.117184564
0.1885365
0.0828675
0.26778442
0.41051644
0.15788272
0.5058142
0.35506922
0.28785717
0.13516325
0.077201635
0.08859379
0.29026458
0.14530832
0.30920777
0.2978937
0.49233374
0.65401924
0.29492152
0.14750889
0.10140317
0.14781691
0.055372372
0.18322635
0.28098074
0.44799238
0.75183576
0.5729703
0.14527723
0.20758763
0.2377599
0.13726307
0.25811362
0.1682507
0.053679492
0.10518412
0.15006807
0.36536393
0.19137597
0.30710867
0.24827848
0.28017688
0.25929293
0.21942653
0.2998408
0.1999742
0.0865408
0.32317418
0.171703
0.12596144
0.10793957
0.172039
0.12014381
0.58240193
0.9294193
0.58052427
0.1471676
0.3177765
0.4158976
0.4476222
0.07489361
0.22463922
0.08874068
0.081405506
