0.048454143
0.12137356
0.11340259
0.1254254
0.073619425
0.1449481
0.20220372
0.19714135
0.04924845
0.20199646
0.04610917
0.18461779
0.09282391
0.12053654
0.06298198
0.044064425
0.16721389
0.10683904
0.05769147
0.057317942
0.10782124
0.22364356
0.15716162
0.06627005
0.09917019
0.035438716
0.15074897
0.06659229
0.10916711
0.08088808
0.12684228
0.035581686
0.09303263
0.064709924
0.08867357
0.1385486
0.09131089
0.056143135
0.068613224
0.042973414
0.10001254
0.048496585
0.049208693
0.05338116
0.057715308
0.0477093
0.08176268
0.08632337
0.104229756
0.059228525
0.042673875
0.19881009
0.3532211
0.110883854
0.096145615
0.051240463
0.037220046
0.057423178
0.025010344
0.07453941
0.035587363
0.052241422
0.069681264
0.04564807
0.034985013
0.06846725
0.06804354
0.049649563
0.07160374
0.074021764
0.078434095
0.035621326
0.10394581
0.110339075
0.14564224
0.086516134
0.12134037
0.06710939
0.11220996
0.07530764
0.05937016
0.061701678
0.020978658
0.0506065
0.05974643
0.048069328
0.08112799
0.090715
0.046300024
0.09850617
0.13268815
0.07142345
0.08536823
0.048237268
0.06904023
0.066913724
0.10848108
0.030314967
0.040860295
0.06416437
0.06526402
0.045402057
0.084577896
0.16174498
0.061483495
0.14868464
0.029743455
0.12119392
0.022458043
0.046169207
0.053402133
0.045848936
0.07936896
0.07361621
0.09512478
0.18341015
0.1399748
0.073771864
0.036550563
0.051332388
0.031254567
0.033479333
0.103928745
0.13718356
0.051937442
0.059524216
0.11816534
0.026848406
0.09776191
0.05889561
0.07876522
0.061680503
0.09253318
0.06737773
0.03484258
0.059311077
0.06395891
0.07124816
0.05480759
0.05117851
0.1192178
0.055650085
0.08420469
0.0482437
0.083553225
0.056646857
0.072521165
0.0476991
0.11101319
0.07835248
0.03168401
0.058813952
0.06824688
0.075248376
0.06479056
0.072667524
0.06041637
0.0509352
0.09063506
0.05670258
0.042195566
0.17617092
0.07741484
0.12640522
0.022104021
0.08035235
0.14508395
0.15220131
0.035127558
0.01307953
0.06477886
0.014169345
0.08989172
0.05432838
0.08030442
0.07478137
0.052098997
0.034958787
0.23279724
0.05413057
0.12426212
0.027486682
0.08962017
0.07239933
0.18981698
0.1197528
0.15637583
0.059928704
