6.2927
11.865459
10.573107
7.081438
6.215491
4.508106
14.519104
11.3300295
6.1812773
2.684769
22.547174
18.678177
13.945274
7.9512806
3.2637196
13.462598
12.729795
9.051779
8.742641
6.303848
3.2314706
10.044387
7.03615
3.4404924
20.708088
15.445673
11.763126
6.775669
5.2328606
8.404707
6.81361
4.1732945
5.698181
4.7926927
5.242568
4.4174075
6.6598506
5.462697
4.274686
9.150457
6.717045
4.579029
6.9480124
6.642583
4.4232707
11.018087
10.211024
5.6745515
3.1622634
17.213278
18.111654
14.162626
10.454878
4.894377
13.9177685
13.791491
10.938243
5.9901595
4.3557935
9.615175
8.133928
6.842887
4.861224
17.236969
14.394251
6.8009157
7.360722
5.013006
9.143857
9.358414
6.761148
2.5420198
16.763218
12.309872
7.749638
5.025208
10.025576
10.074726
3.7883224
17.263262
17.351833
13.175151
8.46306
10.404404
8.213801
6.250915
4.883748
5.778446
5.347509
4.419318
14.304934
6.0466604
1.2517707
21.6321
19.566704
10.47979
4.037393
12.704148
13.001968
7.2255096
2.6211681
15.24679
13.79216
10.4241085
5.365135
12.281545
6.264969
7.231229
11.357379
8.74037
2.3434236
18.209122
11.218611
4.519449
3.1303906
29.538738
23.72049
14.1267605
7.552141
3.5358624
7.726483
6.761234
2.4942238
9.059618
8.038679
5.4617295
3.7538166
5.8581324
5.473851
3.0173578
5.1005487
4.330055
12.196842
11.606731
7.497848
2.3214426
17.967125
19.405527
16.256561
8.794969
2.1759176
22.381386
18.856127
14.625889
9.323416
4.5487733
3.8937864
8.824316
7.3989906
4.241555
2.9275765
8.790357
9.222038
8.259953
3.8606687
2.4016142
6.545267
6.7059126
5.250887
3.199381
21.331156
21.063185
14.780256
7.5353527
2.2166247
34.079468
21.502628
10.471962
4.443326
6.176862
5.5396748
6.628728
2.9817905
9.893042
8.77931
5.0888834
6.6560144
5.311094
3.6682615
5.969201
5.562973
3.5796323
4.850093
5.062303
4.243141
2.98391
10.564564
10.264038
