1.3159887
0.9299728
1.9023571
1.5957192
0.8960856
1.5646068
1.6366767
0.90241295
1.2019105
3.1394265
1.527585
0.99170136
3.1222079
1.7678773
1.1153755
1.3965857
3.8784273
1.8105565
1.1525786
0.6722385
3.8098683
1.9071801
0.7888125
0.8980335
1.6033521
1.874915
1.683299
0.92245924
1.0933154
1.7853656
1.8564934
1.4080508
1.1111913
0.87217164
2.6675978
1.5828937
1.4580141
1.305028
1.2980021
1.2265842
1.4339864
1.2148867
1.0039876
1.4731368
0.9470768
1.3751397
1.2984109
1.4942275
0.85913014
1.0793207
1.8287709
1.6581633
0.7224959
2.1040483
1.5824327
1.292882
1.344012
0.2865922
8.631584
1.0592074
1.1968157
1.9585035
0.61461914
2.4094157
1.1807439
1.1669924
1.5007486
0.8371799
2.2163906
0.80487055
1.5301272
1.6829655
1.588141
1.1941068
1.2270206
2.153524
1.0877461
1.0909386
2.7441905
0.4892068
2.2794895
1.0178392
1.7649653
1.0503571
1.3451476
1.4588611
1.3140676
0.82343984
1.8560245
1.6271496
1.159344
1.3919295
2.442885
0.45274782
4.976327
1.6465428
1.1639895
0.47170708
4.1042085
2.9741352
0.47449988
0.83061916
4.171193
2.165085
0.21449792
4.60069
1.7415606
0.39201176
2.1603916
1.9352633
1.4584689
1.230767
0.46242508
5.2220345
0.5281594
0.9963863
3.04742
0.7863823
1.2264838
2.180324
1.4294443
0.4313717
3.7713735
2.0605433
0.257769
3.4367394
1.8319528
1.5002165
0.993654
0.8343462
3.0171137
1.8991195
0.25936738
3.1498413
2.5551305
0.9933598
0.6836406
1.5605614
2.500183
2.2138493
0.43249947
2.8586233
2.7150378
0.29551628
5.4306097
2.570994
0.51645166
2.3744366
1.8172977
1.5799935
0.9641486
1.135663
3.2897682
1.5238465
0.33911368
4.903597
2.5465372
0.7056409
2.764811
1.9752944
0.8844552
0.7091109
2.3476548
1.9396472
0.907696
0.7086059
1.7438917
3.410602
1.0162084
0.58314633
2.817365
2.79563
0.2942565
2.1115537
1.4194137
1.8796529
0.9883367
1.4766958
1.4498973
1.071936
1.4458055
1.5954604
0.5879325
2.665678
1.4485211
0.6941775
2.1032465
1.3099053
