1.0324115
0.89075017
0.97109807
1.035633
0.8260461
1.1278064
0.83708274
0.95944345
1.0504622
0.96101433
0.9582052
0.95911926
1.1423846
1.0075231
0.9504254
1.0826077
1.0885866
0.86643374
1.1007619
0.8615105
1.000258
0.8660389
1.0669997
0.88309455
0.9532097
1.0415013
0.9042208
0.9877006
1.1860819
0.87051773
1.139576
0.84758544
1.2324547
0.8270794
1.0658056
1.0704818
0.93772936
0.97555494
0.94492817
1.0778742
0.95151734
0.8832632
1.0867693
0.87677777
1.1164074
0.8652137
1.1680627
0.6917599
1.3222057
0.8159486
0.8169699
1.2583375
0.8767878
1.0040693
1.0811074
0.75418234
1.188226
0.9399147
1.0503883
1.0776422
0.9765365
0.85852283
1.0404274
0.84581274
1.1918318
0.8775109
1.0155299
1.0659765
0.92035115
1.079
0.95426226
1.0301974
0.8628329
1.0452814
0.97171944
0.9725619
1.1298518
0.778811
1.1078815
0.79408187
1.4931715
0.78273016
1.0026001
1.075819
0.92806375
1.1642189
0.8887997
1.239264
0.9414986
0.8777505
1.2140032
0.8474761
1.070384
1.0267282
0.97079045
0.91187257
0.89002246
1.1084985
0.96341336
0.92580503
1.1214103
0.9543549
0.8792358
1.2907274
0.764133
1.2194333
0.83283097
1.1214681
0.89398205
1.1159418
0.82306206
1.2071311
0.7891228
1.0248524
1.0906585
0.9718561
1.0472004
1.0082443
0.9735395
1.1524739
0.9844736
0.87259865
1.1266527
0.9621635
0.83437914
1.3258241
0.82164896
1.2239404
0.77858484
1.1289591
0.9492879
1.0217502
0.9799837
1.0472636
0.7774756
1.2106074
0.92098093
0.9938219
1.032892
1.0092432
1.1899526
0.77212346
1.2130276
0.8889325
0.83879244
1.1200075
0.8497721
1.0883468
0.9738798
0.92930603
1.1581559
0.8532042
0.9615391
0.83713293
1.041229
0.9969809
1.0102777
1.0646709
0.89257956
1.315539
0.7734122
1.0906298
0.9035764
1.0727535
0.9394115
0.8254879
1.1563706
0.8864579
1.0024564
1.1313891
0.9314319
1.1398323
0.91986895
1.0899936
0.9952905
0.7697872
1.0402925
1.0707806
0.7945319
1.2077892
0.8071616
1.2617264
0.7930548
1.394305
0.9032272
0.84443057
1.2181563
0.9347765
