0.5007957
0.37353876
0.37891114
0.45158416
0.5224428
0.2814626
0.58187187
0.47973478
0.42202333
0.24245049
0.32800385
0.5171139
0.4075163
0.574465
0.33239526
0.79033697
0.42658722
0.61681473
0.4301953
0.44861746
0.41658783
0.5003261
0.54065734
0.3450889
0.29305083
0.36868268
0.24968383
0.2797662
0.39225426
0.5458125
0.4236089
0.31736428
0.35728925
0.32859492
0.3323195
0.3991046
0.32926267
0.51596713
0.8691893
0.42450932
0.44280145
0.6351489
0.32945895
0.22139677
0.35206795
0.36263102
0.35170346
0.8488743
0.63495076
0.28096646
0.29159123
0.34841573
0.6051112
0.9083055
0.4334703
0.70038176
0.69752777
0.28391314
0.50959796
0.332205
0.61374635
0.6055571
0.4072115
0.31592423
0.3583948
0.2440584
0.509073
0.23324493
0.65091455
0.64011407
0.35546377
0.5553717
0.37024987
0.3807041
0.24097078
0.5346521
0.642388
0.3190529
0.3496767
0.4599643
0.6178832
0.4544632
0.4240715
0.36528897
0.42101124
0.28739837
0.42464614
0.35642195
0.2544697
0.48051864
0.53322923
0.2650113
0.30997446
0.35880947
0.6525475
0.35684228
0.3536243
0.56919175
0.27569643
0.4962666
0.40213913
0.4492452
0.24843456
0.69040495
0.6677774
0.30579084
0.6516579
0.38243672
0.31646815
0.26659936
0.65489274
0.93172574
0.33064356
0.72428393
0.9965674
0.24318343
0.7144503
0.7907262
0.24570554
0.3571598
0.33226845
0.49063402
0.20160717
0.54594755
0.45072156
0.96507937
0.44567463
0.35462716
0.3139262
0.6087414
0.17962348
0.6058696
0.4894427
0.41667533
0.1539483
0.54065084
0.4155625
1.0459944
1.242189
0.7854309
3.5189917
1.2108562
1.0773457
2.3102708
2.5752676
0.45062882
0.8000436
1.0116489
1.1009159
0.7586879
0.5323156
0.7159899
0.85390663
0.45486826
1.0580847
0.60641944
0.5011724
0.7538581
0.34742093
0.34844273
0.6136322
0.47389463
0.34785494
0.43160176
0.43214554
0.49450225
0.25984043
0.69608223
0.50684214
1.0534801
1.0472533
0.25859314
0.6789149
0.3335006
0.69102687
0.9696413
0.37608323
0.6580038
0.9911252
0.40755337
0.5430392
0.69771415
0.510414
0.39425993
0.44482
0.37714884
0.21211237
0.4976474
