2.2378292
2.594841
1.5734422
1.8640326
1.5013008
1.9116118
2.6032872
2.2070575
1.7181458
1.5794802
1.6851377
2.0001392
2.2965724
1.8809029
1.5767651
1.7946525
2.2137535
1.834308
1.7710054
2.107263
2.011805
1.8660349
1.184476
1.9724685
2.279934
1.9044545
1.06142
1.9177995
2.2630563
2.2082899
1.6727409
1.447331
1.7187521
1.8594354
1.8911728
1.4593935
1.7183882
1.4954824
2.242319
2.003267
2.2322638
1.7407463
1.7691305
2.1757817
2.4764996
2.1743963
3.3907773
2.2160892
3.0079076
1.5413673
1.9792188
2.619052
2.6617985
2.63336
2.702783
1.790755
1.9603068
2.8084316
3.93684
1.3315415
1.3928287
2.0982494
1.9844636
1.4692893
1.7348869
2.5285168
2.317917
2.9579144
1.4369137
1.9411834
2.2676291
1.9320092
1.6930854
2.179821
1.8887725
1.4976478
2.6051016
2.241301
2.7117596
2.25649
0.57762814
3.2045863
2.919532
3.3038082
2.33796
1.700004
2.0000424
2.2276673
2.2205532
3.2615402
2.1044903
2.1210413
2.1155233
1.5668132
1.8243589
2.0512176
1.7407206
2.8438559
2.5116916
1.255886
1.531774
4.2261186
3.1191916
2.8586674
1.119079
0.99945474
2.0615373
2.7789373
2.8422143
3.6810603
2.7290137
1.4247065
1.1166203
1.9317266
2.2979007
2.4654493
2.221305
1.5711969
2.1304352
1.7443168
1.7279948
2.2559845
1.8046882
3.0595171
2.7960923
2.1796021
2.2660348
1.8228601
1.9125528
2.1169534
1.6564407
1.7065244
2.2438998
1.9830531
2.3676617
2.3732998
2.7159212
2.3070784
2.6158495
3.021682
1.2266185
1.4865131
3.6339011
3.3358488
2.3034248
2.2724957
1.9209164
2.2328243
2.5081716
1.1691077
1.9468656
2.9553246
2.8411427
2.3070865
2.1442766
2.1485226
1.9212226
2.4604673
2.966443
2.583097
2.3866413
1.1157168
2.2057528
2.1976438
2.0875175
2.3748803
2.5618322
2.3257222
2.5090415
2.289373
5.421862
3.1135292
1.7728982
2.2706149
2.2055693
2.4966614
3.3191156
3.6942449
2.826788
1.6045575
1.7489564
4.731386
3.12386
4.0931225
2.1472414
1.7721882
2.0803642
3.3360794
