1.2257113
1.1436751
0.010847176
0.1094583
0.05136971
0.17296013
0.04139424
0.23834355
0.24112473
0.019578129
0.030294325
0.07441187
0.03823403
0.11041957
0.19648537
0.22344892
0.019287612
0.31591654
0.058355927
0.1368762
0.4767424
0.11344272
0.9617547
0.003906613
0.06315787
1.7367861
1.4195347
0.07047348
0.013136392
0.08140709
0.08324249
0.6407448
0.8065917
0.022776818
0.009907167
0.12356616
0.14509138
0.05367463
0.06512828
0.1081004
0.46659365
0.36844364
0.01814773
0.018223014
0.15095249
0.011282366
0.04444702
0.07730639
0.04697009
0.08406833
0.09552683
0.051760472
0.13493128
0.2059614
0.17533281
0.6181883
0.08486836
1.7388325
0.56967795
1.7054722
0.058786318
3.468961
0.22839676
1.2204994
0.023090875
0.91225094
0.5567823
0.0687621
0.10868709
0.4912974
0.02038687
0.11653741
0.38261074
0.31669208
0.17792882
0.065753296
0.18850178
0.09363322
0.178616
0.052202404
0.060798034
0.28352922
0.4771252
0.15861663
0.09437723
0.020532578
0.06558104
0.19968008
0.08132602
0.11737481
0.20167905
0.055866934
0.09015396
0.15745041
0.07256716
0.13072717
0.1551133
0.34991482
0.13970293
0.055210836
0.039126158
0.05775897
0.29821315
0.064916655
0.04038553
0.1844923
0.109455585
0.24830016
0.06302029
0.08980358
0.13912015
0.040990427
0.039462887
0.34430707
0.49196595
0.16757788
0.24936302
0.016880944
0.0715486
0.090703815
0.067160584
0.046917796
0.051546
0.3404385
0.3486786
0.042920444
0.15376472
0.08663397
0.08728112
0.32599562
0.07952129
0.20028365
0.06977339
0.09578422
0.33916298
0.110552974
0.33729315
0.05731287
0.26566115
0.036840618
0.01832744
0.06477888
0.09545918
0.08183677
0.2519344
0.14692578
0.07682206
0.08794707
0.08589464
0.042908415
0.18163495
0.070766255
0.039724264
0.024863347
0.07799303
0.10377677
0.04909386
0.07529722
0.08362329
0.15200731
0.08098677
0.2058196
0.095129386
0.19884361
0.07364205
0.3277381
0.12698969
0.0481022
0.44031864
0.06378776
0.797478
0.025882341
0.5640746
0.25704342
0.012329953
0.007999745
0.06590341
0.016368913
0.03269661
0.27793145
0.080876596
0.8670578
0.14574994
0.5086033
0.022746144
0.008026091
0.6843443
0.04025822
