2.219121
0.573977
0.8950238
1.4076271
0.5855001
0.7515867
2.1314893
0.4948133
1.4298539
0.8425645
0.8156656
1.1840487
0.89103144
0.64689004
1.4367945
0.3054282
2.3874607
0.37826353
1.6039016
0.78248227
0.7951936
1.1048585
0.9733662
0.3566572
2.2267082
0.95255035
0.40918967
1.6265072
0.9962423
0.6544055
0.9754635
0.9380567
0.74373984
1.3818387
0.5564414
1.3719664
0.6832932
1.5697167
0.40767157
2.1046114
0.6503675
0.609041
1.4918714
0.57074285
1.7864237
0.46874362
0.9553592
1.2146227
0.56618285
1.487005
0.62710357
0.6046568
1.6868103
0.61751556
0.79645604
1.4466615
0.692231
0.84636956
1.3283074
0.670853
1.0658709
1.2078098
0.6879365
0.7980718
1.2389064
0.8481495
0.48847085
1.9439644
0.38602674
1.0872426
1.5132804
0.4501196
1.3046951
0.6711928
1.0111916
0.8835685
1.185669
0.50891215
1.1368225
0.5951905
1.252147
0.7953476
0.5170003
1.9166025
0.5415038
1.2104142
1.1151731
0.31638613
2.012807
1.1810162
0.33881307
1.9390261
0.6381482
0.698974
1.0421427
0.76825476
1.2883794
0.7461499
0.73060304
1.5930114
0.5153077
0.7930498
1.7512443
0.41478586
1.2035244
0.8654841
0.80669117
0.56342584
1.4670928
1.1082655
0.5605431
1.0179704
1.3068905
0.67995965
1.0641574
0.5670341
2.5597513
0.56400955
0.6296741
1.868037
0.7669722
0.6749727
0.44615456
2.7549844
0.7861102
0.44087085
1.3396446
1.2524302
0.7131028
0.4887715
1.5401006
0.7139804
0.9810538
1.1661122
0.71391726
1.5811234
0.9110111
1.6177663
0.69106495
1.174268
1.0591643
0.7247133
1.1195399
0.7129953
1.1373174
1.4062138
0.38742626
1.6150346
0.8111222
1.2157358
0.49817064
1.5399256
0.73460484
1.0313854
0.7112962
0.82412964
1.4604356
0.44802856
1.6982802
0.5013583
0.85666066
1.5249777
0.68896914
0.83344203
1.3087251
0.8422121
0.70130736
0.97602314
1.3606195
0.56908405
1.078007
0.82211745
1.393019
0.6202921
1.1406553
0.6306427
1.1568773
0.67529166
1.8153571
0.29730028
1.8255851
0.60659856
0.5837512
1.8352921
0.69266343
0.63018644
1.228468
0.8340324
