1.0666912
1.1485845
1.2155913
0.96057755
1.0838456
1.1724105
1.0487351
1.1013883
1.0471947
1.270576
1.3556399
1.5534146
1.1028204
0.9651932
1.2023728
1.8298726
1.2449548
1.1310029
1.3208613
1.2126702
1.2116058
1.1123692
1.0495399
1.2509519
1.342277
0.8960725
1.278839
1.6109438
0.94091076
1.070802
1.0161878
1.128073
1.1632288
1.2394818
1.1217842
1.3368511
1.3828819
1.0659449
1.3658615
1.6295086
1.3661176
1.0826178
1.1464276
1.0285237
1.2110258
1.1418455
1.0795976
1.0421512
1.0731186
1.1763384
1.158689
1.1093616
1.0920254
1.1655726
1.2974086
1.1338305
1.1308448
1.2165294
1.16605
1.3090348
1.1241581
0.9226284
1.0672114
1.3507366
1.6468825
1.1493757
1.1716888
1.7188586
1.2630329
1.1089375
1.5322498
1.0527614
1.0740204
1.1573474
1.1640401
1.139401
1.1862426
1.2485006
1.349723
1.0542632
1.1658967
1.1359478
1.380763
1.2571949
0.9974405
1.2502265
1.3417848
1.1552536
0.99300134
0.9101958
1.4396464
1.2850327
1.0852077
1.0948033
1.1282077
1.2722623
0.9858824
1.1957575
1.1893584
1.075278
0.9122602
1.1521983
1.2025115
1.0490588
1.2483728
1.3974813
1.8338491
1.1751118
1.1478578
1.1741526
1.3136281
1.2623938
1.1032796
1.0216672
1.0819919
1.2490065
1.2103372
1.1581315
2.2577915
1.5114306
0.84778196
1.0212893
1.1027935
1.1966803
0.9747468
1.2431183
1.4530563
0.95291185
1.2841758
1.1075233
1.0742066
0.9933161
1.0441544
1.0288723
1.0971506
1.1150479
1.0609841
1.2333833
1.065661
1.1167157
1.1261511
1.4341902
1.297399
1.1178485
1.0622475
0.91079795
1.2682604
1.1668605
1.0824647
1.2319789
1.237478
1.1579924
1.1879625
1.0378844
1.0580878
1.2470613
1.0797095
1.1185526
1.2006818
1.2427523
1.2681754
1.6244849
1.2700828
1.174051
1.469327
1.2631772
1.0318413
1.1587384
1.0963256
1.397568
1.4382097
1.3865267
1.2079809
1.1793069
1.2352059
1.1198298
1.108761
1.1497498
1.0834358
0.98062885
1.1370136
0.93699235
1.0875428
1.1498022
1.0565224
1.159231
1.0869339
0.83703536
