0.057718202
0.050065704
0.29705638
0.13564965
0.04777675
0.16758305
0.118254445
0.09560602
0.42416325
0.27593213
0.19410463
0.083932914
0.08225737
0.3104072
0.020303858
0.6362306
0.031090226
0.4518666
0.011832466
0.0088784555
0.14411442
0.068123095
0.15398945
0.25419277
0.026794111
0.3181851
0.12406325
0.12998128
0.10024174
0.035640918
0.050777353
0.16532166
0.10510638
0.3843845
0.0907547
0.14989652
0.41521165
0.32229808
0.048969567
0.103283174
0.13038109
0.10903146
0.0335945
0.6281834
1.7274156
3.0411649
0.03934221
0.069172084
0.9802439
1.1163242
0.055230983
0.27014077
0.051402856
0.03700471
0.04599571
0.08764812
0.32337353
0.44266957
0.34387738
0.027542908
0.048890032
0.17983422
0.096403815
0.15031438
0.15055716
0.07223577
0.15366937
0.044810925
0.1811388
0.133738
0.28707558
0.11316997
0.07086216
0.054314665
0.23700354
0.27488434
0.07268971
0.14126
0.119769365
0.092613444
0.1132311
0.15781398
0.12484558
0.07939484
0.059326027
0.07716719
0.19819386
0.10605164
0.12343767
0.16627541
0.40576792
0.46837312
0.03168477
0.025241533
0.07361364
0.121557906
0.024764642
0.034968875
0.029193986
0.051634677
0.08563934
0.11272044
0.10106906
0.056126602
0.06270325
0.049606957
0.15959331
0.050447974
0.058409557
0.05816163
0.018805841
0.01633621
0.08990833
0.06980895
0.094285056
0.13959856
0.09217258
0.08564845
0.13033703
0.08099726
0.08822799
0.06153124
0.10396244
0.14228174
0.10603114
0.04924257
0.17855918
0.08330379
0.025188725
0.07060957
0.10913951
0.1852266
0.10315886
0.0637564
0.08028419
0.08240748
0.033353817
0.076709606
0.12296304
0.16532013
0.05928979
0.06509125
0.08959164
0.04206361
0.120229304
0.30756983
0.07636601
0.09704002
0.075414166
0.035540465
0.046381716
0.014881315
0.054835185
0.050498713
0.084870815
0.10810972
0.11401614
0.061356716
0.074067965
0.054925404
0.069788866
0.039761767
0.10623455
0.044374693
0.043925807
0.04717264
0.052651994
0.17737831
0.09610602
0.659832
0.062006272
0.13226196
0.10987994
0.01676135
0.038883775
0.05459214
0.30731338
1.2580557
0.6690564
0.08559709
0.25200513
0.24083476
0.4476926
0.226106
0.055772737
0.07855653
0.26040393
0.020515706
