1.4673097
1.6267617
1.5505099
1.4441056
1.5382771
1.6157458
1.8869414
1.9214276
1.4581957
1.4245529
1.5287833
1.569099
1.4549074
1.4997053
1.5747561
1.5400937
1.4878418
1.4826939
1.5486015
1.4715835
1.620773
1.4764127
1.5175815
1.5618265
1.4351187
1.4257114
1.6110876
1.6911969
1.6722779
1.6305255
1.4666433
1.4164879
1.5320082
1.5111592
1.5037057
1.4494019
1.4511062
1.3065497
1.5263327
1.7957327
1.7998197
1.9068599
1.5504308
1.8279221
1.811775
1.6251737
1.6078737
1.5119588
1.4106058
1.3982203
1.4177862
1.460042
1.5771646
1.490843
1.5397236
1.4442935
1.4700525
1.6555963
1.4320009
1.3904757
1.4737083
1.8611606
1.6055896
1.4004346
1.6874756
1.6114194
1.5646327
1.6357157
1.6044557
1.4094174
1.6100622
1.4700983
1.5555861
1.4527745
1.5773704
1.3198088
1.5266991
1.5489898
1.3268025
1.5102919
1.7604153
1.6622176
1.4224657
1.3836577
1.5015632
1.6796352
1.6497152
1.5024326
1.6155298
1.4129443
1.5180805
1.739005
1.9192166
1.621334
1.538975
1.4708794
1.3472974
1.512471
1.4435998
1.5388595
1.6410372
1.4939046
1.5398779
1.4581292
1.4600492
1.4861344
1.7012013
1.6371988
1.4955995
1.5070176
1.5055852
1.581589
1.6027726
1.4723843
1.6161609
1.5571885
1.4167335
1.5261327
1.4753466
1.4212449
1.3454157
1.55088
2.1526866
2.336901
1.4937973
1.7441523
1.5141051
1.4361019
1.5055454
1.5336854
1.431499
1.4060557
1.5463362
1.5415366
1.4547291
1.6365921
1.6739619
1.4878914
1.4955133
1.4942894
1.4087551
1.4181145
1.4655126
1.5025249
1.4950364
1.4912581
1.5257157
1.3728396
1.6377132
1.3880849
1.3782182
1.546152
1.5366838
1.7568986
1.5748627
1.3821025
1.3421413
1.4560795
1.5474062
1.475276
1.5525283
1.3878055
1.5660892
1.6451424
1.5991735
1.7289281
1.5103304
1.3976903
1.4656427
1.5204952
1.4993716
1.5312794
1.7103415
1.6125757
1.5589614
1.5414771
1.4492131
1.6161301
1.4375895
1.498749
1.5287812
1.5568008
1.5688503
1.5722247
1.5676997
1.562122
1.6446786
1.4383297
