0.33345306
0.11157803
0.12255071
0.28162315
0.3059832
0.05634141
0.11720873
0.36251152
0.14352436
0.10286504
0.119545326
0.28098622
0.020410985
0.16604842
0.0848591
0.109994784
0.34364802
0.807696
0.036023155
0.6020049
0.04424691
0.25504676
0.09367761
0.4831723
0.16562013
0.03376194
0.05686917
0.24970591
0.12606443
0.0747187
0.122611724
0.040266234
0.06198804
0.15704265
0.22705549
0.080591865
0.033158034
0.20729929
0.32931936
0.033482466
0.07656171
0.10633908
0.124166355
0.37328824
1.3647538
0.12724864
1.2385145
4.651455
0.023459893
0.8187388
3.1084976
1.2216337
0.6648378
0.075983666
1.0496714
2.9527588
1.783385
0.30316368
0.064892896
0.5203368
0.4800214
0.41324142
0.115827814
0.6782331
0.5512688
0.36788127
0.25967267
0.38719147
0.53862035
0.2387351
0.32349887
0.46860468
0.1740906
0.22968999
0.1074374
0.10301205
0.6039603
0.28352436
0.15929055
0.09541741
0.09495809
0.34748185
0.42352346
0.056489132
0.58784384
0.112244055
0.48985416
0.2503654
0.07120049
0.19306393
0.16958997
0.27694905
0.16348214
0.1427854
0.12992135
0.07826144
0.18610124
0.17852917
0.13011993
0.17214356
0.19950992
0.14208496
0.16045304
0.1767562
0.14012203
0.13851535
0.077843055
0.18340385
0.2295163
0.23629957
0.09248005
0.296755
0.28703457
0.08606335
0.3427639
0.7682944
0.10263676
0.42300528
0.12801513
0.87762713
0.795171
0.049019802
0.46007574
0.18129267
0.110509515
0.22352484
0.07225915
0.41979784
0.15330511
0.4009377
0.30561197
0.14516501
0.11336167
0.18227638
0.07241088
0.06928861
0.2262141
0.22630776
0.11471487
0.21034434
0.10850239
0.073537335
0.15033507
0.24199443
0.111167476
0.103378534
0.09563686
0.14064413
0.15808052
0.09327265
0.17368913
0.2877145
0.4283401
0.07185129
0.5342039
0.41273484
0.03816968
0.031108197
0.12713681
0.07677048
0.103594065
0.14871353
0.08938162
0.111247994
0.13142067
0.115696564
0.20108831
0.11832832
0.08100217
0.20007902
0.20379663
0.11124033
0.2952706
0.16136417
0.09586851
0.04999299
0.2494143
0.33921903
0.098425224
0.3446907
0.33317444
0.02225081
0.12320988
0.09389489
0.30867097
0.1938489
0.20980345
0.24519059
