17.158506
13.105717
8.189685
4.146932
3.855314
7.311833
8.331137
4.8075743
3.4601767
11.478486
6.989719
4.3371544
5.087701
5.747792
5.233098
4.4672127
3.1455295
10.969228
10.737923
8.386581
5.4006195
2.4826467
7.6415253
7.0108376
4.914877
2.6068072
6.1022034
5.091881
2.837586
10.682717
8.232796
4.5232506
3.4485142
9.695183
7.929772
2.8119645
9.281064
8.057222
5.977359
4.6208534
4.6784773
7.726684
6.9143744
2.8175764
14.789175
12.764902
10.531544
7.7207355
3.3189545
5.649451
6.9930534
4.9608293
4.0684342
18.223362
16.258354
12.078377
5.0700393
19.217241
17.742298
12.512157
7.2884836
14.202461
11.213617
5.493323
8.618486
5.463768
9.401063
7.7323985
3.429714
21.760796
21.800152
13.512575
6.9186587
7.0127287
4.8972445
19.614159
13.567586
6.146959
6.795981
5.62352
3.3393276
18.712051
11.153389
9.6262455
2.927802
17.184158
16.383862
6.649524
2.5843081
19.830938
14.3783455
10.9128475
4.702856
13.27979
13.54903
9.1746025
1.5882269
26.044262
15.823674
7.621812
1.5229857
17.25411
17.113142
10.061123
3.3547626
2.1168437
9.060671
7.4558244
2.3640356
7.73932
5.0029497
4.80157
4.043029
3.2299502
13.737915
7.7135453
4.346431
8.504333
7.626382
4.679465
3.5051587
3.0789616
5.597937
3.8120744
4.6720443
2.4725728
5.465788
3.8186116
4.0331244
2.9618368
3.3375125
3.43767
8.973316
6.1667223
3.5742455
4.815294
4.5198574
4.1799154
4.6823664
3.26678
2.4346328
7.0124254
5.4245806
0.6435262
11.138672
10.105841
8.697912
5.389507
4.744459
4.3088865
2.1570268
10.00658
7.7568183
4.713788
2.984723
4.1306195
4.211756
4.346532
2.3331943
2.3714628
17.670208
12.765369
9.079256
3.2765794
4.970228
4.8114314
4.107403
2.6307096
8.900981
3.8043177
4.044208
5.2629213
4.666087
3.3732064
4.8302264
4.1377053
3.2473683
4.7394323
1.2944071
28.460442
17.138702
5.5832667
4.2094684
5.372963
3.974104
7.2409225
3.9242864
5.1392097
