1.6435324
1.1947234
2.1068125
1.9138384
1.7770684
1.3259693
1.9042385
2.051757
1.8280904
2.452602
1.897944
0.5970155
2.4902337
2.014073
1.8082972
1.3284631
1.4212339
2.061931
2.2083778
1.9641695
1.842381
2.2572036
2.0290189
1.3940458
1.261716
2.2080572
2.1075525
2.1674924
1.8725913
1.6866931
1.820671
1.5267882
2.0086322
1.5785122
2.654861
2.3716626
2.027145
1.4344964
2.0051847
1.9775007
1.5447671
1.7260282
1.9961398
2.0162416
1.9552604
1.4389455
1.2502906
1.5735686
1.9318326
0.99024796
4.114792
1.7009352
1.226262
1.5598392
1.8797729
1.745791
2.264536
1.6689944
2.1059847
2.4816747
1.5524793
1.5462373
2.0029466
1.9268835
1.0291678
1.0032476
1.882014
2.8810675
2.423402
3.0609117
1.725426
2.124497
2.250896
2.2054293
0.31203252
4.1522627
3.1485398
2.189958
1.4065299
3.5679307
3.3634539
2.6326966
1.7566446
1.7692223
1.7783154
3.2210624
3.6651096
0.5103607
5.1995792
3.5558696
1.1293244
1.5666633
1.8183787
2.7808118
2.2529058
0.90597296
1.4570388
2.0979033
1.8159153
1.40558
1.2735875
0.86751616
1.1472335
2.792968
2.5440538
1.3211405
1.7268794
2.1466117
2.5803964
0.8772093
1.1694796
2.305448
2.4498343
1.9780166
1.4805315
1.6665888
2.04794
1.707299
1.7084336
2.430996
1.7142735
1.1149082
2.7469935
2.796946
0.61336553
1.0801544
2.2639997
1.833077
1.8660822
1.8651253
2.544591
1.4465482
1.6350559
2.5991635
1.9731905
1.3680019
1.8416651
2.2803478
2.3756714
1.7752523
2.4640021
2.1126053
1.3782957
1.7248954
2.036945
1.336612
2.855927
2.2663932
1.3933444
1.8215439
1.7888193
2.1439247
1.7530961
1.2993357
1.125133
3.359918
2.7910838
2.320249
1.7490461
1.3798895
1.5996294
1.9692676
2.3238902
0.9096457
1.6676527
2.2747393
2.2439516
0.72452
1.4662231
2.2076678
3.4378371
0.7544147
5.323161
3.8762262
0.31383765
6.3373003
3.2937965
0.65708745
4.3319154
1.472083
0.99918944
9.530844
0.14098436
12.055137
0.12732893
13.826946
0.048495024
18.16524
