0.7852207
0.92940146
0.9748367
0.9325001
0.9307285
0.86326635
0.78604364
1.1772076
1.5143796
1.2396196
0.87365794
1.2851775
1.007389
0.96045506
1.1784879
1.2292498
1.03083
1.0631189
0.89008963
0.78993344
1.2014037
1.2179884
1.6500397
1.1129594
0.8233844
1.078781
0.8252808
1.2839551
1.2949531
0.9102218
1.2140993
1.0246837
1.0031719
1.2508557
0.90292835
1.0202029
1.0400821
0.87494624
0.816673
0.872897
1.1337521
1.2497352
1.1085447
1.1257994
0.99708164
0.81167364
0.88477916
0.9986807
0.93221563
0.9044367
0.84371984
1.1207299
1.1342009
1.1816733
1.0533397
1.0451808
1.8051488
2.189028
0.8304273
1.2714922
1.0147653
0.84718525
0.79507273
1.1034744
0.8864987
1.2342503
1.5203087
1.0184696
1.1824825
1.1648932
1.1373156
1.3208435
1.6613555
0.9327365
1.0763805
1.0284405
0.8479732
0.7928356
0.8818622
1.060004
1.0763872
1.1336871
0.934693
0.9655944
1.0756408
0.88065577
0.83982074
0.88743293
0.9685122
0.8423065
0.85117155
1.1070176
1.3256433
1.1627133
0.88474846
1.165003
0.7883792
0.9285764
0.8244163
0.9287169
1.0690489
1.7004607
1.3533181
0.7380441
1.4252659
1.0590227
0.80293846
1.2272769
0.94707924
1.0729631
1.2880534
1.1416832
1.2214963
1.0337812
1.0468392
1.4041996
1.1734617
0.8955309
0.9081149
1.1358147
1.0930616
0.7386843
1.1503268
1.1780487
0.75524867
0.9077405
1.060102
1.2489243
0.80306786
1.1595006
0.9342896
0.7705687
1.0147784
0.8222389
0.9794488
1.1075562
0.90854573
1.0145476
0.97369665
0.954939
1.2821898
0.9622679
0.91094613
0.98793685
0.99696773
1.0999
0.8913752
0.85460854
1.0352824
0.959296
1.4619744
0.9195373
1.045256
1.0206256
0.9130076
0.96814096
1.113929
0.82850796
0.86676425
0.92977524
0.8832119
0.84106994
0.9027206
0.69627655
1.1231635
1.2318652
0.92767966
0.83509004
1.2842205
0.74832773
1.0647295
1.269572
0.9095365
1.0736156
0.8206601
1.0759684
1.260293
1.1600401
0.8307334
0.7846075
0.9990327
0.86530054
0.9337115
1.0224222
0.8990581
0.94660395
1.0900816
0.7114511
