0.047802426
0.10148075
0.120669186
0.11455733
0.1309934
0.09525212
0.058772434
0.6230862
1.906466
0.09110438
0.05199869
2.290204
0.6859544
1.3305984
0.022091238
0.015420039
1.2699202
0.058101438
0.41424012
0.045529958
0.05400023
0.21597604
0.0545097
0.058283992
0.12997596
0.036784925
0.17195827
0.16423412
0.07981086
0.12084389
0.08999139
0.1325874
0.062456742
0.09227899
0.060888965
0.28741214
0.048125345
0.13778114
0.06870168
0.23156972
0.1296563
0.088196106
0.09769068
0.19020623
0.12795234
0.11876736
0.20931467
0.05296659
0.09276529
0.21082097
0.09273349
0.08834613
0.105357796
0.22053413
0.052252665
0.09825951
0.014622234
0.11457142
0.11673357
0.27970487
0.2991848
0.03011563
0.24329619
0.05266267
0.015347367
0.20909646
0.02452292
0.054390512
0.087899975
0.046192694
0.29127622
0.37271747
0.019724678
0.010614148
0.06934894
0.13735218
0.030367399
0.023054764
0.059512712
0.13668545
0.14507487
0.41573054
0.9470417
0.85624534
0.199489
0.09182821
0.08500012
0.054824404
0.06815257
0.040348195
0.12818208
0.05802771
0.23599565
0.16085298
0.19857574
0.034296088
0.020550452
0.09406955
0.131203
0.15783477
0.185976
0.22042657
0.08339505
0.012879014
0.031872902
0.17418715
0.1019725
0.47039738
1.3074564
0.40197292
0.42995384
0.042210292
0.0645665
0.11695609
0.05270605
0.0423971
0.048332132
0.05946428
0.104169644
0.06401053
0.041593906
0.091808476
0.12917545
0.03619552
0.048259698
0.023110922
0.15410846
0.07226462
0.068854794
0.025730569
0.06497164
0.06863225
0.050227053
0.045700334
0.14745604
0.20309171
0.04840857
0.29303274
0.038858946
0.17646648
0.04518053
0.07830901
0.09202854
0.047332503
0.12886894
0.09639886
0.17137481
0.17467238
0.17640905
0.09545459
0.048364542
0.07497065
0.12387097
0.06869828
0.09552773
0.14492577
0.20870696
0.071682915
0.09397996
0.12643906
0.13010374
0.5995188
0.48258543
0.14686748
0.15896659
0.49236423
0.021329263
0.3392981
0.102806434
0.1636312
0.0984386
0.06564358
0.067998
0.11811283
0.18783514
0.3598621
0.19988626
0.26754266
0.22980677
0.05408729
0.02945283
0.02862237
0.10284881
0.0722235
0.24663548
0.28771493
0.3676814
0.020960286
