0.07578845
0.048072066
0.05654463
0.072285786
0.018281085
0.025149144
0.09030288
0.06335971
0.043303825
0.07682877
0.061274942
0.03912847
0.030446079
0.034600582
0.12072309
0.021276932
0.12245335
0.038595736
0.10090537
0.046104625
0.035242796
0.029592564
0.0976898
0.08067978
0.041163515
0.059593953
0.1545263
0.12911792
0.05893465
0.07604085
0.081951685
0.033204094
0.031729005
0.081792526
0.060375653
0.10430678
0.03418691
0.06822453
0.060978044
0.0859507
0.0578178
0.06326525
0.09611532
0.08196637
0.022041198
0.051049855
0.01419737
0.058573715
0.014125995
0.034567125
0.054477297
0.025102384
0.020780383
0.048853196
0.028137445
0.014896754
0.041077327
0.057170715
0.010104972
0.14762233
0.06614428
0.04098279
0.022703853
0.12089285
0.13371657
0.0789013
0.055346712
0.029402338
0.08501817
0.04451966
0.021871738
0.033939417
0.07405354
0.030487394
0.041386213
0.08428921
0.07369964
0.02780758
0.035704497
0.01906205
0.16560778
0.15905586
0.016822962
0.035994336
0.017594438
0.027592696
0.036528192
0.05328579
0.046109945
0.035146452
0.040201716
0.07741986
0.046824537
0.053934824
0.044466764
0.041167136
0.06429656
0.08976461
0.027801264
0.1479759
0.01570644
0.13939615
0.015339877
0.039833568
0.21140794
0.08888916
0.05747146
0.04227088
0.04372191
0.031403363
0.06781584
0.03315054
0.07553016
0.037530985
0.088921964
0.04411527
0.0569491
0.037463978
0.041244365
0.04742551
0.015136534
0.01250923
0.031780027
0.08036863
0.048199527
0.04104205
0.02219826
0.053314384
0.023853907
0.03874415
0.08460546
0.058871213
0.08536966
0.06837753
0.023824833
0.03056769
0.03221188
0.04290401
0.07184836
0.04929545
0.11384967
0.058781568
0.14175493
0.065913476
0.046583608
0.032252926
0.033942476
0.041342318
0.02434167
0.09747227
0.09705121
0.09417881
0.05427824
0.049533293
0.047994126
0.03378835
0.056817997
0.051293485
0.025750589
0.031529233
0.026854686
0.11326816
0.054207455
0.043494865
0.068289384
0.07898731
0.04419214
0.019252513
0.03236859
0.030749308
0.15475637
0.16799349
0.018137591
0.027547184
0.031812232
0.022066709
0.06586512
0.018691756
0.07246888
0.029555477
0.06323215
0.123320356
0.08047209
0.040749453
0.04456334
0.05918583
0.04191834
0.062351916
