2.7557766
1.4719145
1.0959299
1.7642246
2.0732465
2.6488633
0.8634133
6.189185
2.5710292
1.0997148
1.2066998
4.8474236
5.114595
0.50993216
1.643545
2.872428
2.5242867
1.9317646
1.5732524
0.49973756
4.4012985
2.782076
0.85370594
1.3670485
2.1598558
1.7737526
1.0874716
1.216646
2.348814
2.0103526
1.966028
0.79461884
1.6366439
1.888288
1.7867386
0.6006688
1.7271831
1.9800334
2.127832
1.3497777
0.8114097
1.1364913
1.4953055
1.2082425
1.9152204
1.7858634
0.7570139
5.716306
0.9539815
1.4126208
1.594971
2.469194
2.0256453
1.266077
0.32847404
13.671314
1.5963455
0.3349811
9.81381
0.91046286
2.329713
1.9726644
1.8367865
2.0111344
1.6400485
1.6052516
2.602884
0.48654664
2.8991656
2.5839753
1.5642612
1.1069444
1.395397
2.0519016
2.3448408
1.2421935
1.376924
1.3138418
1.496017
1.6414064
0.7977474
3.7036111
2.9402885
2.8091545
0.19581673
1.571692
2.0263464
2.3086586
1.4708754
2.1979601
1.061907
1.7917624
1.8421324
0.33763534
0.9954596
1.3867276
2.0605922
1.22125
1.159203
1.116008
1.7744963
1.9598705
1.958296
0.43879104
1.9509422
2.0223994
3.2186108
3.1065066
0.12407811
5.8816457
4.6567903
1.3320534
1.4652262
1.7072041
2.4618683
1.6667426
1.3925916
0.81154436
1.3340694
1.7334409
1.6415836
1.5342696
1.3698026
1.6079249
1.2744853
1.7092481
1.6227647
1.7592195
0.5804456
1.1854596
2.8846722
2.4613051
0.2511906
3.455054
3.9311233
2.4503546
1.2663918
1.2011915
2.2269306
2.4063687
1.6080033
0.904794
1.4367771
2.4641635
1.8764522
1.1451168
1.2475953
2.0978227
1.9722065
0.8090975
0.5976857
2.9749188
3.378799
0.6710216
1.0628963
3.4437168
2.8072264
2.6589422
1.6822234
1.520942
1.4533234
1.612092
1.4772723
1.7167304
1.7455907
0.97830594
1.3272988
1.8358743
2.1758347
1.0892909
2.1506972
1.3345087
1.24507
1.5786525
2.065971
1.0480311
1.632343
1.3328034
1.4355848
2.072125
1.800657
2.0825007
0.21665019
7.7857685
3.1919017
2.6530247
1.014708
1.3888505
