0.075666636
0.15658367
0.083658606
0.08293846
0.17108175
0.15236118
0.17228732
0.068637274
0.14982831
0.1744738
0.10789834
0.12204161
0.11860359
0.15200523
0.1736924
0.092332244
0.15545541
0.11366478
0.1363034
0.14780243
0.10853267
0.12585253
0.09983936
0.15911885
0.104474574
0.23060855
0.18584017
0.18682578
0.37823895
0.16278154
0.25178885
0.10765681
0.10500936
0.21227509
0.12851411
0.38634428
0.1330285
0.5097112
0.2275968
0.39012417
0.7949464
0.52860516
0.19753343
0.10565904
0.150803
0.30272943
0.13890514
0.17521285
0.15490542
0.17902346
0.16060387
0.14413333
0.19573063
0.12012755
0.08582445
0.12589689
0.050443675
0.0835887
0.09081818
0.21004537
0.06611748
0.12726218
0.20402712
0.12804109
0.11578573
0.15134482
0.100656405
0.5692399
1.5263398
1.8542074
1.5764742
6.439217
1.4428499
3.6809554
5.9475656
5.9588466
1.1003871
3.4796584
7.874155
11.374157
2.2759433
7.2399244
10.621725
2.6424284
6.0163264
2.8021743
2.2108514
1.4675045
1.684033
1.7904406
2.9219308
1.0917909
1.354004
1.0088722
1.9143625
2.1817133
2.4098027
0.8761972
0.9749462
0.83981484
0.7769051
0.91988015
0.4858786
1.1522262
1.04987
0.9445369
1.0395212
0.43448895
0.589825
0.51819444
0.4202125
0.8034297
0.48941243
0.75048697
0.7235401
0.9896444
0.7739477
0.4455623
0.5296806
0.55368966
0.51409185
0.48590106
0.6506187
0.57119405
0.34001982
0.35929337
0.3985729
0.2518986
0.5748261
0.8649689
0.41290382
0.58899575
0.79956967
0.42947048
0.41922122
0.3447408
0.49640733
0.18833593
0.93331826
0.6585699
0.35116243
0.8305845
0.4133352
0.37153456
0.54874253
0.36001462
0.6245008
0.4542185
0.44281688
0.2980778
0.2359204
0.2976995
0.3474608
0.3600558
0.46662214
0.44197986
0.17461245
0.22612536
0.2559352
0.20130706
0.32416654
0.35456583
0.3355784
0.27996606
0.3673107
0.25243354
0.41036776
0.48835045
0.39364684
0.24021877
0.14932574
0.14372443
0.2884692
0.22103626
0.32602727
0.2351001
0.1920897
0.16493197
0.20621635
0.2848259
0.27856934
0.35645437
0.5138725
0.2942298
0.34739876
0.2835639
0.29615462
0.1574834
