1.3794528
1.0084906
1.4969798
1.7011766
1.7651403
1.1511188
1.0565684
1.2092326
4.2637744
1.843378
1.9430342
0.9811281
1.9382391
2.8727486
2.8298717
2.3196511
1.9363694
1.6741229
2.2148812
2.434328
2.200141
0.55067754
6.2505884
4.152272
1.2479432
1.181328
1.4991312
1.7196203
1.8443639
2.1259484
1.7242432
1.2075567
1.1691579
1.1863077
1.5316075
1.4413974
1.4190946
2.3212714
1.4285142
1.9211787
1.3502638
1.0708345
1.0353109
1.6624155
2.5899653
2.4815843
2.7496963
2.899588
1.4925101
1.6839089
1.7324965
1.7666485
1.8437533
1.4818847
0.54386914
7.506546
6.418088
0.8782083
0.85464287
8.667741
5.365823
1.2867529
0.9459282
5.8419275
4.0404263
0.88973176
0.53790516
1.6641695
3.7929206
2.094574
0.9925777
1.5210574
3.0290384
2.7762475
1.669511
3.609924
2.8907206
0.5071791
1.2598207
3.608145
2.6081772
2.3255117
1.7709584
2.071093
1.7948316
2.2053463
1.8369203
1.7477205
1.923091
2.49225
1.9591713
2.2924862
1.7796564
1.5424358
1.0917385
1.8584638
2.460769
1.8416255
1.9327426
0.62870395
1.1749663
9.768927
0.9075107
0.56549996
7.8966427
0.12202096
10.640293
4.4976015
0.25009888
4.172516
2.9739707
1.2126502
1.0780883
1.8461419
1.580001
1.4383488
1.6026676
2.9974818
2.016925
2.6507854
0.52700007
8.061556
2.5090525
1.0012558
0.8988682
1.3915347
2.4833753
3.582036
1.9295185
0.4628769
3.0847685
2.27222
1.697391
1.7760789
1.3135655
1.2796893
6.338598
3.2811656
1.0293964
0.9887942
2.3489776
2.4848816
1.5089164
1.0208795
1.1006825
5.3194737
4.3366127
1.4030496
1.0150303
1.7787728
1.6610136
1.5639383
1.7651495
1.67977
1.371413
1.403252
1.4103727
1.6105688
1.4180152
0.8871316
1.2599657
1.8495291
1.5493162
1.4130125
1.4688348
1.6560988
1.4279387
0.9881834
1.0807052
1.8686225
1.4103467
0.9180638
1.3620894
1.6712375
1.8926073
2.0267687
1.848114
0.35006157
1.2850064
1.8799385
2.5909405
2.307713
0.15258886
2.809132
2.8576598
2.653738
2.2156417
1.3986323
