0.13281679
0.35559613
0.19112776
0.25209752
0.2566326
0.30567342
0.22863841
0.26212686
0.3441832
0.33854932
0.36152968
0.15773351
0.44367915
0.27632916
0.3424303
0.36542648
0.3767135
0.25914845
0.25267994
0.35930857
0.49307653
0.23989692
0.21712443
0.27208322
0.35569954
0.2616771
0.17362612
0.22105834
0.2827512
0.2123042
0.2551825
0.17994805
0.16111267
0.3086185
0.27434745
0.17665417
0.24957034
0.18520105
0.14424494
0.21686816
0.19877613
0.2641647
0.1926866
0.25464094
0.19383416
0.21350397
0.24460483
0.1453945
0.29225415
0.26482713
0.15230191
0.12013002
0.25008345
0.38271022
0.17561084
0.19911298
0.13044152
0.3264731
1.2371951
1.9407073
0.32242385
0.24679029
0.3287695
0.40455517
0.29574716
0.36814275
0.2975983
0.28061834
0.4193035
0.39726454
0.27073252
0.21417916
0.2421647
0.2100038
0.3308801
0.20877974
0.25674424
0.23055321
0.28643325
0.5345693
0.4627022
0.41891587
0.28145778
0.2834188
0.28457177
0.24369845
0.2369469
0.32236487
0.20717765
0.23474714
0.19066226
0.20197588
0.22540478
0.53106153
0.67003465
0.34317207
0.13863525
0.31241268
0.5937859
0.114142634
0.4904919
0.28872693
0.57720846
0.23757689
0.53459364
1.0471522
0.35425454
0.55414665
0.43340173
0.241853
0.17686634
0.17576465
0.406672
0.75944936
1.0261865
0.26451847
0.30378348
0.3827121
0.32623968
0.23971395
0.17243835
0.37330255
0.5417289
0.22896603
0.62654454
0.6149326
0.1816721
0.21065918
0.15879615
0.24697319
0.31606105
0.22848761
0.6826281
0.666815
0.13125238
0.3009314
0.18645403
0.34996128
0.26464355
0.20296954
0.65089
0.61636716
0.089738294
0.9698745
1.0989956
0.18947443
0.48514593
0.53006244
0.20391847
0.19055773
0.24857004
0.31781915
0.37160558
0.30621248
0.41597098
0.8675104
0.32596293
0.37820718
0.4898687
0.16233364
0.2856469
0.23204866
0.3865792
0.22801271
0.3395816
0.40765762
0.23226526
0.28621593
0.42202255
0.22222736
0.46740592
0.09390492
0.63696164
0.42664576
0.26722896
0.21341553
0.19942153
0.2487652
0.19256027
0.18673457
0.23290865
0.17924315
0.3497248
0.37697372
0.23950788
0.25943616
0.2988119
0.19579566
