0.15153614
0.09027707
0.088275746
0.077637434
0.055657983
0.064032614
0.08039075
0.073285334
0.10336582
0.15341327
0.074859716
0.1155832
0.13448083
0.09490214
0.05607307
0.17526796
0.13856964
0.0859652
0.077407345
0.2395075
0.21928596
0.071465775
0.07392304
0.061189108
0.15430889
0.13068971
0.08000934
0.08433298
0.06494093
0.1629887
0.11382504
0.05810333
0.05397483
0.08426703
0.4016956
0.418611
0.05528075
0.16410024
0.16547254
0.22604486
0.122987986
0.09993386
0.054756287
0.10206173
0.0385481
0.14006941
0.30574805
0.30903518
0.092622414
0.19351393
0.20705304
0.103547916
0.12129662
0.15208405
0.16035977
0.088512436
0.05646035
0.0772603
0.08267827
0.05492104
0.1664249
0.091872215
0.091294356
0.12686606
0.22490945
0.09898206
0.062161785
0.046564907
0.1946789
0.28185353
0.06095608
0.090710245
0.4145999
0.26615056
0.26683527
0.37753722
0.07786627
0.186354
0.059813447
0.07973702
0.047553018
0.16440587
0.13309641
0.06264504
0.05424509
0.119504854
0.13755405
0.11718637
0.1689087
0.10202057
0.14843161
0.18431595
0.052606992
0.061699934
0.17110096
0.17065626
0.040282547
0.07602686
0.05578389
0.087067746
0.19299108
0.2975742
0.09326952
0.44939536
0.36139143
0.10588289
0.10892224
0.122313365
0.11893101
0.13141999
0.15964504
0.055511873
0.11380515
0.10999982
0.07318647
0.18164414
0.07480639
0.069240816
0.0809508
0.10606911
0.060023416
0.095697746
0.08269434
0.10911438
0.122558445
0.2594461
0.11464268
0.066802904
0.08308256
0.0857898
0.07725594
0.06991041
0.090087
0.11445122
0.025513059
0.22587591
0.19662419
0.048906818
0.09213
0.034335177
0.10260749
0.12341595
0.1591881
0.10824249
0.30955115
0.46670783
0.19080913
0.14881894
0.08661042
0.48634255
0.6609687
0.12487724
0.16786763
0.40484476
1.3467605
3.3266156
1.5391403
5.9609137
7.960832
18.471348
2.87747
12.312604
4.56883
3.9338918
2.4663591
5.364971
5.9469705
3.3334157
5.444846
2.1786926
2.3282895
2.3170843
2.1502004
1.4678581
1.7211369
1.3139458
1.6728388
1.6533167
1.6204426
1.4474746
1.2166829
1.8076397
1.2464113
1.1729659
1.6032479
1.5372032
2.1556234
1.1053133
