1.8965636
2.0650928
1.9221399
1.9706204
1.958137
1.8186166
1.9635254
1.8871555
1.8158368
1.9680637
2.0181193
1.9185793
1.8164637
1.902442
2.0645509
2.1565254
1.9242992
2.0254588
1.9755181
1.9045959
1.8886316
1.9192449
1.939846
1.9462701
1.9116968
1.9643302
2.0194123
1.9356127
1.864513
1.9430606
1.814545
2.017124
1.9540517
1.9553521
1.9849389
1.9367194
1.857877
2.009484
1.8475449
1.915383
1.8963461
1.9803009
1.8461301
1.9457401
1.9436347
2.021236
2.229885
2.0006533
2.0477085
1.9350128
2.0324852
1.9180472
1.9300714
1.9260426
1.9036255
2.0017755
1.9814905
1.9921887
1.9371233
2.0097487
1.9104531
1.9344676
1.9435599
1.8689404
1.9459648
1.882907
2.022986
1.9335654
1.8877271
1.8581374
1.8411019
1.9084134
1.9162362
1.9109612
1.9613498
1.981137
1.9685693
1.9772413
2.0293698
1.9184401
1.9543974
2.0037105
2.01566
2.0084176
2.0514016
1.8660178
1.96123
1.9792097
1.9790728
1.9288818
2.0212512
1.9881753
1.940922
1.9700835
1.9720831
1.8285611
1.944583
2.0173502
1.9452436
1.9207057
1.9416723
1.8642958
1.9945456
1.8981897
1.8940938
1.8489152
1.9929953
2.0364702
1.937195
1.8373828
1.8983703
1.9504533
1.9591122
1.8571076
1.9139442
1.9499707
1.8727384
1.98174
1.9134905
1.9510555
1.9746484
1.9973403
1.962126
1.9145398
1.8755484
1.9465462
1.9222499
1.8870186
1.8698802
1.9278319
1.8668321
1.9283291
1.9013324
1.9451745
2.0180118
1.8763328
1.8988215
2.0079937
2.0303228
2.0120115
1.9596508
1.8962002
1.9615974
1.925653
1.991385
1.8923223
1.9570333
1.8987582
1.9238422
1.9569099
1.8972142
1.8941435
1.9177034
2.0054517
2.0467162
1.9260296
2.0107114
1.9529325
1.9102081
1.9078901
1.9369185
1.9188399
1.9376371
1.9631437
1.9285462
1.98337
1.9363713
1.8952451
1.9471552
1.95017
1.8783759
1.8492999
1.9477415
1.9429668
1.8558867
1.9929295
1.900233
1.9449782
1.9874272
1.9086767
1.930636
1.8171439
1.9191574
1.8430697
1.8703241
2.0171227
1.9080923
1.9015833
