2.6207187
1.4700781
1.100722
1.2512155
1.6729982
0.9914025
0.93060774
2.9937036
1.0580264
0.68374884
2.680304
1.5217497
0.99912167
1.9379117
1.7831447
1.2008789
1.3128585
2.7168221
1.6748391
0.8405511
1.2755469
1.3248587
2.1378422
1.9894109
0.40525845
3.895806
0.5175849
1.4691689
3.6575184
0.18754119
4.504634
0.7816
1.1383092
1.2232765
1.2738258
0.6344535
2.4808993
2.1544483
0.54341525
1.0822762
3.6236167
0.51893926
0.69320536
2.013709
0.8675901
0.89491224
3.2241616
1.1824964
0.42618567
2.8592682
1.7067177
1.4992616
1.1462231
1.4159777
1.2710998
1.1540289
1.5084343
1.1192768
1.6318913
1.2559303
2.989161
0.46564126
1.4621186
1.2855108
1.5573964
1.7659754
1.6419282
1.1811676
1.3993013
3.0439565
0.52306175
1.6594094
0.7309229
2.6379962
1.7729545
1.5167162
0.6141511
5.2274365
1.6530076
0.97864115
2.0120049
0.55408585
3.6425471
2.4812074
1.2639776
0.39859045
2.8834298
2.1530316
1.3821163
1.0644753
1.9211221
0.95804584
1.3896265
0.90742505
0.93354154
1.6449773
2.0476565
0.7986659
1.6619358
1.5418131
1.5440683
1.040081
1.8845553
1.6555302
0.53716874
3.2942767
2.0115607
0.683843
1.0416113
2.722328
1.5541809
1.3924644
1.1890702
2.063521
1.6615824
1.1202867
2.7616754
2.2217777
1.2256777
0.920442
2.5784106
2.281453
0.9184823
1.0016742
3.4051998
1.3890727
1.0051847
1.2274339
1.5723931
2.3729892
0.7992657
1.018264
2.6946988
1.557935
0.9938736
1.0169067
2.2728186
2.2959907
2.1562881
0.582862
3.6182756
2.3434484
0.6789721
0.7553032
2.9282048
1.783565
1.5991468
1.1429498
1.8103738
1.1085743
1.093929
2.5548594
1.734121
1.0163407
1.6475103
1.3477726
1.350762
1.315191
1.2685941
0.7002321
1.5449133
1.1275749
1.1936595
1.4719816
1.8480332
1.4029355
1.5861962
0.96008056
2.8960042
1.9740896
0.90815425
1.4624038
1.7000964
1.2825646
1.8606644
1.4251771
2.1438951
1.2716205
1.3838786
1.3202455
0.8121906
1.4862334
2.4197836
1.8126233
1.2098181
1.1630614
1.6420779
1.8362176
