1.8750732
1.8455005
1.8437521
2.022977
1.9170343
1.8287592
2.0209737
2.1194642
1.9978025
2.067588
1.838906
1.9347264
1.952622
1.9074653
1.9442182
2.0231402
2.0503678
2.21658
1.9614974
2.1051664
2.0052023
2.0533783
2.015223
2.004259
1.928195
1.7886183
1.937709
1.9746654
2.0550642
1.8496457
1.9304805
2.0021877
1.9094396
1.9736879
1.937008
2.0357614
2.0779216
1.9022068
2.096368
2.1909585
2.1374679
1.8776419
2.1501236
2.1476345
1.7964973
1.8459046
2.0324109
2.0948942
2.0708036
1.9003537
2.122898
1.987818
1.9067956
1.8179431
1.9158542
1.7869747
1.743855
1.7825794
1.8418075
2.070362
2.0401778
1.942934
1.8459626
2.0216417
1.9398274
2.0773823
2.1579132
2.2350304
2.0219178
1.8115163
1.9629738
2.0970592
2.0603542
1.9119574
1.8759897
2.0072703
1.9742181
2.0515068
2.0621254
2.0109408
1.8846742
2.0073557
2.0308414
1.8109374
1.770322
1.7769296
1.940755
1.9657962
1.8358378
1.8798583
1.9236231
1.9045732
1.7912445
1.8198409
2.019576
1.9806066
2.0889776
2.0433211
2.0236797
1.9613626
1.8777722
1.8791533
1.8884869
2.101523
1.9921423
1.9826968
2.0171444
1.9547254
1.9188888
1.8930819
1.8591049
1.8702338
1.8328236
1.8728174
2.0356278
2.0909653
1.9097756
2.0782478
1.9798203
1.8764786
1.88411
1.8644619
1.8289741
1.8480402
1.9038186
2.0928605
1.9555534
1.9030329
2.0190496
1.9296771
1.8497891
1.9717109
1.9086373
1.9975922
2.0740616
2.1742468
1.9053373
1.8984599
1.8721386
1.9387757
1.8828593
1.8858387
1.7521842
1.7302487
1.8523091
1.7470025
1.8413239
1.9874502
2.138243
2.1592526
2.0149078
1.9812591
1.9769753
1.9322703
1.9617096
1.8943288
2.0011063
2.0903082
2.1645665
1.9809285
1.8234473
1.8052969
2.183922
2.089163
2.1317883
1.864908
1.6981721
1.7848773
1.8274062
1.8296098
1.8641933
1.9525174
1.7780311
1.9388669
1.8555257
2.101121
1.8017502
2.078724
1.9031488
1.8418655
1.7732499
1.7510843
1.8313336
1.7592667
1.7609526
2.0748134
1.9990159
2.0619183
