0.082548834
0.09830434
0.051619332
0.09599671
0.14599064
0.14082485
0.11000006
0.18951969
0.056214403
0.05835899
0.026589874
0.09835289
0.087636165
0.088662274
0.078235224
0.03610485
0.115275174
0.1453789
0.6285177
0.14535342
0.21519807
0.14006305
0.15475494
0.09908173
2.1446753
2.6697114
0.023707787
0.1039855
0.59280926
0.120394826
0.31781074
0.033617847
0.07284951
0.12583995
0.04985796
0.048721403
0.08437842
0.16813907
0.035436183
0.06925234
0.19015029
0.14894244
0.040567085
0.062557064
0.07754014
0.041845754
0.11348737
0.039522637
0.4744917
0.70527756
0.14715426
0.26580152
0.016136918
0.018913517
0.06541694
0.103178054
0.08222283
0.03664802
0.036665544
0.19253258
0.3116382
0.42850858
0.021132175
0.20199667
0.023664702
0.02199118
0.09837299
0.031427868
0.40174598
0.1487898
0.16161957
0.023159714
0.11120424
0.034177516
0.038662486
0.053011045
0.17234008
0.078085154
0.17450587
0.0907457
0.055319298
0.12554668
0.10560861
0.32232106
0.008419979
0.07568358
1.0228363
0.5931121
0.09692532
0.0840881
0.046568632
0.060302593
0.3603728
0.19983417
0.27861255
0.16892217
0.032334432
0.13571833
0.11789173
0.062082462
0.062318698
0.16145633
0.20479633
0.090979606
0.25416335
0.059485674
0.20110252
0.051771954
0.4372186
0.15632954
0.14455627
0.04404189
0.10029984
0.113865234
0.046750106
0.09591294
0.1115801
0.070448816
0.08969233
0.14612177
0.07966002
0.21323922
0.073819906
0.12151943
0.109052464
0.08549276
0.12091642
0.17033751
0.022452565
0.020810744
0.07216829
0.116363965
0.1150816
0.15433505
0.067078695
0.27987102
0.14743833
0.07634583
0.028383248
0.016917128
0.15656772
0.025814619
0.035292003
0.023431329
0.088671
0.04493408
0.11053708
0.23913823
0.20543529
0.024119187
0.089044176
0.18625209
0.0448788
0.122185566
0.028650299
0.1658785
0.06427906
0.045736425
0.19915181
0.13416749
0.18760377
0.057445787
0.01811064
0.06201669
0.088731796
0.093553446
0.04980751
0.08088972
0.4576822
0.68849057
0.053779528
0.03163097
0.25930145
0.043013975
0.014459932
0.043103535
0.055840343
0.22479814
0.17408156
0.07453196
0.13383049
0.03217169
0.42486337
0.18531933
0.14236772
0.039758913
0.052562635
0.06673828
