0.045739606
0.14796878
0.19463998
0.15096074
0.10044417
0.104690745
0.19025265
0.23398666
0.05757589
0.085629664
0.32842776
0.18903634
0.2335867
0.8157711
0.42778778
0.23299931
0.28762168
0.10531942
0.14161079
0.05887638
0.2596852
0.09446532
0.116674215
0.07082009
0.13283095
0.141269
0.5353813
0.561307
0.083707646
0.11899037
0.1658862
0.120392144
0.18248178
0.099924505
0.22291662
0.111955866
0.73067987
0.74452716
0.051530123
0.08777195
0.14099002
0.2783502
0.18540235
0.054951
0.13340753
0.1861635
0.2131615
0.19102445
0.1254918
0.083653405
0.15324599
0.10639019
0.03509458
0.07497005
0.09757082
0.06951559
0.117282644
0.23928268
0.24767587
0.17904697
0.6748273
0.17935817
0.52316713
0.3421961
0.08407588
0.078788236
0.10522799
0.18348792
0.19341564
0.05655676
0.13716286
0.13886897
0.22991005
0.15475613
0.11511651
0.12608907
0.08231365
0.11471647
0.09567879
0.05751868
0.12396423
0.22232452
0.34221846
0.061223008
1.699027
1.2541598
0.32993332
0.11336895
0.21995701
0.1378497
0.17563358
0.14071447
0.07544251
0.14645165
0.22494584
0.09042333
0.31314978
0.15039858
0.3433131
0.21451929
0.06412453
0.117613114
0.14328666
0.110624775
0.2765774
0.07801412
0.24793608
0.05292821
0.15439227
0.11921993
0.16598134
0.12635991
0.10986836
0.12128276
0.14794384
0.19758366
0.34964335
0.2350751
0.12730677
0.17409892
0.17396995
0.05086877
0.14082737
0.12269364
0.106872365
0.11810188
0.1751399
0.10939443
0.1628733
0.16589883
0.1432219
0.16327259
0.26189148
0.90630496
0.20599784
0.7039331
0.09596923
0.6736747
0.5120768
0.17074971
0.09485629
0.2737438
0.1153582
0.3455269
0.20518473
0.33439764
0.14143449
0.37180725
0.10798498
0.30852535
0.16537417
0.054732494
0.070979364
0.09970723
0.19937636
0.07482448
0.22163916
0.11681567
0.056978855
0.0698773
0.26486892
0.19299431
0.14109918
0.06833449
0.09494486
0.06640698
0.2011933
0.12167048
0.17287582
0.2961179
0.12723647
0.2732541
0.2344801
0.10616602
0.07329013
0.13562246
0.19939241
0.07947039
0.09105687
0.07847908
0.2783533
0.29402575
0.1531786
0.21772954
0.049668632
0.134259
0.19472246
0.18751399
