3.1085248
4.0635214
2.5869026
2.7322004
2.8814974
3.014411
2.8589544
2.6470158
2.5937824
2.9640014
3.39999
2.753571
3.054559
3.023982
2.8665476
3.6647534
5.284314
3.059103
2.9275794
4.3337255
4.264765
3.4214969
2.1822853
3.6126127
3.9402492
3.609611
3.1262035
2.7836218
11.178137
5.9499407
3.697308
4.0040336
3.7635043
3.793669
3.6753042
3.8974173
3.4558473
2.7431183
2.5658934
3.4515445
5.5545526
3.9362047
1.5252345
10.848829
8.6976795
8.785649
5.235971
3.7762594
2.7476194
2.7823772
3.508257
3.4084787
3.092343
3.4820037
1.0589037
4.0063624
3.672979
3.473205
5.1489253
3.0575137
2.3547332
3.3691278
2.9919825
1.8587942
1.9998546
3.2474775
2.729784
3.323007
2.7634203
4.2585673
4.4068003
2.5577834
4.245325
4.610182
3.0118337
2.6484213
4.5621195
4.5890417
4.10616
3.2544806
5.234946
4.431444
3.1217923
11.863703
11.093437
8.283483
5.061513
3.152137
4.303821
4.8865805
4.1031456
4.4193654
3.611781
8.941478
5.97434
4.606699
4.5797915
5.7976747
5.666472
4.897769
6.5068493
4.5560083
5.7104826
5.3599176
4.073057
10.937357
5.577696
25.163998
21.066792
15.391548
8.861862
23.551685
20.682236
15.902327
10.974392
9.09062
6.5750604
3.66286
10.345241
7.9504933
6.421213
5.353481
12.967741
11.785275
8.577915
4.5007243
7.7456293
6.3954177
6.2666698
5.5531735
8.947931
6.7090254
6.1604576
4.974466
7.5410695
5.4429817
5.4700375
5.560843
7.0760846
5.881611
4.387818
16.085728
9.784988
4.8631988
11.972364
9.925623
7.07027
4.350396
9.019596
8.12804
5.8107195
3.983393
14.050696
13.163303
7.4908757
3.5545883
24.200962
12.509453
2.4710622
24.483559
4.76986
3.5138035
13.176737
5.8874865
8.670348
1.0990398
14.878272
10.538685
5.2892523
9.374199
6.2506704
5.4223204
3.3914304
4.066733
5.5109844
6.133505
5.386402
3.01509
15.381232
3.2457874
1.0944362
25.561163
15.791968
9.187494
4.577875
4.5847235
5.5722027
3.6883922
