3.8626723
3.803184
2.8912191
4.3794866
5.152537
3.0625954
1.6725378
8.781916
7.732163
6.5900455
1.8979478
2.2492604
8.71203
8.181467
5.7250867
2.3424108
1.953149
11.018023
10.487719
8.451746
4.862356
3.1676238
3.678636
4.244881
3.9245713
4.3923144
3.5801702
2.476137
7.5205564
6.0537357
2.862402
2.2955294
5.9449854
4.992782
2.608301
7.1769834
8.092628
5.4564257
3.4349499
3.3961859
4.8676157
5.9241605
0.30686873
12.282156
11.65452
8.389986
4.4948616
2.9639492
2.9798975
4.6709595
5.056946
4.96342
2.575511
11.485464
10.1238
5.2156897
3.6149821
6.1190615
5.955144
4.606526
3.3646402
3.765461
4.789074
3.1889362
3.503604
3.805867
4.642746
5.2295313
2.767261
4.0844507
4.358692
3.319769
4.054226
4.6729064
3.311541
2.7946455
9.33811
7.2827654
5.9181576
2.0047107
2.3223965
9.835081
7.4650593
5.157851
2.8357534
3.4019854
5.913444
5.168879
2.5675104
6.742217
3.207243
5.148979
5.4658475
4.831831
3.7542055
4.108489
5.888276
5.448212
4.007417
3.603682
4.7907343
5.7048397
2.9493785
7.7667017
6.5143013
5.2356653
2.6951113
10.030645
8.733888
7.029936
2.6190586
5.1393085
5.5853534
5.078533
3.8115735
6.3660994
4.663919
5.143405
4.078327
6.3680944
6.8387804
5.8530684
3.8622189
4.041194
4.1197176
4.800247
1.8932045
10.203013
3.1730423
4.6636276
6.031113
5.835535
4.2754364
2.4335308
4.611427
5.753831
4.1445174
1.9256248
5.428648
4.524332
4.3866787
3.12748
3.0818677
6.4799595
3.9151652
3.2344875
2.7495148
7.167387
6.8641663
6.4781747
4.5775766
2.8673587
5.4724007
2.9133387
9.240411
9.537811
5.4837255
3.1157265
5.7465515
5.335392
4.480729
4.43606
6.09019
5.3438
3.3779259
2.9347472
2.8519783
25.686878
12.904404
5.8000584
3.6895208
7.464122
3.5638921
3.336481
4.0323057
6.4613132
0.31065774
24.194563
13.049864
4.3919897
1.3244333
19.548557
10.497171
4.581118
1.1862926
14.3433695
12.613323
6.6300764
