0.46688563
0.7220235
0.996775
0.5952889
0.59622717
0.5008694
0.81200975
0.6371248
0.7809274
0.51958853
0.5926305
0.6789217
0.6989584
0.759586
1.1784611
1.1733686
0.5871444
1.3415161
2.0054839
0.5804739
0.893117
1.6526505
0.98420846
0.6275629
0.47263396
0.7778654
0.65741915
0.708671
0.9513118
0.46347058
0.5473446
0.9321492
1.3823496
0.754593
0.43923134
1.2091722
1.2955643
0.70997846
0.93530446
0.6342367
0.5969064
0.5588565
0.5461971
0.7678171
0.6759739
0.5828127
1.1626258
0.6790568
0.60138386
0.73536855
0.7925743
0.6850059
0.7611716
0.8401117
0.7859306
0.6384794
0.6008002
0.6823075
0.58001685
0.6921207
0.5917524
0.57517564
0.7955626
1.3260791
0.7342803
0.49975368
0.7093488
1.0235722
1.0054011
0.6391392
0.63183624
0.66870767
1.4791402
1.1587507
0.8610475
0.80144376
0.66349435
0.5512014
0.9687413
0.83274734
0.599295
0.5375252
0.65839297
0.749894
0.7693448
1.0669079
0.8351255
0.43611997
0.52395064
0.48648754
0.64479005
0.80734277
0.8661387
0.6140001
0.54698974
0.9866928
0.8411827
0.5957819
0.51971924
0.638304
0.92824185
0.80320936
0.6600666
0.65756047
0.7919086
0.60361326
0.54406846
0.7115574
0.8242574
1.0435553
0.5095822
0.90250427
0.98765385
0.5012164
0.7964232
0.85213906
0.51825696
0.48323846
0.5107075
0.6062547
0.59592104
0.51858795
1.004496
0.73205245
1.0755693
0.9483121
0.6056852
0.7450894
0.5947695
0.60837233
0.48660746
0.823425
0.5388799
0.55752295
0.8119408
1.7698913
1.0173088
0.61527306
0.8125513
0.7003168
0.5727791
0.798292
0.97459114
0.6181611
0.90383184
0.58875513
0.51770705
0.5655479
0.77471745
1.0506841
0.7207519
0.57465804
0.78379345
0.6262819
0.573791
0.74867934
0.66973525
0.6132622
0.7062036
0.5710305
0.47540277
0.67667
0.85007703
0.4565584
0.42756456
0.59103554
0.4405036
0.59084976
0.62403476
1.5558326
1.3244777
1.2549847
1.9860476
0.9930595
0.78844446
1.329146
2.0296488
1.152451
0.7808641
0.6970973
0.71011627
0.6846984
0.70094734
0.8017208
0.857763
0.8041662
0.5542942
0.87062263
