0.35681498
0.70799685
0.5548618
0.6357451
0.49435526
0.40443364
0.77728295
0.6197934
0.5576045
0.59570336
0.48695225
0.57238066
0.47420156
0.64388746
0.7703715
0.48188812
0.49426883
0.5543569
0.41864887
0.5929049
0.6828674
0.35481012
1.0363679
0.78893876
0.49778807
0.5268839
0.42088866
0.5566406
0.65031445
0.80444956
0.39856502
0.42040098
0.534582
0.51583195
0.62479496
0.7751111
0.6144781
0.5053876
0.5740157
0.50685626
0.49529272
0.6382076
0.5497842
0.44850796
0.6101128
0.5474754
0.48125255
0.67582285
0.64480317
0.5383203
0.5148924
0.5329442
0.445515
0.4167586
0.40095276
0.56113386
0.5148341
0.5576345
0.5338092
0.47879186
0.58216554
0.7444035
0.518521
0.63159114
0.6876241
0.5507953
0.52220374
0.6521931
0.69123495
0.755007
0.53480226
0.9030298
0.5874634
0.4072512
0.9701319
0.63158035
0.6147297
1.6842662
1.0159247
0.58063525
0.5843179
0.6117924
0.777807
0.77506787
0.7254162
0.5553231
0.37671673
0.46924216
0.33659738
0.42744997
0.5545097
0.7506407
0.4771055
1.084595
0.75681597
0.62860286
0.5652424
0.99357724
1.0755837
0.5007477
0.80954874
1.0092115
0.7269131
0.4792458
0.5275668
0.747587
0.77908903
0.5215491
0.8092627
0.95454437
0.5649998
0.46368578
0.83243865
1.5703598
0.7047253
0.8787821
1.279607
0.56655353
0.6698069
0.5255402
0.52303004
0.4103816
0.4120676
0.7616707
1.1126549
0.47178668
1.0769774
0.5954331
0.9472859
0.29988235
0.7599626
0.72431743
1.2882973
0.73870856
0.8154789
0.7619219
0.7335555
0.47202906
1.2455832
1.7860967
0.41069722
1.24795
0.8760283
0.70798874
0.5991454
0.96006215
0.7187216
0.71357846
0.566883
0.6606672
0.54281855
0.86024624
0.7016112
0.79430586
0.73830676
0.53650224
0.609198
0.46380448
0.5122221
0.5463401
0.6777523
0.64868766
0.5724894
0.7756312
0.37841684
0.69604945
0.5039796
0.5387026
0.67503536
0.35372865
0.7914356
0.9494809
0.67435515
0.702268
0.385101
0.7755341
0.56544614
0.3964711
0.42256325
0.60890055
0.58244085
0.72306776
0.6259864
0.535038
0.6434851
0.5209397
0.57399744
0.42205173
