4.030876
2.832651
4.8625865
3.0925665
2.79878
5.4301023
4.1949887
2.9685376
10.832882
9.876636
6.9888296
2.049906
2.7553797
8.269903
8.752395
3.109233
0.7683681
8.396969
7.012476
6.36061
4.81453
3.3457274
1.8338548
6.2251782
6.362693
1.9412744
2.757864
4.4430895
4.3265204
3.8210838
3.4867694
2.0558693
3.3715215
4.462291
3.6116426
1.5763884
9.944188
6.585344
4.1873164
4.403181
3.5887249
5.7307806
5.433239
0.9628193
22.075254
9.865079
3.4277673
1.5679295
15.670475
9.081432
3.5547857
4.6499214
4.466835
4.364423
3.282474
3.3257174
2.1648874
10.467518
7.5987897
5.4605026
2.9374018
4.5118184
4.6338444
3.0988154
2.6507778
3.2837672
3.7173653
3.627328
3.8278706
3.1886573
7.490134
6.926458
4.949812
2.6558022
7.094276
4.9353743
2.8605373
5.7994833
4.2493696
3.4297163
3.6123533
4.538318
6.0228214
4.4485335
3.3371959
3.225026
5.2982817
5.0249104
3.403369
2.5410166
13.737251
9.495715
6.6141233
3.9055352
3.2617054
6.162136
6.6283903
4.7337027
4.124709
3.430576
3.8056898
3.3152194
3.9963841
4.6357574
4.420328
4.2869296
2.8028731
3.1915345
4.7327557
4.8143935
4.5601835
4.588435
3.8146198
3.955
2.757435
5.820086
6.000107
4.577562
4.914668
4.3288145
4.0125933
4.3528767
4.9773693
3.6294105
4.0835533
4.071311
4.792976
4.214123
3.737555
3.9577937
4.674023
2.8247824
3.6105487
3.7822962
5.1931396
5.306652
4.6436563
2.4883084
2.9647064
5.939806
5.443369
4.1176195
5.2028494
4.721412
7.1997375
4.5391665
3.3712225
5.625782
6.7948937
6.5406094
4.995616
4.2593455
3.858325
4.4246817
4.091923
5.802081
4.401559
4.234753
3.2440991
5.693165
4.641081
3.835866
7.0339146
6.5247593
5.709506
3.172275
2.983391
6.95158
8.291833
4.097289
1.8903934
4.433951
6.449512
6.179921
5.6598415
3.0824819
10.940008
4.2248116
10.7354355
10.085712
6.023783
3.6710267
11.160463
10.337981
7.992522
4.9890156
11.117987
9.592215
