0.062949024
0.12711689
0.14464688
0.2649102
0.21039328
0.27363914
0.02237776
0.13176614
0.09858935
0.0041235923
0.057706304
0.03447417
0.009731591
0.23643625
0.12298523
0.14391038
0.1547344
0.12930572
1.1244732
2.593147
0.068091676
0.060656793
0.47467712
0.077783145
0.10688375
0.10745104
0.12931754
0.11894161
0.13715076
0.060876675
0.050352123
0.04678779
0.17248236
0.09559059
0.084269345
0.06713266
0.040476605
0.05853935
0.067849286
0.09450413
0.30440596
0.2542473
0.06649925
0.050635844
0.37868437
0.17795229
0.114961475
0.0845281
0.12033737
0.032489087
0.02804501
0.06887966
0.08170186
0.3552453
0.060033597
0.21433412
0.025731318
0.43237218
0.0763997
0.2327335
0.08871328
0.03953708
0.36009106
0.4103412
0.08747753
0.03457077
0.56679666
0.38900644
0.149324
0.020649893
0.017134495
0.095705815
0.18661098
0.06988653
0.09415995
0.11479555
0.19638173
0.027218219
0.1956373
0.05777122
0.038644895
0.09760072
0.13240248
0.06447964
0.13645259
0.12649171
0.33506352
0.15874755
0.089497775
0.051922753
0.08594641
0.21126416
0.074019685
0.23813772
0.1118299
0.03233494
0.23721485
0.0445469
0.07786485
0.05743798
0.038976848
0.14877793
0.22986872
0.09034486
0.07198049
0.03009471
0.08019887
0.06681445
0.08199232
0.058133077
0.09441624
0.12606524
0.2589447
0.36343923
0.12281665
0.19431776
0.1067564
0.21712895
0.08583402
0.10875726
0.060475588
0.17013606
0.09148649
0.09099961
0.14343221
0.15271263
0.12926905
0.06785043
0.08148621
0.46739584
0.69245845
0.010914211
0.055900663
0.3023466
0.0093506295
0.048789438
0.10273427
0.12818515
0.059697077
0.08014479
0.097493626
0.1325486
0.4666762
0.095703855
0.1471385
0.077564225
0.28642926
0.04294663
0.2102889
0.052850425
0.36871997
0.34056926
0.09072702
0.031739946
0.15976554
0.11669957
0.049123716
0.055991996
0.086457744
0.11565415
0.09143887
0.09555583
0.07308159
0.080735266
0.49128816
0.54078794
0.12568529
0.08439235
0.008318111
0.030235376
0.14881706
0.09765295
0.12764807
0.14058614
0.087551065
0.22153969
0.082787424
0.22306505
0.07640102
0.044606622
0.04881317
0.03492582
0.098968774
0.032962684
0.026153933
0.10611865
0.11704455
0.038905654
