1.4368912
1.6933875
0.9390727
1.5491796
2.3236017
0.82435083
0.66439784
1.8778713
1.4468737
1.8495185
1.237625
0.9455792
1.4703267
3.0835047
1.1383898
0.5669148
2.9114082
1.5693693
1.3068953
1.2008896
1.7541057
1.8910493
1.7037375
0.7260971
2.3051472
2.149326
0.4510854
4.0487394
2.8685107
0.58013076
2.6702843
2.7235026
1.4157574
1.4983523
1.7821778
1.6318517
1.7055633
1.2885759
1.1113812
1.6360472
0.9359827
5.6131167
2.542707
0.32758212
1.7672938
2.159892
1.1439337
1.361197
1.9803119
0.7679308
1.4515047
1.8395842
2.364449
1.2315612
1.1747382
2.084618
2.1123893
0.9879541
4.7852297
2.5856528
1.0348771
1.3132374
1.5939755
1.6035559
0.95366603
0.8718202
1.4823058
3.7572246
1.7285302
0.45740813
2.0390635
3.3341866
2.334239
1.2658515
0.54050356
1.9095209
1.8379421
1.7102582
1.6507914
1.573646
1.6205792
1.4219862
1.4297242
1.8135074
1.6239231
1.1152041
0.6621861
1.5834814
2.7587712
1.4324131
1.7541977
1.9327459
1.2247667
0.8654628
1.9413825
1.6766833
1.3552926
1.2745988
1.796474
1.6456599
0.99287677
0.9421983
4.6352034
0.90078574
0.8133317
4.679608
2.6600637
0.09696169
6.636457
2.7297015
0.31991348
1.5832345
3.0396895
0.7575741
0.86439145
4.5493956
2.895506
1.707964
0.62931556
1.9891049
1.6799161
2.2641025
2.088512
0.59218705
1.2331333
1.3232093
1.9756165
1.5721425
1.8630245
0.8790128
2.9736087
1.6415734
1.3403007
0.84914434
3.9297385
2.921064
1.2213821
1.3944488
1.4683136
1.500411
4.574096
3.1986816
0.7611472
0.73830295
4.8003345
3.3551898
0.23776725
1.9250791
3.8505034
1.7083874
0.96976405
1.5507857
2.0223048
1.2646787
1.2017136
1.123044
2.3382034
1.6186287
2.2191746
0.5263181
1.8217487
1.5133804
1.0290473
1.4471854
1.5440997
1.4034092
1.4951754
1.3550539
1.5246472
0.82475746
2.4569309
2.1533027
1.5249326
1.1858946
2.7419348
1.7678201
0.46304002
1.4981682
1.3573451
1.3338344
1.7781297
1.2795161
1.5105767
1.6012456
1.4343014
1.3209395
3.4311397
2.1159215
