0.096357
0.26807237
0.18533951
0.1011146
0.17425747
0.118153304
0.18826652
0.30492488
0.30816382
0.27445766
0.50928605
0.1857482
0.26661593
0.28899974
0.09935985
0.2717567
0.20551452
0.39131945
0.36569193
0.12810098
0.22634533
0.26291493
0.13972093
0.23820952
0.24937814
0.34603202
0.15208729
0.27061406
0.24805051
0.1461739
0.1871487
0.1237559
0.13572127
0.2317218
0.2773867
0.39554587
0.35156158
0.11002442
0.26962885
0.14728318
0.17752479
0.29695147
0.3324615
0.2549455
0.24828331
0.7330102
0.29021245
0.24318981
0.31622183
0.20605767
0.16374505
0.128115
0.109388925
0.0965869
0.14966793
0.11341776
0.12377693
0.21783641
0.18667094
0.123988606
0.18010503
0.11748874
0.17579883
0.23532382
0.28944114
0.1848585
0.29855436
0.16951598
0.12198453
0.17748366
0.22895521
0.12579487
0.17068526
0.14661291
0.18235414
0.2466695
0.45946226
0.21969482
0.3543037
0.39020985
0.10033841
0.30800894
0.26251423
0.17608568
0.27777827
0.2492052
0.1298148
0.16567186
0.3332356
0.24989259
0.17609787
0.15744945
0.1676619
0.15069622
0.17546684
0.20147017
0.089642115
0.13364407
0.21717136
0.1864338
0.15173632
0.16258384
0.37886366
0.92911667
0.709149
0.19195181
0.77232873
0.5347367
0.17672205
0.16551617
0.21235973
0.22947124
0.25470048
0.25559518
0.33741543
0.12130146
0.25347403
0.3028314
0.16253722
0.24859595
0.29760388
0.719295
0.4721877
0.27364945
0.16192122
0.43527684
0.7063995
0.40270668
0.11529429
0.26606685
0.35439175
0.11830172
0.17062637
0.5582431
0.5863129
0.10807772
0.70465714
0.46687624
0.14310724
0.112497225
0.13231972
0.27989754
0.3065284
0.19724584
0.18586776
0.20923412
0.17177185
0.15011157
0.29936334
0.54717284
0.24643329
0.1909641
0.24985945
0.228105
0.13870728
0.13895449
0.19908755
0.18462044
0.30764088
0.15782
0.20294413
0.12028144
0.20321096
0.2651653
0.67782843
0.55468553
0.5740408
1.7068918
0.801845
0.09285284
0.26709652
0.21971887
0.21927646
0.40117732
0.41744184
0.28679714
0.36570507
0.19247119
0.23437689
0.16560106
0.33010268
0.28653458
0.19878918
0.1960499
0.22553878
0.27375695
0.20977694
0.14349525
