1.0055488
2.1723566
1.3531185
0.8040585
1.3156514
1.8215834
0.64078295
1.0179245
1.587776
1.6321228
0.7168795
2.6249042
1.4730713
0.9312638
0.5299687
4.4813504
1.9192567
0.7050488
0.87558484
2.3106236
2.0651515
1.2784787
1.1216409
1.6247013
0.86201847
1.1044406
1.3327217
1.4641659
0.81372696
1.9361497
1.6284628
0.6813024
0.9418871
1.9465706
0.88306737
2.3056748
1.5431591
0.66860855
2.0712614
2.3262465
0.77231085
1.0699755
1.4811804
1.742126
0.63705564
1.9585842
1.8924258
0.72073126
0.5649312
4.785191
1.1085957
0.49744216
1.4252175
1.7071246
2.478516
0.47997454
0.54453826
4.203289
1.1114775
0.43930775
1.3363023
3.2367887
0.79332703
0.73507917
1.1393986
1.0990546
1.1906868
2.1009839
1.6289335
0.3319214
2.7738338
2.2896318
0.43761086
1.3177788
2.5649889
0.9858453
0.9298684
2.4623678
1.5141953
0.5534854
1.9944777
2.029172
0.37616414
3.281125
1.2939632
0.71945477
1.830378
1.6256399
1.2237253
0.9115022
1.0213189
1.0527434
0.6271218
0.8742031
4.0412645
1.4918928
0.37887263
2.3968797
2.383248
1.1649251
0.6153871
2.1031156
1.8523457
0.881825
1.1967767
2.2332761
2.0206902
0.36187658
2.790889
1.7933904
0.51075983
1.3706737
2.5103476
0.83928597
0.8657974
2.4706414
0.9951893
0.3236915
4.246209
1.1850538
0.27740932
5.134912
0.9507127
1.1854999
0.33045822
3.3730788
1.4106586
0.50575495
0.5109197
4.648904
1.0453898
1.2825863
0.49006563
4.3311114
2.0424457
0.38232788
1.0772815
2.5778832
1.7930195
0.23021701
4.2239914
2.2864618
0.31316996
1.7265997
2.9314523
0.8796911
0.4229651
3.7154496
1.6531217
0.5730237
1.9380102
1.7978532
0.9544274
0.35891646
3.5820155
2.2175946
0.8332975
0.7280029
1.8677104
1.6632621
0.26250732
2.1575584
1.9984684
1.2414364
0.95502096
1.4443169
1.5497708
1.5011446
0.33916342
2.0640657
2.4409733
0.7907902
1.4453994
1.8631651
1.0577451
1.0662892
1.5341955
1.0918676
1.0417569
2.5905397
0.89747316
1.4732554
2.2344556
1.6352565
0.7797463
2.4579208
1.731694
1.3838325
