2.4309983
1.2172287
1.398209
1.161016
1.4872631
1.91575
0.81711686
1.5810119
3.4789598
1.6451437
0.38973078
6.155858
0.90917516
1.4623921
2.5643034
2.4039986
0.76590407
0.7926131
3.3808002
2.1382213
1.2747285
1.1421292
1.7282956
1.8844659
1.9415388
1.9108202
0.7715641
0.8372527
3.951505
1.9021041
0.95209605
1.0219854
2.857061
2.232818
1.7164079
0.67658925
1.8796465
1.9843674
1.3322835
1.6269917
3.0449767
0.18229567
2.3923259
3.1977243
0.567574
1.9122815
1.6497442
1.3208609
1.1677526
0.60960674
1.3461523
3.947973
1.846257
1.3496286
1.7299263
0.94590914
2.0596752
1.08097
1.3964186
1.5261475
1.241534
3.1191878
2.2955647
1.3983864
1.003761
2.2061272
3.2700047
2.8143368
1.1332688
0.7128817
5.106347
3.45681
1.405364
0.5947893
2.7342288
2.4840946
2.1660242
0.8216856
1.393893
3.1832108
2.5050917
0.22196648
1.8758657
2.3802967
1.9819741
1.2853216
1.1060636
1.2781737
1.4546219
2.3007848
2.1176493
2.6403058
1.9863361
1.184849
1.973109
2.6271317
1.0003227
2.1558836
2.1419024
1.4637082
0.674868
1.3412805
2.0749912
2.6726136
1.4623375
0.25760338
2.3127751
2.698174
2.0442595
1.3691571
1.0856266
2.15026
1.9176738
1.7413926
1.4736989
1.1631857
1.7618146
2.0056016
1.3714373
1.1204481
1.2436986
3.8960376
1.4930015
1.0112889
1.2596319
2.4047961
1.8793616
1.1541095
1.7922287
1.6192124
1.9696349
1.3685293
1.4285462
2.1583529
2.196157
1.4654009
1.4823139
1.7470751
1.7598181
1.7974918
0.97676784
1.3523421
1.8279258
2.676698
1.5848391
1.4513397
1.402445
2.4267764
0.9717019
1.0637848
3.1437457
3.3716712
0.54663646
1.0139319
4.9949207
3.9673522
3.2640228
1.7637913
0.9438476
2.5409203
1.4723979
1.0762672
3.3248549
2.6074395
2.3203292
0.873737
1.8017281
2.7648878
2.9770598
1.4902956
1.4034121
1.7040882
1.7664533
1.651567
0.9956186
1.6456056
2.3018117
2.470956
0.7917055
1.9863075
1.5042093
1.4877353
1.0992166
2.1352615
2.6069684
2.78004
2.5271006
1.2767179
