1.878786
2.0557961
1.7334719
1.8082812
1.9691322
1.8614502
1.7919631
1.8852825
1.901027
1.8191078
1.9264672
1.9867004
1.8969111
1.9274328
1.8944108
1.9464363
1.9393718
2.080329
1.9851972
2.0610862
2.032229
1.948189
1.7911648
1.8656964
1.8219622
1.8776369
1.9012979
1.9537395
1.8147023
1.8385574
1.8203459
1.8965436
1.8319249
1.8863484
1.9748646
1.8861871
1.8404667
2.0709548
1.8666937
1.9332652
1.8188193
1.8742284
1.8528519
1.9116584
1.8864933
1.900467
1.9157231
1.900293
1.8287361
1.6787852
1.7552122
1.7244716
1.8825141
1.8564024
1.9422674
1.9262154
1.9321147
2.0053241
2.0176697
1.9487531
1.9225436
1.8753046
1.9513661
2.1186552
1.9188681
1.9518828
1.9710324
2.0207572
1.986438
1.8569114
1.8931658
1.7835974
1.8396648
1.9051185
1.9427183
1.7489113
1.7560747
1.8059175
2.0429091
1.8718442
1.9512066
1.890818
1.8943245
1.8818874
1.8884233
1.9801829
2.0987837
1.8570235
1.8296251
1.9977021
1.9001889
1.9778144
2.063971
1.9339068
1.918875
1.9823931
1.9059094
2.0188346
1.7657869
1.9223619
2.0044956
1.8382326
1.9567761
1.9095018
1.9544227
2.0362828
2.0670803
1.942954
1.9679253
1.9119084
1.9085066
1.8295035
1.9008589
1.8879895
2.0374668
2.0016277
1.8475559
1.9458044
1.9218438
1.9434581
1.94983
1.9834219
1.8873653
1.8811872
1.8318149
1.9732533
1.9234328
1.9055145
1.7730789
1.9138811
1.9485412
1.9608043
1.8786787
1.912662
1.9109613
1.8765846
1.8421369
1.8733565
2.0405698
2.005649
1.8530545
1.9386506
1.9795492
1.8718135
2.0101895
1.8295591
1.8777645
1.8788307
1.8569628
1.7883
1.8255816
1.8641315
1.8692598
1.8531564
1.8769703
1.8588631
1.8634962
1.7974589
2.0629501
2.0000274
1.9822978
1.8758839
1.8800216
1.8380697
1.9416411
1.9562359
2.0660665
2.019774
2.0302756
1.9675269
1.9896569
1.9967892
1.8440405
1.9080994
1.9736481
1.9916416
1.9513545
2.009374
1.9940802
2.0099096
2.2403746
2.0912843
2.0546293
1.923569
1.8424819
1.9829869
1.9831764
1.984731
