1.7248112
1.1215014
1.7252156
1.2474029
2.1428833
1.4399154
1.384755
1.6686566
1.0727406
1.9647909
1.8895922
1.2520622
1.3428202
1.3223424
0.9246123
1.4210671
2.5412922
2.204414
1.0297227
2.4675746
2.1736085
1.6330323
1.1206961
2.9428592
2.287668
0.50013995
1.7847993
2.934619
0.41641602
0.9894529
3.2682092
2.6274028
1.79066
0.6695782
1.1127732
5.550724
3.610628
0.27047822
1.3566443
5.5168867
0.5852731
4.816367
2.0408258
1.565361
1.1400197
2.025603
1.6476054
1.6572115
1.520642
1.2877569
2.3801212
1.4767177
0.82036877
1.4154973
2.0381994
1.508111
1.4347079
1.3363729
1.8782775
1.5743952
1.8441217
1.2362237
0.93270856
0.81934524
1.9612296
2.7479281
2.3805356
0.123720944
9.98699
0.25407478
10.9477005
0.40736133
6.9356465
0.049890533
10.011757
0.3011403
5.2457027
0.016027508
12.34633
3.1453266
0.09671672
10.570537
1.0443642
7.1629677
1.2255974
2.5005078
1.4410441
1.8120008
0.6564074
4.574629
0.47603613
1.2025731
1.6262419
0.8507858
0.4627381
5.269596
0.73343563
1.2731233
1.9473258
1.653306
0.9739119
2.9632182
1.3051772
0.5173596
3.4807389
0.61737245
2.4755144
1.2098463
1.3871914
1.9145012
0.95443803
1.9703581
1.2586166
2.0190613
0.6813012
3.6907578
1.1723979
1.2548853
1.4156442
3.10682
1.5213699
0.49075863
1.5584878
1.5158193
1.1139581
0.92830086
1.8077471
1.3126923
2.5938847
0.37395597
0.92822766
3.2875702
0.4585948
1.8805592
1.1217004
0.64003056
3.0654917
2.4313755
0.3280396
2.6106188
3.650953
0.7608396
1.5051559
1.2235749
2.4940434
1.4287473
0.25415632
1.3893965
1.3636738
1.9263775
1.4578998
1.5940228
0.87440014
1.0415599
0.87709147
1.8280706
1.7174747
1.3255537
1.4804447
1.2166692
0.82377243
2.4847631
1.479372
0.78392315
2.1004558
1.2354791
0.7458724
3.3777409
1.098042
1.0059896
2.2342734
1.4683595
1.6918032
1.339337
1.8484129
1.0093929
1.4238917
1.6053863
1.3173999
0.61834013
1.183038
2.6661859
0.5546974
1.7157552
1.2202797
1.4924167
1.1544005
1.1774006
