1.9120342
0.7336004
2.2328181
1.7994947
1.4119158
2.100924
0.3118527
7.9695
1.2632558
0.6071732
1.0354944
9.744694
0.36415127
1.1578541
4.039555
1.6938384
0.11981027
12.409537
0.87969303
0.58260727
5.549308
0.7808765
1.6704159
2.9830258
1.5832919
0.32238382
0.95532346
4.058738
0.83226216
1.6370637
1.8147179
2.7702563
1.7464219
0.3755256
3.2671099
1.7120266
1.5506163
1.414182
1.7520962
1.8108325
1.0492023
0.12894562
11.022603
0.6213358
2.534342
1.3211644
1.0570631
4.0969105
0.86990285
0.5675289
4.2522135
0.77264535
1.9103097
0.53411674
5.2443695
0.8621999
1.1626036
0.57704437
6.6202745
2.3849926
1.1090269
2.347308
2.1575341
1.3674393
0.5678438
3.4594593
0.88124
1.7979488
2.2786283
1.2445495
1.0409995
1.4932368
1.746243
0.38169932
2.9541426
2.4954677
0.30091232
3.9265203
1.6698155
1.4255877
0.8783735
0.519296
6.9380198
0.22635046
2.1510096
4.0089235
1.505508
1.0866048
1.8490131
1.704257
2.2746415
1.6234229
0.43368438
2.7923725
3.446169
1.9528371
1.3970579
1.5158532
1.9827478
1.9760263
1.5069432
2.0450997
1.815137
0.18446848
7.802841
0.5812203
1.1027566
3.597907
2.466538
0.2593718
1.9926479
3.9362297
1.8181543
0.35741967
3.1424665
1.0682956
1.583425
1.2531986
1.2452214
1.5125973
1.2136278
0.75003207
2.0650496
1.2896729
0.95316863
2.0377936
2.2125616
1.2108039
1.3040762
2.1478
1.9312279
0.1354815
5.9282017
1.912496
0.6126032
2.6090317
1.6008399
1.1066437
0.9748347
1.5089252
1.2178105
1.730211
0.2904575
2.9085193
2.6233149
1.2931707
1.7035451
1.5611596
1.1536978
1.0205323
0.48332098
4.340312
2.6758301
1.3370371
0.63047874
2.5694456
2.4055605
2.014624
1.6056216
1.5621538
1.1620895
0.98222053
0.8980588
1.7666615
1.5775534
0.744409
1.1060958
1.5038128
1.469929
1.7102122
0.76953185
0.994785
3.582268
2.2591958
1.1323061
1.1294134
2.6128278
1.6897979
0.19589132
12.419279
2.2309332
0.51864517
3.1944165
1.926954
0.9295191
1.5387859
3.4913354
1.5379039
