1.7208908
1.8021492
1.8089759
1.8144653
1.7872474
1.787866
1.8076603
1.7727419
1.8210837
1.8396345
1.6427169
1.823282
1.7116656
1.6721306
1.7965127
1.82726
1.7035818
1.8313231
1.8927143
1.7509514
1.8259158
2.1271927
1.9380401
1.8262217
1.799328
1.7419034
1.7535031
1.8386853
1.7508408
1.7541339
1.7256967
1.6903898
1.8319092
1.8901136
1.8104274
1.6855817
1.7353117
1.760144
1.7757291
1.9196134
1.9411718
1.9342674
1.687099
1.7429078
1.6936625
1.6808954
1.8237367
1.9254637
1.9226589
1.9276081
1.7347854
1.71143
1.7857063
1.848243
1.8811426
1.8773077
1.8096948
1.7342651
1.6810398
1.8269571
1.7547194
1.8558598
1.7625432
1.7984047
1.7334698
1.7295464
1.7375655
1.7978594
1.7312207
1.6972511
1.7718025
1.7497227
1.6307819
1.6622002
1.8991942
1.8578582
1.970695
2.3371043
2.0297341
1.7373891
1.7074986
1.7317734
1.8024025
2.233576
2.04201
1.7827148
1.786131
1.8082511
1.8671291
1.780697
1.7432888
1.8229203
1.6474906
1.7773255
1.8272825
1.8466921
1.8011625
1.8458303
1.7824641
1.8737364
1.732532
1.6054614
1.7676024
1.702857
1.808394
1.7974242
1.9434998
1.9401565
1.7686281
1.6975851
1.8702601
1.8488166
1.7640138
1.7460876
1.8040892
1.757585
1.7772284
1.8616807
1.8539202
1.7916975
1.8787804
1.8205637
1.7834942
1.6252038
1.7999897
1.7916694
1.6155639
1.8032632
1.6697353
1.7255874
1.6587242
1.7156937
1.7696657
1.784128
1.8508873
1.9200833
1.8072253
1.7712367
1.7755282
1.7427077
1.7907612
1.7236459
1.6625843
1.8790694
1.8575206
1.7308904
1.7537208
1.7908275
1.9153466
1.8763683
1.9057145
1.7663699
1.750128
1.8203502
1.7257004
1.6735649
1.644759
1.595126
1.7616136
1.8230425
1.7526826
1.7697829
1.8577436
1.8579779
1.898181
1.7431679
1.7164375
1.7992973
1.6556759
1.7327553
1.7555752
1.7081087
1.7193443
1.6956728
1.8901887
1.930752
1.9241796
1.9376869
1.782511
1.795567
1.9190081
1.7706013
1.786496
1.8916178
1.7989497
1.7921126
1.7593361
1.7174399
