0.94043577
0.6177112
1.7902684
0.69696724
0.5539074
1.7563549
0.49131396
1.8072842
0.59112585
1.0013051
1.2343514
0.7945792
0.7616733
1.0609331
0.5268285
0.95988166
1.1560483
0.76768243
1.3301661
0.28728008
2.026312
0.6009424
0.7985488
0.72504896
1.1540978
1.2386566
0.32327747
2.536288
0.8265954
0.55266273
1.2763853
0.87409055
0.7332965
1.4500167
0.6539569
1.0829456
1.2119669
0.72600394
0.68390936
1.2992147
0.9311102
0.5426264
0.922842
1.7034799
0.6106012
0.78554505
1.2208843
0.8670536
0.80172825
1.258415
0.59064054
1.0425253
1.5197242
0.5434612
1.1395488
1.3209219
0.42324722
2.5577912
0.5934708
0.6562873
1.3905406
0.8145178
0.6755898
1.1495769
1.0814884
0.49098682
1.4439425
0.73710215
0.7179077
1.4388955
0.7729734
0.95255494
0.77656543
0.9787874
0.6789371
1.4325593
0.6915418
0.97297525
0.57119924
1.4498067
0.70870674
0.80102336
1.2488768
0.55073965
1.1900036
1.0184972
0.56817544
1.2055523
0.85206497
0.5678973
1.124188
0.60988986
1.5669479
0.629606
1.0970504
1.2189441
0.78101414
1.032121
0.58604455
2.4040627
0.35877502
1.1065881
1.0355873
0.61001396
0.7757224
1.4336526
0.6575079
0.82469964
1.1050934
0.81982434
0.69110227
1.0007626
0.8453021
1.4329765
0.5816652
0.7623124
2.2871559
0.59140635
0.67663336
0.8517594
1.3078802
0.4944246
1.1434456
1.1809493
0.71538496
0.6627598
1.352129
0.89060986
0.7195939
0.9811777
0.7444867
1.2592508
0.6424793
0.6519415
1.2922456
0.73697096
0.6171985
1.535685
0.6844481
1.7112826
0.55006766
1.4772995
0.68885684
0.7504216
1.2645817
1.1064322
0.43122244
1.2519808
1.401857
0.3762098
1.3406649
0.6509067
1.3332042
0.5438621
1.0620692
0.74480426
1.180795
0.62728834
1.3013074
0.51533216
0.9663224
1.631124
0.6136145
0.9731814
1.5291991
0.56726134
0.7568567
0.7921231
1.0966227
0.72902083
0.98820233
1.274582
0.70137453
0.6763437
1.1613417
0.3287115
2.294278
0.58632416
0.9499357
0.7630334
0.99527377
0.5185031
1.382121
0.9249494
0.8836868
1.4564534
0.5105976
1.0078254
