0.07364872
0.2256269
0.042683642
0.20927206
0.022776265
0.08107376
0.117975794
0.21289918
0.031234168
0.029450754
0.25272927
0.12724987
0.12480993
0.11721604
0.035475995
0.14148475
0.17908111
1.4857092
0.9969707
0.12636502
0.04481622
0.03998828
0.20828605
0.14490044
0.1950426
0.30947492
0.08009769
0.11270217
0.321883
0.29563516
0.07310411
0.1408322
0.08414633
0.14882201
0.046933588
0.0608168
0.12278224
0.05909481
0.052625142
0.06739667
0.17525396
0.18608771
0.06189118
0.034281023
0.31374368
0.1320356
0.35658678
0.11175068
0.0430305
0.04761207
0.16772664
0.08877536
0.09224547
0.15634093
0.0477283
0.06180328
0.11934127
0.24804842
0.10102909
0.78258204
0.36160958
0.079244845
0.03496576
0.07813588
0.050315473
0.09004701
0.12621383
0.0374165
0.07168774
0.04328524
0.106068514
0.12208113
0.045426726
0.062113836
0.18367876
0.24712388
0.01751927
0.018006282
0.100596935
0.06799332
0.092113286
0.1495319
0.07093466
0.02851036
0.044283196
0.11059724
0.10528864
0.11095846
0.06887764
0.09526074
0.0766322
0.16705264
0.12081868
0.09699674
0.10057506
0.24968046
0.038473457
0.14482942
0.047302246
0.1724092
0.07037539
0.09600831
0.13168162
0.28796607
0.0803739
0.15338808
0.2307324
0.12235113
0.11455637
0.03060244
0.01805419
0.18300836
0.1496678
0.11760995
0.14759
0.09382622
0.17196415
0.10262127
0.12116204
0.09619763
0.054028116
0.083819866
0.11095013
0.113356695
0.12381894
0.16109282
0.20088245
0.11154556
1.0400808
1.7855601
0.0642229
0.023472136
0.47791636
0.07194901
0.29188603
0.10661484
0.10224438
0.034753345
0.049216334
0.12717327
0.28363338
0.09623306
0.24206908
0.0616943
0.13174292
0.030691447
0.1366619
0.26851684
0.053814523
0.1265715
0.12352415
0.112460434
0.13381654
0.13511732
0.054005835
0.042926244
0.08038253
0.085531525
0.2215723
0.13025887
0.08929369
0.059968315
0.11664195
0.041674636
0.31147176
0.14088126
0.9613722
0.25493348
0.8762274
0.010150585
0.1168661
0.13567446
0.068641715
0.024700135
0.06647551
0.1060907
0.06497606
0.1179084
0.29848027
0.11027376
0.28894502
0.24507867
0.10982797
0.055204574
0.073270485
0.027315479
0.040465217
0.040112972
