0.8457084
0.84447825
0.8416482
1.0973331
0.6888599
1.0772187
0.9631345
1.1239154
0.43652326
2.06251
0.4690789
1.0775278
0.98303336
0.69421065
1.0132157
0.97895503
0.76505744
1.007761
0.8199243
0.98195827
0.94001794
0.9582648
0.82030725
0.7141013
1.836692
0.4721672
1.0042669
1.0222473
0.95381355
0.73568404
1.2189572
0.7034514
1.331898
0.7560165
0.69744945
1.8512049
0.5374369
1.2001779
0.65291756
1.5942433
0.74870014
0.6826503
0.9170426
1.3665168
0.5197286
1.409472
0.7400497
0.8648881
1.2716925
0.71163553
0.6436187
1.688607
0.6593511
0.85180295
1.0443912
0.5507599
1.1195886
0.9565922
0.6769326
1.2229017
1.0301832
0.7572129
0.69534785
1.4242294
0.6945104
0.95250416
1.1074022
0.502947
1.1367183
0.8476901
1.0908891
0.7928531
1.0390313
0.6685966
1.0430176
1.0060132
1.246732
0.48629665
0.94847405
1.6178393
0.3878337
1.3616197
0.886657
0.59963214
1.6133034
0.76438874
0.5253161
1.7894386
0.6406174
0.7508365
0.9974115
0.5718435
1.6883886
0.57575625
1.1044562
0.8730972
1.0351068
0.79564834
1.266052
0.7750715
0.4325993
2.0309532
0.7450858
0.7185674
1.0296195
0.82887214
0.80152273
0.83723944
1.0287938
0.8066863
0.6846781
0.9760269
1.1159253
0.7957806
0.75832903
1.4678082
0.63481224
1.4189184
0.52833617
1.1315112
0.91192466
0.5535541
0.9507075
1.933604
0.35106176
1.0775042
1.1259232
1.0105348
0.9077219
0.5837233
1.3355362
1.0547843
0.7619599
0.7412102
1.4627227
0.5667114
0.9950435
1.2140255
0.63767403
1.4238905
0.779799
1.306989
0.6319865
0.7163395
2.1812441
0.54733896
0.8158736
1.2888165
0.5723529
1.5006969
0.33147717
2.3158736
0.57996714
0.9885498
0.79829323
1.110695
1.0407983
0.795818
0.85805476
1.1658621
0.8242028
1.6792507
0.6165081
1.1514199
0.9936751
0.73100424
0.7598527
1.3129783
0.7575962
0.9917594
0.96954715
0.78409123
1.1215504
0.56121635
1.6971774
0.3898241
1.790988
0.5864574
1.1371678
1.0597405
0.52941006
1.4808513
0.75010747
0.8345722
1.3873703
0.97533804
0.5591337
1.379509
