5.3495903
3.8639178
2.91359
2.7313395
5.199527
3.7438064
2.193153
4.770399
4.258768
3.8963926
4.116521
2.7040873
3.0482755
4.1357684
3.9963574
4.356679
2.2760425
1.7600429
14.306761
13.0126095
8.1150255
5.678075
2.6829607
1.7758371
22.191349
11.413311
7.05511
2.129807
11.909426
10.612442
6.0671444
3.1221905
3.084371
4.861702
4.8381257
3.6915622
3.4437642
4.2175274
4.6276803
3.7210164
2.383407
5.29442
5.0019364
5.014186
3.2124355
3.3343735
4.660252
4.8275104
1.6880212
13.256409
13.062652
10.027905
5.3746004
3.335215
2.8438764
4.4256916
4.710581
4.611554
3.7994308
2.1665444
7.4640427
4.012606
2.7767668
6.4113607
7.017973
5.850775
3.9278636
2.815675
9.72329
9.5344715
6.515271
4.071387
3.984722
4.2761106
4.572587
3.7894416
3.056126
3.2447145
6.818339
6.035482
4.9522142
3.5328934
2.6610327
9.829464
10.102684
9.46504
1.0753114
8.561674
8.400347
8.809866
5.215845
3.4213254
9.950204
6.934897
5.4050617
5.164996
4.0102563
4.614904
3.3509285
3.3536751
3.405756
4.9043283
2.8755596
2.3421016
7.5966177
6.8512325
3.120394
2.0855613
10.463363
10.149282
5.8460073
3.1975212
3.3628135
5.756822
5.29005
3.72086
2.9926474
3.4714527
3.8310506
3.3643112
3.2997918
3.2378092
3.799338
3.8853765
5.599855
5.0674167
3.1338387
5.083987
5.1963425
4.4787617
3.2666671
3.498517
3.980056
3.260991
3.3505402
8.23601
9.323736
5.294175
4.2170973
3.5088773
5.1710043
5.6765947
4.8070364
4.1807084
3.3254576
3.9405003
2.7747025
6.7071085
4.5422163
3.354779
2.5945644
5.905258
6.422945
2.8687198
2.5007648
5.64847
5.510455
4.191258
3.086474
2.1671655
6.3056173
6.8928795
4.733303
3.2245898
4.5698395
3.7973342
2.8377666
2.411139
13.166095
6.4681735
3.5608807
3.0021286
6.8688354
6.1102734
5.7805824
5.1472774
3.000716
7.7337856
4.7105484
3.8736272
3.4789042
3.263708
13.622237
9.847177
7.156398
6.989665
3.2627745
3.244576
