2.3324327
0.9718097
1.0576782
0.54268193
1.656265
6.4650874
1.7509518
0.52236426
2.6440496
2.675682
2.961177
2.6506567
0.27257603
7.1127634
4.0346246
0.72303796
2.593721
2.8581715
1.4660137
1.3080677
1.7975763
1.4776096
2.0460103
0.7275405
2.1836352
1.8967588
1.6913779
0.9993167
1.2735398
1.6198466
2.1287746
2.066901
0.92090666
1.3558398
2.6352992
2.5070844
1.6493776
1.5356284
1.5314198
1.570076
1.4520679
2.3602934
2.4879444
2.5158205
1.7541206
2.058383
1.188581
0.47954565
4.3667574
2.6866164
0.40838224
1.1830368
5.8638783
2.9460793
1.6101459
0.824063
1.4538774
1.2171742
1.5330722
1.8726399
1.8832912
1.4665093
1.0550705
1.8444626
1.2709459
1.7031626
1.0118716
1.2085125
1.673726
0.5107124
2.9446664
2.0852654
0.893484
2.2403975
2.3891826
1.6064873
1.7269819
1.7654145
1.6844765
2.2801304
1.7150514
1.3333079
1.3052138
3.1208794
2.8463027
2.0301762
0.79684067
2.1210666
1.7802911
1.7000468
2.0717497
1.8181078
2.2230635
1.9391127
0.72569275
1.5052295
1.3448871
3.1394947
2.3460596
1.36376
1.2588432
1.7253257
1.42209
1.9475873
1.7118487
0.79107
2.489725
1.3027331
1.3838484
2.6353812
2.1777582
2.0364754
0.5185354
0.91680044
2.3141723
1.7371222
1.690462
1.7234523
1.735394
1.9117684
1.6320939
1.340939
0.9883961
1.5521395
3.1176353
1.2865396
1.7403393
2.3497622
2.0239182
0.98264056
2.422813
2.608256
1.6261497
1.0983629
1.4256053
2.3216896
2.5520449
0.67822814
1.397742
2.8122973
1.9506388
1.2397316
1.3421905
1.6687598
1.5713607
1.4151464
0.86464715
1.1956122
3.70437
2.3072507
2.1311944
1.663707
1.5596975
2.2435093
1.5909497
1.3537185
1.2705529
1.4650948
2.350844
2.3950825
1.517192
0.43840638
7.887196
2.6437387
2.0219924
0.887051
2.0495608
2.16699
2.3916843
1.9068118
0.24872328
9.63681
2.8160963
0.35264254
6.177469
3.5271702
0.2878763
4.672441
2.897551
1.659878
1.2196326
1.0724108
1.5586607
1.4268155
1.584372
2.4519012
1.5392051
1.4679303
