1.3387355
1.4751692
1.3302331
1.21455
1.6530067
1.3065598
1.4483566
1.5785158
1.5414733
1.2599995
1.5919765
1.5603471
1.6055053
1.835108
1.8491197
1.3878078
1.8546147
1.2962649
1.4162102
1.5751894
1.1902294
1.746882
1.4289014
2.121635
1.4255576
1.6793718
1.4742213
1.6938314
1.4577332
1.8789706
1.1987855
2.5901923
1.2653189
1.6979403
1.5159433
1.8967224
1.3119831
2.0878365
1.1480281
2.093472
1.470191
2.1112561
1.0355583
2.148534
1.1263081
2.0211048
1.4483613
1.5076364
1.9942267
1.4421875
1.8161852
1.5246177
2.2139025
0.9808446
3.7916422
0.9951933
2.8641162
1.3232431
1.4030988
2.0887413
1.3026822
2.1745226
1.0273542
2.1717188
1.1348364
1.6429996
0.84343046
1.6393086
1.4160866
1.4317676
1.612928
1.3167202
1.6391233
1.2505883
1.5495104
1.3492489
1.234581
1.171119
1.2350765
0.9915893
1.7560701
0.9412048
1.4987516
1.1071755
1.4685993
1.4708854
1.0527298
1.4998696
1.1944728
1.2797993
1.3542688
1.2863348
1.6693814
1.1379359
1.7012293
0.9491906
1.5536034
1.2010946
1.3177608
2.050417
1.415268
1.6606824
1.2410336
1.6475571
1.0910449
1.248153
1.4623618
1.5040839
0.9046309
1.8174638
1.0161724
1.6648214
1.3110405
1.3627133
1.487654
1.3024648
1.9315317
1.125748
1.3953342
1.2292814
2.0382128
1.5216533
1.481416
1.3276961
1.0160702
1.1874428
1.20329
1.6992426
1.5156206
1.6058645
1.4800007
1.3126528
1.4417028
1.7147827
1.1291256
1.2621201
1.4976525
1.0706968
1.4416678
1.3858587
1.1732439
1.7632396
1.404125
1.5156647
1.3125603
1.7775507
1.2796291
1.598126
1.6747715
0.78282934
1.5991511
1.435792
1.349652
1.6657553
1.4107568
1.5918846
1.2603617
1.3538831
1.6609833
1.4144175
1.5964849
1.1792752
1.2604786
1.1736615
1.9221323
1.2751089
1.2698469
1.2349097
1.3138813
1.3901541
1.3759465
1.4251527
1.3582134
1.2898175
1.355184
1.2107956
1.4641789
1.3836007
1.1831827
1.4969537
1.2384925
1.3274217
1.7018664
1.6672609
1.3558755
1.7941723
1.3852843
1.3543063
