0.10386682
0.16248819
0.29230133
0.20979953
0.12673724
0.09080675
0.34665418
0.25111443
0.2864024
0.1211344
0.22022773
0.14956221
0.20005414
0.2104626
0.20169133
0.20869264
0.151629
0.21625312
0.26462036
0.12409252
0.3316396
0.34997168
0.11656339
0.11832381
0.29387456
0.1355481
0.238989
0.12841657
0.24589083
0.18299809
0.27319214
0.29338902
0.14119504
0.16524939
0.14570224
0.22993836
0.35332155
0.21364714
0.18765932
0.17712447
0.1940119
0.27661133
0.13945228
0.11996001
0.1242457
0.30250436
0.16281107
0.087690674
0.18521167
0.20433064
0.15131715
0.12035997
0.15378787
0.11504846
0.1326581
0.1790651
0.11222874
0.18573734
0.18338072
0.5064066
0.31632087
0.22103702
0.12552722
0.3236602
0.074662335
0.2937562
0.10135738
0.1818292
0.10925813
0.11026019
0.14267388
0.551879
0.4247942
0.27542198
0.74489206
0.21471792
0.7281109
1.4101913
0.17961407
0.41097727
1.0935034
0.986321
0.30250853
0.22722635
0.30080807
0.3641572
0.5283925
0.13040304
0.7911452
1.1004819
0.19944948
0.36387935
0.18574356
0.13652971
0.2840017
0.3109114
0.153989
0.81284183
0.37247503
0.2752735
0.26926932
0.12254201
0.17750716
0.4958463
0.46229362
0.11003944
0.30344456
0.1648308
0.3998705
0.21135388
0.21979773
0.13481405
0.17654471
0.26068053
0.26184744
0.14435223
0.1438353
0.20162025
0.28765786
0.6975008
0.24628134
0.44013342
0.22052729
0.23200053
0.22603121
0.20022658
0.20686688
0.19329047
0.16423693
0.14458783
0.20515166
0.31771916
0.20396826
0.3130444
0.21687746
0.5707031
0.4021181
0.11159218
0.13942316
0.1669456
0.09183884
0.09181087
0.1113505
0.09126134
0.19099498
0.13650718
0.19240762
0.14013843
0.22725368
0.15971315
0.22427213
0.18300277
0.16142613
0.13912326
0.28879717
0.260773
0.10251959
0.4239636
0.296681
0.18025856
0.08716471
0.124883145
0.16713098
0.23422989
0.17001261
0.16295558
0.23023787
0.31124008
0.13849664
0.16381143
0.23412494
0.15520602
0.14569469
0.0907878
0.26351303
0.15999158
0.11790383
0.117548324
0.21399634
0.16404489
0.16727942
0.17078812
0.1657736
0.10256143
0.28152597
0.18605468
0.18072201
0.18103886
