0.024832074
0.09570375
0.09437177
0.10479374
0.11766639
0.06927249
0.09740508
0.08773047
0.11532152
0.07417027
0.11871923
0.14711638
0.17999732
0.16363627
0.076982185
0.12362516
0.06143886
0.05646296
0.111773595
0.081332445
0.094371706
0.13641524
0.05622442
0.08132006
0.12174038
0.05529864
0.043113686
0.0926647
0.17981787
0.081376985
0.19221179
0.11201767
0.049910877
0.09826973
0.04310211
0.1260865
0.05036059
0.126857
0.10404365
0.058095098
0.0584712
0.07060611
0.056790918
0.060406927
0.19040635
0.21656883
0.08829574
0.15299611
0.09327539
0.039523043
0.09584923
0.06291564
0.17507581
0.03751796
0.17277566
0.073592044
0.25038517
0.11871828
0.029256243
0.14394115
0.056809247
0.05170814
0.06903148
0.056799997
0.032985795
0.06003856
0.102508806
0.09415734
0.050363004
0.063348725
0.11613409
0.1157494
0.087604426
0.07836948
0.07639235
0.055421785
0.10103768
0.060175363
0.04532802
0.06699491
0.08611062
0.06611218
0.06443007
0.08447442
0.09639032
0.058292802
0.064994656
0.035006385
0.08517722
0.051170606
0.07201008
0.04389012
0.069324195
0.054369196
0.06852603
0.14251891
0.07179539
0.066114426
0.07444516
0.029647442
0.046880104
0.09243876
0.07004245
0.08528333
0.09147716
0.14160278
0.07236662
0.042938046
0.08456435
0.06305302
0.105365485
0.08403282
0.07516175
0.059012786
0.11161667
0.0996234
0.044073746
0.06198752
0.095181614
0.05356782
0.04028192
0.10909232
0.045861214
0.058786146
0.15612315
0.19331715
0.07756429
0.086184874
0.024704922
0.05772365
0.09790735
0.053926304
0.08132501
0.118353054
0.15145823
0.20483036
0.026219193
0.1476817
0.0502585
0.14861907
0.13279256
0.05430741
0.054987893
0.06235171
0.062580645
0.076239735
0.03520667
0.05725207
0.086163014
0.08904089
0.15650335
0.044012815
0.2587591
0.15570197
0.107296355
0.06835623
0.050116178
0.056263708
0.040537365
0.09212121
0.11925395
0.11204362
0.0674371
0.048822254
0.054830644
0.08888815
0.12241569
0.08460897
0.056777876
0.06395684
0.060226507
0.038213037
0.04582008
0.07939863
0.08322424
0.05856587
0.053810164
0.026473716
0.11122271
0.05892504
0.0954076
0.0613796
0.04801718
0.032886073
0.03840488
0.069240764
0.048503578
0.047288172
