0.2722336
0.6108716
0.33716717
0.21381378
0.4344716
0.29392266
0.32781756
0.287809
0.34531382
0.13757512
0.20202568
0.5129303
0.3948534
0.51254
0.15251148
0.2010344
0.31856182
0.22378504
0.16425422
0.16544208
0.26159066
0.1707438
0.25310013
0.28034732
0.43845758
0.25463772
0.23632672
0.5484291
0.75578195
0.26533276
0.2154901
0.29557034
0.17473608
0.28709894
0.25410756
0.17297933
0.29332396
0.062373567
0.19210084
0.21972133
0.19881356
0.16783613
0.46277097
0.3911158
0.20732453
0.29645625
0.14894861
0.25602254
0.42356777
0.28560722
0.22323598
0.16005024
0.27330583
0.14891589
0.13446581
0.24464974
0.14306563
0.103621304
0.09749825
0.2732497
0.25005785
0.17375103
0.24927153
0.2529785
0.34365234
0.16381018
0.25144154
0.11710009
0.13937424
0.1712892
0.35095882
0.21151155
0.13944119
0.13646823
0.30092657
0.1604766
0.21716985
0.13417916
0.19675648
0.384077
0.2672009
0.102372654
0.27198064
0.20957503
0.15501323
0.10608638
0.28804776
0.68350315
0.37744513
0.14640045
0.14985053
0.61061454
0.5712397
0.11602168
0.19944899
0.29504156
0.05263715
0.18428558
0.26973096
0.32116777
0.092785016
0.19228734
0.09163158
0.22678521
0.29952395
0.11600438
0.22978671
0.23355773
0.10771718
0.11677557
0.13861945
0.2736035
0.25265318
0.17848705
0.110740066
0.17592612
0.26853043
0.09643836
0.118787654
0.07749218
0.14739645
0.22446501
0.49764538
0.38511366
0.19858986
0.24962163
0.18174033
0.20576306
0.1291553
0.11171071
0.21744014
0.46866506
0.31098297
0.1411235
0.103949904
0.17333938
0.12222797
0.10048635
0.12451185
0.117492646
0.12999904
0.26583195
0.22224702
0.06675724
0.074303836
0.18911222
0.17961514
0.13021436
0.15315482
0.14631858
0.105305575
0.08828628
0.10834292
0.17291984
0.11607784
0.19155176
0.11631948
0.33050475
0.049710017
0.14518549
0.13500014
0.113621816
0.14921048
0.19913712
0.13321601
0.088339984
0.17658061
0.13013819
0.103034124
0.11528352
0.36234096
0.4707437
0.45291933
0.154376
0.15397121
0.07345408
0.20770001
0.10966238
0.17153761
0.3014702
0.31043527
0.14791729
0.13454995
0.05180438
0.053127825
0.087399505
0.10240889
0.08909474
