1.6349763
0.9393314
1.2204741
2.2200518
0.5862869
0.9947665
1.4240394
2.016098
1.626502
1.4642684
1.1634592
2.7128634
2.574274
1.3132567
0.79788613
1.6497976
2.2482955
1.4575074
2.0364852
1.4383454
2.0170498
1.8802911
1.4038345
2.0920591
1.4909167
1.4642842
1.7420361
2.2028675
1.4467115
3.4353423
0.37184483
6.4990916
2.3126397
0.6974894
1.8553307
1.7446598
2.6669164
1.7814856
1.1367419
1.3945954
2.0474799
2.2762094
1.2636144
1.3256238
1.2206608
1.0771203
2.3647873
1.5490439
1.5672607
1.0785102
1.5842373
1.6852834
1.0202293
1.2093217
1.4693754
2.203248
1.5884959
1.257621
1.3173261
3.017922
2.0968242
1.5215166
1.3026307
0.8807938
1.6399469
2.442043
2.1435857
0.20324892
6.8112106
3.1107378
1.7820897
0.6325907
1.6986331
2.0458124
0.98138875
1.4933968
1.2018521
1.5706823
2.0858822
1.6035309
0.6815976
0.41041714
4.701085
2.7757463
0.4652146
1.4726961
2.592136
1.9092841
1.9638
2.1776958
1.7330647
2.084582
0.23356399
6.0536146
2.5429797
0.95850265
0.58877265
3.596632
2.7594194
2.2014027
0.83506906
2.098946
1.291961
1.8838559
1.306329
4.594466
2.1989331
0.9842105
1.3559264
1.7619605
2.2365112
2.1365113
0.88777286
0.9480586
3.6627593
2.230682
0.5079213
4.6657543
2.0498867
0.763869
1.6882371
2.411455
2.036469
0.92510355
1.2971674
2.019826
2.4996338
2.7428117
1.6348882
1.582535
1.2821056
1.1593982
4.3390603
1.229593
1.1556306
2.3898711
2.4559467
1.8748293
1.3278747
1.7722791
0.8637006
1.4820366
3.2485585
0.56425107
5.111394
2.0112524
1.2066276
0.97844326
1.5010273
1.6857398
2.0911474
2.3652363
1.2542136
1.2566367
1.7244006
1.7396595
1.324155
0.7949237
1.3134677
2.3055663
1.7912157
1.5858178
1.5131416
1.8086405
0.9650881
1.777347
2.4520397
0.87936187
0.7864661
3.4134948
1.601289
1.6823313
1.4112746
1.9025186
1.5324781
1.1600485
1.543679
1.6057055
1.0713286
1.3815827
1.8377318
0.9436518
3.035167
2.6109343
0.42266068
0.6717252
5.4658775
1.0430806
