1.2030218
0.8018318
0.84548366
1.1204486
0.57815003
2.0019464
0.39892644
1.1588638
1.0725249
0.7105997
0.904549
1.9490881
0.32555014
1.9913056
0.41944566
1.0040323
1.421922
0.4222862
1.9262385
0.47558603
1.1451001
1.2928134
0.7455325
0.58632755
2.2400064
0.5500849
0.62026834
1.20479
1.4811475
0.6245055
0.772872
1.3765696
0.71807814
1.0634356
1.0867655
0.5626166
2.0359793
0.48607594
1.0959203
0.9685515
0.7250483
0.9151094
0.49460292
2.4874198
0.6623397
0.59668696
1.9125357
0.54528904
1.3625896
0.76643765
0.7100407
1.323832
1.0502721
0.77387416
1.0099624
0.86716294
1.3200035
0.68757755
1.8174114
0.52337444
1.1738782
1.0508702
0.62039924
0.76844394
1.7309988
0.5153473
1.1612549
1.0973758
0.6624116
1.1533566
1.0128636
0.84122527
0.8778549
1.0403042
0.61225677
2.5081007
0.5085685
1.3306849
0.70584905
1.1507523
1.1999717
0.7408476
1.0175418
0.9908621
0.7261285
1.517115
0.53226995
1.0565661
1.6730102
0.44818777
1.1645701
0.7832982
0.93230665
1.4514459
0.4830963
1.6757315
0.8784043
0.735106
0.6330482
1.874824
0.4351918
1.8267308
0.66871727
1.0339365
0.72336996
1.1894186
0.967513
0.52016985
1.9677219
0.56370705
0.73510545
0.9066111
0.93803203
0.9701371
0.5563439
1.0040679
1.3096471
0.7981115
0.79205847
1.2017263
1.0790045
0.5777556
0.77854013
2.5839763
0.6920772
0.5770252
1.6503763
1.016598
0.45951366
1.1391732
1.0064101
0.8831055
0.99553627
0.771212
1.2712632
0.69280696
0.692829
1.594424
0.6371596
1.5197928
0.6923264
1.1147963
0.70353836
0.5135186
2.5896716
0.6421221
0.80727
0.6543982
2.2973518
0.4540484
0.697193
0.8047044
0.92893213
0.77870524
0.62065494
1.8766633
0.42104557
1.5401828
0.59728146
1.3445889
0.7422148
1.2769954
1.1445652
0.42640615
2.2337542
0.75173914
0.58471906
1.1811268
0.59309477
1.5915862
0.3573313
1.8907795
0.61940527
0.9554087
0.82336986
0.9341626
0.9466875
1.2049041
0.56934375
1.3342047
0.6512703
0.98165023
1.0863371
0.8095479
0.94144946
0.721099
1.341611
0.5979941
