0.40641528
0.05030044
0.02068522
0.068041824
0.123106316
0.2734321
0.22047915
0.03269089
0.09387362
0.029807681
0.021916492
0.07750198
0.047411606
0.10950905
0.3333307
0.049350128
0.035934914
0.036623694
0.2527719
0.64672166
0.5047863
0.007930021
0.01498724
0.037692938
0.110103145
0.18207408
0.21321307
0.14137667
0.23977873
0.16769092
0.21276058
0.029707544
0.04086922
0.052023344
0.064654045
0.13152485
0.07159185
0.076846935
0.037761766
0.10909933
0.13546634
0.0850693
0.068206206
0.1289392
0.109744936
0.1392248
0.053718254
0.09937405
0.042059924
0.06824655
0.09750108
0.113270424
0.09349638
0.11336189
0.06702003
0.23690131
0.3529127
0.10245904
0.007375952
0.026021479
0.133901
0.09309568
0.13887784
0.15264116
0.31207684
0.11069135
0.052390084
0.24358323
0.12508436
0.17921717
0.26251236
0.019487554
0.044337817
0.25667906
0.08715864
0.2023087
0.08208481
0.26411682
0.021646015
0.07762262
0.2019225
0.024178658
0.3435388
0.025000738
0.3461357
0.012662264
0.11379805
0.10343645
0.032014806
0.078169174
0.18057059
0.039101157
0.07152507
0.02968093
0.13984032
0.061457954
0.0931306
0.124239236
0.15304288
0.19112983
0.0817327
0.14008683
0.020243544
0.068276286
0.13589293
0.067965604
0.1803458
0.08885391
0.10910852
0.04711513
0.1368173
0.36225346
0.44675815
0.013718945
0.028941698
0.12650003
0.10479852
0.04350849
0.0959058
0.04658037
0.15933861
0.024627877
0.12428531
0.056921955
0.09189783
0.052202348
0.036988556
0.08909596
0.14316228
0.08788462
0.07449506
0.039053895
0.08672474
0.16290045
0.26500705
0.055230256
0.0057149213
0.08941744
0.048873626
0.12303671
0.09867493
0.028679833
0.035029005
0.04705751
0.058266867
0.056008726
0.024394616
0.04995332
0.16173625
0.14763612
0.12898825
0.07336171
0.122924775
0.04296845
0.08200182
0.13978381
0.09029236
0.030749332
0.044618044
0.10393083
0.088031426
0.11597214
0.06648737
0.1455906
0.039241426
0.14063895
0.074006505
0.08927614
0.18943197
0.018897932
0.027891714
0.364818
0.053646445
1.047656
0.44480556
0.3840865
0.0047420347
0.07121858
0.0808959
0.12842767
0.022114405
0.007894178
0.67256445
0.5204334
0.03419648
0.00893924
0.0028121532
0.34553778
