0.11589245
0.017075436
0.05689578
0.083568946
0.09618376
0.22183038
0.15667523
0.0453759
0.10719335
0.026776178
0.1695322
0.1427847
0.062215634
0.046341658
0.14228405
0.05759083
0.85153246
1.9422874
0.075441785
0.6137922
0.21264188
0.055993773
0.320813
0.037615083
0.03171543
0.06329511
0.1557155
0.30532873
0.25341296
0.031516142
0.03058981
0.14318001
0.09786025
0.24243769
0.26978374
0.13282177
0.12572299
0.19875987
0.057469815
0.27704552
0.10066327
0.1596958
0.07294525
0.09700947
0.29796648
1.5044359
3.1071546
0.0543735
1.1279036
4.9815884
0.25011438
0.5537418
0.30268538
0.09085815
0.10521816
0.42136946
0.43191358
0.3040665
0.4525218
0.03778682
0.046574086
0.09812377
0.14529464
0.49283573
0.17618558
0.08273745
0.08325743
0.39407715
0.40696955
0.08085784
0.121777266
0.078412436
0.12620343
0.41491127
0.68907833
0.5606809
0.054358285
0.06705469
0.25480682
0.079952575
0.08462128
0.33973116
1.2051986
0.882556
0.26171958
0.07947264
0.5384553
0.3347199
0.12898692
0.088998154
0.12221932
0.065588474
0.10628441
0.1256882
0.101343766
0.16452764
0.09240445
0.11919775
0.04830546
0.25192612
0.109110154
0.11930894
0.08549327
0.0821664
0.23616639
0.14917609
0.098439634
0.071880475
0.048475638
0.08197637
0.078854434
0.097586
0.15742794
0.1085994
0.18077978
0.039403565
0.08262475
0.098307304
0.15662894
0.08461343
0.11990513
0.12058979
0.09203158
0.12283149
0.11897552
0.047342137
0.18886116
0.1767451
0.038723275
0.24847874
0.4078007
0.1797328
0.087595895
0.08953093
0.08254543
0.13926497
0.04037337
0.116161786
0.14936155
0.10572879
0.058913
0.067808814
0.21989271
0.032992154
0.154085
0.26590085
0.37444744
0.026399933
0.1532466
0.041675568
0.025856368
0.13958791
0.04743994
0.115757465
0.1966998
0.04518559
0.06397474
0.06910193
0.085124835
0.14016035
0.040569965
0.060255557
0.0342933
0.12475065
0.08404306
0.23145881
0.18840423
0.01592011
0.1179578
0.25171563
0.062109873
0.121632844
0.27682647
0.7873055
0.05447368
0.7564647
0.16967472
0.366813
0.014512756
0.028298043
0.41688338
0.21659736
0.048117153
0.02593004
0.12049467
0.09731305
0.11670249
0.0634187
