0.021257706
0.039123937
0.07501309
0.09315424
0.06569793
0.05829994
0.09389767
0.05588804
0.077138826
0.085569665
0.05350581
0.0375131
0.07036197
0.07006156
0.03787622
0.027377445
0.052174687
0.053943772
0.05121829
0.22919297
0.35593945
0.120687164
0.12396456
0.040572036
0.089836404
0.07911787
0.04514151
0.103679396
0.097816676
0.02560328
0.070102416
0.09106909
0.04872325
0.027950888
0.036559775
0.029864484
0.12937367
0.07329563
0.041516565
0.02445751
0.11291835
0.04880506
0.09061921
0.029039603
0.036904052
0.05263156
0.07836327
0.075524084
0.102216646
0.10278301
0.06965154
0.09824422
0.16126683
0.050423227
0.05765731
0.07109393
0.08075474
0.1435985
0.16372275
0.031903096
0.08254188
0.07054601
0.03587071
0.05748058
0.027332034
0.03983726
0.13025263
0.24661893
0.06741527
0.24450673
0.088022545
0.2746171
0.54841393
0.30806863
0.8383511
2.3981247
8.687
2.5819535
13.651852
1.6129113
2.7136278
6.192263
2.2160108
3.1733122
1.6560081
1.6443752
2.4558883
1.8495777
1.4769613
1.5408158
1.4012817
1.067791
0.90394384
1.117682
1.4334435
1.5612851
1.5037634
1.0885711
1.008621
0.541764
0.72420377
1.0314615
2.199003
1.3830318
1.4608307
1.0623275
0.4731998
0.403857
0.7532266
1.6082697
2.6327572
0.98866695
0.37815717
0.32290244
0.6197027
0.5029793
0.8063239
0.43088496
0.4650937
0.25036505
0.30563667
0.30134624
0.461379
0.42380914
0.25044957
0.48499507
0.2482154
0.24457823
0.17375013
0.17128816
0.31700298
0.24654295
0.26945364
0.47364286
0.4243603
0.23804471
0.26282614
0.15375921
0.29651576
0.27441937
0.11850518
0.2687859
0.3550257
0.23840028
0.10354337
0.25118065
0.31112328
0.11163646
0.2486099
0.197949
0.2808674
0.3204039
0.09592842
0.14143762
0.19876903
0.3077904
0.17754176
0.1253564
0.08200522
0.1247202
0.24026334
0.21368185
0.24992362
0.096056715
0.20759737
0.119319245
0.19318643
0.18562035
0.10344334
0.0635636
0.15528998
0.11768362
0.101198554
0.18761657
0.16023892
0.16507965
0.052021705
0.094723195
0.08125667
0.062674984
0.12173021
0.22802445
0.20128806
0.11953081
0.20134714
0.4652817
0.73923606
0.43696588
