0.07954673
0.07779532
0.027664483
0.048873864
0.08613196
0.0872214
0.05139841
0.06512513
0.097897604
0.0757976
0.07234223
0.04166364
0.072992794
0.07021194
0.045519065
0.039124414
0.07234776
0.06278688
0.05123557
0.07312124
0.050035734
0.05834166
0.07090223
0.07147989
0.04565356
0.07672579
0.031176502
0.12233544
0.33518362
0.3641965
0.051329415
0.18133485
0.110283166
0.041500058
0.03776588
0.060090076
0.059741776
0.06847845
0.11451353
0.18557462
0.101800434
0.1579626
0.05757699
0.04977764
0.037239715
0.15387541
0.11736901
0.09303234
0.054020323
0.06686562
0.08843559
0.06282736
0.13678677
0.04452545
0.042621266
0.22256799
0.18885586
0.08234538
0.04279521
0.10545629
0.057601083
0.0574834
0.115446836
0.059159897
0.026631486
0.15763018
0.13443373
0.124142066
0.052292094
0.11048114
0.07777798
0.08645724
0.271801
0.30786875
0.032982193
0.15326478
0.1871266
0.051467508
0.10051678
0.06408422
0.049903788
0.0341004
0.10277094
0.099600464
0.051897414
0.04534089
0.20881519
0.27347007
0.06228753
0.07631061
0.117831685
0.047551453
0.09754659
0.096793264
0.042874478
0.08967988
0.052837193
0.06024538
0.048799027
0.06212842
0.09434928
0.08830449
0.071385846
0.15597378
0.15209754
0.06270701
0.049663868
0.1842497
0.13002264
0.066998325
0.14796808
0.08382319
0.08140084
0.046299055
0.104918495
0.08052903
0.059868343
0.03410402
0.036804244
0.06192755
0.10654291
0.19437677
0.070496336
0.06766314
0.10860458
0.029287
0.060186323
0.083820716
0.04338572
0.043624744
0.052985508
0.068692476
0.07743753
0.06474126
0.06919671
0.12450883
0.06427911
0.09668272
0.07711656
0.081465565
0.06036015
0.03866068
0.09371196
0.025527624
0.04343645
0.051968373
0.03232591
0.09893745
0.044983074
0.078916796
0.059227236
0.031292222
0.02345281
0.09776648
0.06707119
0.070042364
0.09430131
0.059702374
0.063410394
0.049406126
0.05432392
0.07976389
0.093039334
0.075385705
0.089125074
0.062776
0.092162184
0.05260028
0.09460887
0.0422147
0.050246127
0.045232743
0.055462994
0.065391116
0.040807217
0.04371646
0.047355898
0.048029974
0.10066968
0.09956356
0.09637428
0.0612286
0.044291053
0.05485395
0.03688484
0.048669282
0.058804885
0.021856863
