0.58840096
0.68131924
0.57580996
0.4907728
0.6304203
0.7678936
0.7523535
0.92656463
0.71060157
0.5196316
0.5381373
0.6785294
0.9108262
0.8211802
0.61304253
0.9889217
1.4346623
0.98573256
0.8095374
0.7342551
0.6439617
0.57188094
0.69741654
0.7284683
0.8758989
0.60755104
0.49619853
0.7842993
0.7658824
0.40182436
0.606481
0.7385054
0.6565554
1.1428133
1.7563251
0.6742877
0.6778163
0.6999885
0.70870745
0.8165591
0.8918311
0.6781089
0.5541161
0.593539
0.7142086
0.5695495
1.0609092
1.013104
0.6785935
0.53585196
0.6634084
0.68618417
0.71978176
0.6120492
0.6295377
0.57638985
0.7434541
0.4765493
0.6035782
0.6128157
1.0395507
0.88681895
0.8050304
0.7658366
0.88518983
0.6716615
0.5992094
0.57904744
0.78438854
0.8415438
1.2869769
1.1361831
0.7765277
0.49520224
0.7215928
0.73823524
0.56543934
0.81993216
0.8040718
0.64327806
0.6965157
0.6060401
0.7073149
0.8202163
0.72032845
0.5686449
0.7188622
0.92750686
0.65697587
0.51904446
0.77001995
0.73053277
0.55782306
0.7077271
0.5144131
0.7272946
0.6619027
0.4727523
0.6847538
0.69172037
0.7296036
0.90721476
1.0067112
0.5481508
0.61622953
0.70598304
0.7271764
0.5268422
0.9514699
1.6184938
0.8073705
0.6475494
1.0021285
0.5806713
0.7088476
1.4519984
1.1263126
0.6276506
0.62455845
0.8730345
0.9970164
0.7835634
0.6385592
0.66813946
0.8528512
0.57031685
0.8894596
0.6708646
1.4834623
0.97083604
0.634262
1.1922971
0.47099474
0.8470625
1.0043969
0.78637224
0.586586
1.1986897
1.2631564
0.70409036
0.73686844
0.67640615
0.71620154
0.49608567
0.49520206
0.74879146
0.6544654
0.70416206
0.75020635
1.0070796
0.98338306
0.601809
0.55999804
0.72232866
0.7797371
0.72148955
0.75657773
0.57335246
0.4979236
0.8345995
0.5010313
0.789721
0.89550054
0.54910153
0.49425024
0.6106771
0.47686654
0.5595753
0.76304877
1.0566708
0.84311056
0.5076798
0.80365527
0.3656148
0.57403094
0.9938431
0.51442903
0.7377949
0.7863185
0.46619943
0.5424648
0.6650419
0.5458078
0.59850425
0.63818395
0.70368576
0.81083536
0.6760516
