1.3828976
0.8669642
1.8394156
0.920723
2.234089
0.71081287
3.722731
0.5932579
1.8566976
0.8067715
1.2754955
2.1714149
0.7897805
1.3285925
1.5720865
0.8109919
1.216028
2.5705323
1.190928
1.7102199
0.6729543
2.48802
2.2838771
0.9750257
1.1034851
1.8108692
1.7495368
1.1503246
1.6051269
1.2546611
0.47580665
4.8872623
0.76826715
0.8737676
1.7170899
1.280271
1.7424381
1.702484
1.0046532
1.1954372
1.146475
1.2266552
1.5221744
1.0154171
0.9461423
1.8826971
2.6757026
0.8696687
0.7025983
3.0043964
1.435915
1.0326371
1.6646826
1.8751978
1.6356114
0.94147956
1.7396288
0.7041106
1.3338904
2.8431063
2.0140328
1.4251015
0.65074754
3.913399
1.1318794
0.53995407
1.9326012
2.063682
1.01095
4.60355
0.6491885
1.8203373
2.199639
1.6243056
1.5785284
0.63831466
2.8762784
1.9462976
0.87862754
1.3394766
1.0779889
2.05446
2.3228579
0.94836307
1.5408201
0.9955083
1.0350646
1.6452818
1.9129717
1.7916267
0.51771253
3.2525332
2.4126434
0.33309266
1.8231193
4.747757
0.66268194
1.3503312
1.7918713
1.2589681
2.3285837
0.95372957
0.38879114
1.7537194
4.2943482
0.5312101
0.9885766
2.6065168
2.4456003
0.9026879
0.72536886
4.4079223
0.86366385
0.44717842
3.848729
2.6296246
1.3026953
1.0487604
0.8779858
4.230778
1.9539384
0.46249568
4.3784323
0.95032203
1.2443974
0.6184151
5.389009
0.6584347
0.9733779
1.6488374
0.3317452
3.76817
1.0849749
0.29417092
6.315355
1.2337649
1.293073
2.149351
0.65575695
1.5836596
3.082586
2.1788707
0.9211805
0.39091593
3.7114472
1.8301439
0.73805904
1.8235354
1.4701533
1.587218
1.3733158
1.5081444
1.4959089
0.817756
1.9090036
1.7531064
0.63706183
2.8139086
1.4105337
0.7276213
1.5861986
1.2840716
1.0649676
1.4076519
1.6657269
1.6857216
1.4852872
0.42353424
3.7136292
2.286975
0.72463477
1.2284372
1.6814865
1.5200585
1.6249156
2.507399
0.5488672
1.4829568
2.2464576
0.73030674
1.5001432
1.625391
1.9871868
0.8588703
0.7143457
2.3559673
1.4364403
1.5761777
