1.3889685
1.2525668
1.2377992
1.1049337
1.3196656
1.331284
1.2361928
1.3346591
1.2345005
1.3120687
1.1393503
1.6135957
1.3795761
1.3458861
1.2608801
1.3034805
1.2723291
1.6554271
1.6521094
1.3848262
1.3478051
1.351948
1.676686
1.6672754
1.4867458
1.283289
1.4409568
1.5872355
1.4572396
1.3823159
1.3797405
1.1132907
1.2187508
1.3214108
1.3317608
1.474674
1.2969916
1.317147
1.352566
1.4322371
1.3176814
1.2051709
1.2263416
1.176305
1.238181
1.2335503
1.3016205
1.4100549
1.4853532
1.3380809
1.3583411
1.1973958
1.2451894
1.4307836
1.6345428
1.6165962
1.5774919
1.5660397
1.3187357
1.1992993
1.3247856
1.393929
1.3626686
1.3140452
1.2447858
1.4356441
1.6666126
1.9536302
1.4329259
1.5830731
1.5939316
1.2794147
1.3193469
1.2723439
1.3216623
1.2340208
1.1702235
1.2467817
1.4169317
1.4657421
1.8124634
1.361443
1.17821
1.3587095
1.1067932
1.10222
1.4663203
1.3411279
1.1376433
1.4866863
1.6293457
1.4039094
1.138416
1.3074664
1.357266
1.7769929
1.4560668
1.3536347
1.1215198
1.3641219
2.0422523
1.8645484
1.277149
1.3437452
1.4363205
1.4323759
1.2156885
1.5263398
1.4226402
1.6154752
1.5393356
1.3332577
1.3291938
1.3652393
1.3439186
1.3069816
1.2234845
1.3052142
1.4116807
1.2200555
1.2540613
1.5244732
1.353965
1.209953
1.4829006
1.3759885
1.8722593
1.4825597
1.3831074
1.2580264
1.3916087
1.2034688
1.318041
1.317514
1.3620918
1.3101246
1.2584699
1.6130347
1.490169
1.38047
1.1599314
1.2518559
1.2649938
1.607108
1.7355137
1.6221805
1.3239858
1.4958856
1.3571856
1.374017
1.3488486
1.4434304
1.5748415
1.6981977
1.4229038
1.2249483
1.2642171
1.4122975
1.2936487
1.2617961
1.1696461
1.2469568
1.1516719
1.2657161
1.3512175
1.3905011
1.1813517
1.3754858
1.4163053
1.2937398
1.3940582
1.1553447
1.2717199
1.1321691
1.5125132
1.7416097
1.3665538
1.2753669
1.2226769
1.6334374
1.5099127
1.4218463
1.4591663
1.2677848
1.2374448
1.1781561
1.3886306
1.1809146
