5.0599794
3.5185003
4.9153986
5.24217
4.0024056
3.2437851
3.7928276
22.72144
13.966446
8.065618
1.1563991
27.789164
25.144505
15.820689
7.7949333
1.6598709
20.484442
15.728948
10.340363
6.0109134
3.844409
4.89612
4.1916137
3.8994012
4.8603945
4.2021346
4.7145534
4.9660234
4.5341525
4.043438
3.0950851
5.100705
4.613947
3.6426365
3.4270685
8.039739
8.822185
5.8369665
3.4549356
6.386506
5.394417
3.4762669
2.7499776
7.4884486
5.9046583
4.4267406
4.58471
4.3318644
3.9541645
3.954155
4.9982786
3.9271512
2.8053775
7.003581
8.514824
7.294761
4.3084555
2.4995635
4.7654204
2.474793
9.276154
10.40128
7.0099683
4.121557
2.4449317
6.9887934
5.955496
6.2112026
3.31764
2.9599223
8.789286
7.7547436
5.5426702
3.6926663
2.829642
4.854581
5.4691086
3.876368
3.9854808
3.2283244
5.8167243
0.9906308
19.009075
14.870955
7.1727858
2.9720545
3.3291488
3.8585896
4.39624
4.332265
5.5715647
4.9940243
2.1899264
3.3693109
6.1140356
5.2165937
4.9074492
2.7123003
4.908903
4.355324
2.3822088
3.8063345
5.249934
5.430315
3.7683806
5.809908
4.829135
1.0878118
20.688744
20.213194
12.352539
8.6803875
5.1802807
5.329438
4.992737
4.6162586
4.303589
4.326187
5.671325
5.575226
4.8101797
3.6175346
5.316513
5.840806
4.503129
4.4053965
4.5163126
4.418121
4.6237288
4.407774
3.9655838
4.5760627
5.0229135
3.7611136
6.237544
5.69988
3.352034
10.011278
11.804684
8.1847925
4.811205
5.2098613
5.322207
5.7089653
4.021697
4.202423
3.6443045
7.042719
5.2004986
6.4371233
5.085853
3.4837174
3.692866
4.6191483
5.091999
3.3634415
2.6975956
4.3798757
5.6073217
4.6172466
2.510559
16.008236
13.875837
7.6455946
1.7268623
11.05261
10.385597
6.389046
4.1925716
5.539604
5.540769
4.711246
4.424255
3.9294066
3.0155442
9.036353
6.916463
1.4107115
5.009779
5.027933
5.4107366
4.481936
3.8072898
4.761349
3.0983412
9.647836
6.995419
4.1963177
