1.081301
0.87576354
1.0067761
0.947807
0.89271164
1.1319424
0.7971389
1.3080188
0.7434349
1.2682323
0.7947569
1.1474533
0.78182375
1.1932325
0.78587973
1.1777753
0.8166033
0.9921075
0.91764164
0.8444041
1.12363
0.75001323
1.1341549
0.927421
0.8796315
1.1503361
0.68947273
1.2758172
0.7662929
1.0964358
0.9779662
0.9441364
0.9147557
1.1422839
0.80076945
1.1042829
1.2917461
0.4726013
1.391649
0.85296214
0.86377907
0.88191444
1.0768045
0.8315556
0.80368227
1.1423726
0.8156605
1.115402
0.9219589
1.1053145
0.6451008
1.4512272
0.7602657
1.010409
1.217856
0.5494216
1.2557652
0.8589969
0.88519657
0.9222342
1.0451586
0.7019763
1.1306047
0.82320476
1.0209723
1.0646658
0.7089625
1.1037974
0.7516136
1.2369652
0.6057483
1.4677521
0.6792214
0.7591132
1.2534957
0.89587104
0.9263275
0.91015816
0.9145837
1.0593896
0.8469817
0.92943335
1.0792742
0.7350993
1.3206933
0.68930256
1.1483921
0.83074975
0.94054854
0.9249642
0.86660993
0.8189054
1.0496898
0.7736547
0.9216993
1.014019
0.79497653
1.1583624
0.77726233
0.8662189
1.031034
0.95657474
0.9179293
1.0779152
0.945769
0.89864165
0.818033
1.1460965
0.6571095
1.5644078
0.62461925
1.0972284
0.8103466
0.80772376
0.9943205
0.8714733
0.90999526
0.86886895
0.84111524
0.99426275
1.0141848
0.7287899
1.379083
0.69390535
1.0226669
0.9523331
0.86833465
1.2454145
0.6463597
1.1676056
0.806618
1.2284591
0.81336224
1.0197959
0.9418167
0.8744434
1.1463094
0.72840804
1.0805988
0.8893597
1.189783
0.5669966
1.5685296
0.60719335
1.149986
0.7687652
0.91704065
0.9406229
0.9007114
0.84934676
1.0728124
1.0016718
0.9508171
0.81306297
0.9771466
0.9313191
1.2145864
0.6755564
1.2723951
0.6919439
1.1322303
0.7501848
1.3266493
0.66454124
1.1740919
0.9415233
0.71754324
1.3066822
0.6850984
1.0289841
0.92861986
1.0366626
0.65326595
1.244875
0.7637892
0.9508799
0.9815528
0.99936056
0.8445951
1.0484517
0.89124537
0.8602699
1.470117
0.472553
1.583323
0.73344636
0.8398354
1.1899154
