1.7826674
1.4100813
0.95704794
1.4050474
1.864871
2.0542626
2.146152
0.15396342
8.012665
0.3060907
7.832736
0.5959083
5.8172426
0.34327278
2.6141691
2.6608353
1.893696
0.5720068
1.6868696
3.8206105
2.0944762
0.9915036
1.4331049
0.5713148
1.7650707
1.2522581
1.1224284
1.6474681
1.8840783
2.2082238
1.1724501
1.1080856
2.3369362
4.0712743
2.3900533
0.277435
9.840067
1.6364379
0.6168909
0.86892146
2.1492865
1.8722932
0.8758339
1.4486215
1.8392003
1.367726
0.7707478
1.5106033
1.8639916
1.6637731
1.4447935
1.1197844
3.999559
2.5529335
0.9252453
1.7284995
0.91019106
3.1251678
2.1135836
1.4222164
0.8205129
1.2327857
3.8476663
0.3267458
1.1182399
3.752061
1.8573449
1.0075485
0.9323621
3.1149263
2.5356367
0.26531982
3.9447942
2.808596
2.2153437
0.28980768
8.651902
3.116846
0.10542292
9.714235
1.16226
0.6526909
3.557725
2.1958652
0.4086509
5.6970825
0.4958621
3.5793881
1.5609745
1.4676899
0.73185194
2.3269813
1.386147
0.9673282
1.0873512
2.8869724
2.2225776
0.5473086
2.3215919
2.5455935
0.3870244
0.57900953
1.7399125
1.9612956
0.8020948
1.1580784
1.8846188
2.1697133
2.19115
0.3625118
4.8592525
3.5999951
1.1856648
0.94196343
2.1012244
2.0241222
1.8810978
2.4619174
0.6191063
2.2967403
1.4565141
1.289818
1.6062448
2.1623132
0.53653
1.6356157
2.295578
2.067089
0.653789
1.9214181
1.9717745
1.791822
0.5841191
1.8151124
1.905645
2.2330332
2.2671719
1.0025463
1.4941106
1.361481
1.5402441
1.6219347
1.9027388
1.4674006
1.1907158
1.0301034
1.9933069
1.2614636
2.3646107
1.1382444
1.1583874
2.234126
1.3871589
1.2345407
0.8522315
1.3555946
2.964044
2.4636168
0.90131193
0.6870469
1.6405085
2.0642543
1.8548017
1.3693827
0.8968066
2.9397347
1.2932236
1.6142683
0.535824
0.9113626
2.1176808
2.3251095
1.0460908
0.8142331
2.3382206
2.5831194
1.1227442
1.0786829
1.6743827
2.3998451
1.5761228
1.2484617
2.5512238
1.8784498
1.4284849
1.7510934
1.7224327
1.8346324
