3.2285697
13.82852
13.8657
4.555311
3.721621
5.721761
6.4155188
5.2413244
6.4204597
5.0933857
4.8032722
4.6391144
4.6451325
4.1886234
2.645507
9.239399
8.354649
6.654373
4.3799715
3.3192687
6.93766
6.0670385
6.8680344
3.6189356
1.681128
6.498687
6.605492
5.121587
4.0477405
3.5181074
2.9905462
4.981311
5.491496
4.497505
3.5400944
3.2150955
3.5595841
4.7231355
4.5310984
3.8210995
2.0474296
6.4850893
6.409683
5.4693565
2.1246815
3.3064127
8.015204
6.6580997
5.1141243
4.257719
3.0030181
3.3197653
4.51907
4.500209
3.960149
3.6294746
2.3775563
4.6072707
5.0647926
4.406091
2.588638
2.8195446
3.1249008
16.794542
13.038216
2.872639
0.5479189
16.807451
13.961168
7.7356567
2.963086
5.215143
4.6899934
4.704463
3.4453077
4.0610123
5.0850306
3.9351335
3.4057126
2.4064221
9.924856
9.076775
6.6380486
4.8593845
4.2979198
5.1547427
5.858788
6.161003
4.002153
2.4813495
14.594307
11.999414
8.76111
6.113022
4.0542536
4.53487
4.9471407
4.5545206
4.316284
2.44765
4.1973467
4.3994703
3.7248945
4.021288
4.4501715
4.014862
3.2362247
2.4491422
6.174981
5.694807
4.1867476
2.142654
15.10849
6.8296404
2.7588162
2.5218163
12.808546
13.184423
6.067556
3.7625964
3.3576765
5.488126
4.8609533
4.4222407
4.1942434
3.2707584
12.49767
9.978049
6.550952
4.384556
4.1135397
4.635212
4.2744274
3.489449
2.6962547
5.388471
4.638877
3.6818292
2.5601518
1.3446277
5.5696073
5.191654
3.185525
3.0523148
5.728028
5.3561263
3.9317946
3.51639
2.7352552
4.601042
3.940926
3.9185522
3.0967402
2.747196
9.796978
9.577762
6.3141885
2.2468352
2.401423
6.628514
5.365221
3.8383994
2.3714778
2.6884747
6.5133553
7.03343
5.557988
1.0532554
8.157864
7.5677614
7.8142543
6.0533414
3.4276447
1.4353125
18.785315
16.20004
12.347468
7.4479675
3.565252
2.9167926
3.8982844
4.781959
3.654741
2.7543285
3.1719146
7.0666566
8.1668625
5.3737726
