2.2902656
4.3125386
15.648681
3.2765114
6.2695174
5.921277
2.907374
4.5868683
3.7429755
4.630982
3.624186
2.488529
3.1281483
5.03827
4.8650217
3.485782
2.3398237
6.2709494
4.8793154
2.942298
4.1838045
2.685206
2.1147642
2.9025514
2.5100584
3.3928003
3.4379814
3.4440277
2.307586
3.3563447
2.7755795
3.8852599
2.677162
3.0673506
3.041617
2.8236217
2.4572446
2.8071477
2.7963495
2.284667
1.8400006
1.8562701
1.8662081
2.0194356
1.6842046
1.5592561
2.1200104
1.8068273
2.2053988
2.082059
2.0694027
1.9217556
1.4505637
1.7148191
1.8653505
2.1476548
2.4691248
2.5371382
2.2820723
2.6426706
2.3199618
1.6793197
1.7729999
1.7769415
1.6012555
1.7304293
1.7510936
1.5544755
1.4428463
1.899192
1.6760509
2.1613052
2.0174952
1.8580415
1.8808174
2.0807862
1.8305305
1.9598867
2.0275886
1.8193275
1.7126628
1.519891
1.7691458
1.5040314
1.5572032
1.5920513
1.6802813
1.6741639
1.6792251
1.7810965
1.4498936
1.6570654
1.9367903
1.7096299
1.7953094
1.4491338
1.7465365
1.6622282
1.88247
1.9664387
2.3850794
2.830819
2.3216295
2.593263
2.36755
2.0065892
1.9223461
1.8207194
1.8534942
1.751597
1.934928
1.8997563
2.0477123
2.1624205
2.0717895
2.0325456
1.9484802
1.8502774
2.0103476
2.1117363
2.32296
2.3354554
2.3666124
2.1452966
2.0460434
1.9125067
2.2547822
2.2137477
2.3155994
2.0311334
2.0986881
2.0167634
2.028721
2.056507
2.0724022
1.8785229
1.7654359
2.1808567
2.2745214
2.041605
2.0070143
1.8779854
1.8375105
2.0677838
2.247971
1.7069185
2.0868986
1.9621078
2.0119474
1.830806
2.1143596
2.1082387
1.928237
1.6567351
1.9932768
2.0398653
2.252932
1.9487296
1.8816758
2.0312946
1.9123937
1.9218693
2.093693
2.2266068
1.8829498
1.924335
1.9696319
1.9090279
1.9797719
1.8802781
2.0407023
1.9307911
1.9078802
1.8692502
2.019576
1.9466884
1.7561156
2.0299513
2.005903
1.8160262
2.1288853
1.9688529
1.9634556
1.8677931
1.9143568
1.953584
1.8193088
2.0234323
