0.07489237
0.033486903
0.05013371
0.3328477
0.52151865
0.09530747
0.08139158
0.41960347
0.03237028
0.8883873
0.11811201
0.050157554
0.8288343
0.08277942
2.2728152
0.07942499
0.67158693
0.036730528
0.011704405
0.14709873
0.07119033
0.16900833
0.19958603
0.08288263
0.052996386
0.06771707
0.0441275
0.101607874
0.06838957
0.12838711
0.09765749
0.27626324
0.03909523
0.06903373
0.060388014
0.08462729
0.068452775
0.07417978
0.24884164
0.28562587
0.06096481
0.26698563
0.033793908
0.5764005
0.43998095
0.11416896
0.06839858
0.54393435
0.18189728
0.29620662
0.012879148
0.16332044
0.024252113
0.22010201
0.07423566
0.35501745
1.2396382
1.146951
0.111775234
0.2936314
0.014733954
0.35152093
0.13660684
0.13157788
0.13720043
0.43470475
0.24409583
0.13799065
0.12745948
0.16744868
0.20724475
0.2794288
0.28085586
0.06728696
0.20638412
0.057817005
0.060428478
0.12350597
0.05260421
0.10062934
0.2710692
0.3444544
0.01632793
0.40198386
0.080005154
0.06257059
0.14897315
0.03281174
0.12691545
0.06015697
0.09819594
0.08832954
0.15973449
0.23514566
0.18419096
0.16647947
0.17403436
0.09602206
0.07472577
0.15388334
0.11846915
0.25181377
0.31549376
0.032619566
0.051455192
0.09546169
0.38948447
0.29797727
0.3637353
1.5890697
0.9872361
0.24047846
0.014782327
0.46230432
0.02786117
0.6580117
0.21890216
0.1601556
0.08552079
0.23682898
0.21068415
0.027366016
0.06916022
0.10636763
0.22538616
0.34248966
0.041648194
0.37428758
0.2774973
0.2687679
0.48187342
0.3525539
0.04960511
0.05694916
0.27495328
0.10387544
0.28135887
0.1395711
0.07173037
0.122083016
0.061895356
0.053607523
0.09320371
0.20151532
0.20201217
0.0336278
0.10518311
0.03587982
0.19687799
0.07338804
0.07281531
0.2519027
0.13793373
0.019270083
0.1376376
0.14801084
0.172471
0.037821136
0.076510794
0.058113188
0.037104264
0.15559195
0.016458327
0.25473863
0.16821164
0.10062662
0.42588425
0.055916097
0.51071155
0.01367377
0.02215658
0.1058981
0.08663976
0.010376846
0.026203595
0.05037065
0.21378963
0.12463901
0.5902751
0.15758815
0.36951476
0.04433449
0.21665877
0.02790821
0.043512065
0.049656358
0.028413232
0.2015155
