0.05000765
0.10034748
0.016281256
0.020132797
0.10629979
0.14603701
0.031216651
0.062389657
0.07380453
0.29413143
0.48306218
0.037446335
0.10066132
0.12215001
0.072137736
0.03314897
0.31668052
0.31753936
0.20497066
0.06507179
0.032008216
0.03713399
0.21953604
0.0375417
0.08309059
0.06945577
0.18819693
0.052761793
0.14139324
0.2611178
0.22803971
0.05250855
0.06366691
0.23347585
0.19382618
0.15513441
0.2485046
0.046676263
0.11766929
0.08585316
0.13094665
0.13412094
0.03718462
0.24600458
0.51019865
0.23797366
0.022629686
0.012234819
0.040671714
0.10988111
0.0850763
0.14526832
0.04807613
0.52245426
0.6620446
0.1079198
0.04041075
0.7041694
0.43169355
0.04234259
0.013429697
0.25998998
0.08300144
0.105827905
0.14778514
0.12711811
0.17782304
0.09434331
0.10748558
0.41241175
0.06848938
0.37418088
0.027255151
0.1257483
0.0688597
0.367333
0.80232674
0.0088622235
0.37880492
0.033511247
0.059431277
0.55722684
0.7766236
0.01712416
0.010746254
0.6925586
0.11244427
0.7188553
0.146918
1.0558512
1.0397905
0.04156641
0.014385243
0.78217095
0.039623097
0.30460694
0.25696072
2.1740007
3.1281178
0.40217358
0.088127464
1.1072555
0.33680016
0.94001776
0.009443665
0.11298101
0.5194592
0.09275527
0.33461797
0.35374734
0.2665382
0.17452192
0.048098605
0.18472555
0.44487563
1.2176598
0.035214834
0.38788566
0.045511458
0.08449483
0.07064701
0.0574824
0.20206812
0.21100602
0.14345396
0.20723285
0.280595
0.19568935
0.098580495
0.17108417
0.13476834
0.07197369
0.27259076
0.23984547
0.13374726
0.25544336
0.07038581
0.04280171
0.15667959
0.10778709
0.1275093
0.23844874
0.11605564
0.4965915
0.5288728
0.044106584
0.076269366
0.058886886
0.09200707
0.08315842
0.18178743
0.38378185
0.3084612
0.084368534
0.08125697
0.11448856
0.08661981
0.07618395
0.19653124
0.13950136
0.8212165
1.4391215
0.058935635
0.019788673
0.22601394
0.038433574
0.07358067
0.13065013
0.46613735
0.406397
0.13016547
0.091474645
0.052125663
0.11997616
0.20070109
0.092823446
0.07567613
0.11671307
0.30534685
2.0500407
6.1041913
0.15702303
0.2664937
0.13933942
0.27210796
0.26884297
0.28266278
0.120474234
