0.17603211
0.22491652
0.19640853
0.23936194
0.13764946
0.06388849
0.21787307
0.18086898
0.118784286
0.14532861
0.17689502
0.28150412
0.13956884
0.16776489
0.21974961
0.10070023
0.1460608
0.15047118
0.1237741
0.12582101
0.1374823
0.14679314
0.160543
0.12083367
0.11591067
0.43133786
0.8359811
0.642645
0.17021333
0.15172844
0.26556963
0.36533406
0.44661278
0.21918097
0.26639122
0.14601655
0.20699002
0.2369489
0.072733484
0.30131578
0.1920776
0.12696493
0.08407249
0.2980507
0.19259708
0.17304173
0.19980145
0.11662834
0.17999282
0.2605666
0.11448531
0.24433227
0.19540115
0.15484457
0.13899037
0.11036444
0.09427598
0.29220408
0.11566907
0.1329269
0.26964036
0.042182803
0.35317877
0.106599554
0.5173466
0.29074702
0.11777428
0.12381574
0.39759612
0.08299711
0.14090943
0.07322766
0.15733218
0.36896953
0.3284566
0.08297689
0.1605396
0.5401538
0.32226932
0.34365052
0.13874325
0.2483778
0.110890545
0.14896765
0.1576285
0.13473961
0.13237752
0.15850712
0.07291213
0.11727853
0.07359517
0.15599924
0.23288256
0.19679424
0.22467744
0.24938007
0.4165986
0.08538532
0.83092034
0.4807206
0.13256577
0.15550661
0.1650414
0.11546662
0.11663824
0.16050197
0.17072856
0.12621127
0.16936544
0.19406703
0.09016902
0.23708428
0.13516885
0.22666012
0.13653788
0.18217638
0.1323787
0.07778905
0.16116503
0.12203615
0.17635378
0.120905116
0.07406632
0.2243703
0.13421309
0.073415354
0.09379376
0.11352658
0.09474375
0.082326934
0.14693345
0.14631692
0.20895922
0.17500308
0.11114693
0.15430528
0.19531927
0.09519905
0.14438765
0.1571115
0.14341907
0.06976479
0.12870231
0.15293701
0.1359649
0.16827032
0.09998399
0.13445932
0.13512056
0.1496641
0.09156833
0.11864768
0.10087314
0.18895733
0.16413462
0.08579665
0.08695473
0.076068155
0.09562066
0.1751512
0.1834482
0.12395275
0.11589925
0.20015547
0.08644557
0.13409589
0.09358716
0.15311785
0.14928833
0.11762621
0.102554224
0.0784985
0.12284626
0.19803539
0.15980586
0.13499255
0.09913145
0.16704847
0.12935467
0.10399121
0.15263881
0.22250907
0.1942376
0.11446655
0.16963491
0.105070524
0.11412358
0.0735507
