0.7874514
0.9845687
0.94056207
1.1121981
0.5960681
1.2705677
0.50888145
2.6144204
0.35208628
2.0753894
0.84356225
1.0678182
0.6630552
1.5598804
0.47578132
1.8582929
0.53996545
1.1148491
1.2778153
1.2953503
0.54885435
2.5958288
0.47733468
1.317547
1.1834667
0.7731956
1.3076485
0.3693083
1.2124159
1.7028906
0.5926918
0.67501426
1.7553515
0.7675383
1.0596594
0.93296397
0.95210546
1.2880827
0.7360749
0.90065885
1.7687777
0.56388557
0.5555015
1.9166113
0.7389546
0.9841672
0.7084858
1.461325
0.97267807
0.82600474
0.98959714
0.45610246
2.080935
0.5279895
1.2842693
0.34104437
3.2202053
0.6567397
0.52796584
1.6889035
0.8958153
0.93356454
1.0634927
1.0628364
0.61837494
2.912313
0.64854693
0.596044
2.0011773
0.66674066
0.6735871
2.6737363
0.6989939
0.45020133
2.2134469
0.873923
0.8927332
1.176755
0.5995665
1.3454576
0.8887904
0.6542411
1.3903149
0.70281535
1.4034765
0.9990524
0.6595713
1.0535022
0.8989577
0.9374447
1.0263025
0.364759
2.4755464
0.71105635
0.60591316
1.6003861
0.7900431
1.2680225
0.81998277
0.5667989
1.9881619
0.38245642
1.0193906
1.8112015
0.43377155
1.1718298
1.7158532
0.49028438
0.8011478
2.1292808
0.5302866
0.68510413
2.1851778
0.7642156
0.42767686
2.1415398
0.67558277
1.2869623
1.1232151
0.4899867
1.69592
1.3203602
0.3418193
1.7240548
1.481822
0.62284577
0.46664697
1.6601521
1.4812205
0.47228795
1.1161656
1.3810055
0.76483184
0.749219
1.2998325
1.1544802
0.8645907
0.8078262
0.79258406
1.9615762
0.4627887
0.98335224
0.8911385
0.6695006
2.0243454
0.60695416
1.1944493
0.57873404
0.94763035
2.0089402
0.3929479
1.0830889
2.376904
0.72342706
0.6289442
2.2809734
0.6141526
1.1574924
0.87474716
0.9211184
0.75438523
1.5738811
0.7522882
1.0609504
0.683118
1.9639704
0.62178105
0.46356028
2.1627424
1.005734
0.33070713
1.3757849
0.6095437
0.98681825
1.3556659
0.38396722
2.7388656
0.6189465
1.3261997
0.9399312
0.9710008
1.1613729
0.7497027
1.4146302
0.9292867
0.4872005
1.0091021
1.9324429
