0.64974487
0.977648
1.0636622
1.0686574
1.105268
1.201602
1.2908919
1.0634943
0.9697255
1.0339348
0.7878102
1.1988716
1.4424044
1.6525071
1.3002027
1.0105286
0.956294
0.9799918
1.0571117
1.1669965
1.2689027
1.0307796
1.016362
0.9494799
1.1628807
1.7138132
1.534746
1.012375
1.9977571
1.0586977
1.200841
1.2549769
0.9029064
1.0670257
1.0556875
0.84227693
1.0132396
0.98554736
0.90509784
0.96761537
1.0805371
1.2483331
1.1132559
1.0867846
0.9437143
1.0195851
1.1138537
1.0241612
0.9034109
0.84991586
1.026751
1.007063
1.1081696
1.1089003
1.8235791
1.5198834
1.0419089
1.0969065
1.0020405
0.938617
0.8454771
1.0768453
0.8388171
0.98257864
1.1979991
0.7421869
0.7491467
1.2064916
0.9034262
0.8994726
1.1580018
0.91272855
1.3642346
1.4870763
1.2916732
1.1159639
0.87362367
0.88647944
1.048748
1.0262129
1.4680891
1.1030128
0.95470446
1.336995
1.2537885
0.94758195
0.7337463
0.82797724
0.8383134
0.9048174
1.0202001
1.0255123
1.1275641
1.0734673
0.8825686
1.1119254
0.9314426
0.8861952
0.9678056
1.3368772
1.2180719
1.0140463
1.2864422
0.94247407
1.0853271
1.2567172
0.91296357
1.1573865
1.0149786
1.1778339
1.2713888
1.0335962
0.9268007
1.2941761
1.0613748
0.9251088
0.9925322
0.9310831
1.1428592
1.0862085
0.8594099
1.095645
1.0747727
0.95610374
0.86068165
0.9641086
1.2385697
0.8332888
0.8725705
1.0381551
1.1623567
0.96863204
1.0543492
0.99568886
0.90329677
0.92602235
0.9774588
1.0098991
1.2559761
1.0970787
0.9971754
1.0345701
1.1504241
1.2965974
1.0316198
0.82983387
1.0494599
1.2913942
1.6208664
0.9089921
1.2964407
1.4340298
0.8821429
0.96853155
0.94875365
1.0530792
1.2604495
0.8804915
0.952051
1.0946673
1.2055292
1.2679218
1.4320059
1.2399602
1.115843
1.1058828
0.8534124
1.1002152
1.1672971
0.7580192
1.0909238
1.3633369
1.201733
0.9667427
0.7749554
0.99362195
1.0444205
1.1971316
1.0598285
1.0356466
1.1301879
1.2451249
1.0170075
0.8421933
0.9455905
1.0277736
0.85301465
0.76409745
