4.153265
0.14734393
7.722765
2.9077523
0.30822855
3.591858
1.8654132
0.45800394
1.4927146
1.7705947
0.7186449
1.5488358
0.9351489
1.6049582
1.105788
0.87349313
2.8786469
1.1613557
0.86139643
2.4764931
1.6823528
0.78917015
1.5863717
2.0039363
0.94873494
1.1895518
2.2868428
0.7959138
1.310426
1.7203538
0.80890507
1.2711017
1.6059723
0.9713032
1.6149843
1.1445713
1.5012611
1.3563223
1.5166656
1.2087964
3.9620621
0.21644771
4.7907267
1.470787
0.388597
2.0336583
1.8654189
0.988419
1.492691
1.6182305
0.9187691
2.1013994
1.1114774
1.6190181
1.1601545
2.3968167
1.100945
3.8860562
0.69006693
2.9117856
0.71442056
2.7930145
3.6435742
0.67706054
4.628397
0.28220436
4.4319415
1.4654655
0.8423732
2.4368324
0.8859217
2.502069
2.3431172
0.31416312
7.0920105
0.776388
1.6819038
1.7111807
2.754506
0.9019191
1.1261966
3.156531
0.850638
2.329172
2.9343634
0.58033717
1.3371015
4.4533014
0.5766059
4.0642095
0.3016623
4.86954
0.9951072
3.3289018
1.5727029
1.4084885
1.1309656
3.7214708
0.3359289
4.1189275
0.54500926
5.605476
0.8512655
2.851463
1.7423892
1.6837307
1.9739286
0.8952267
3.7252817
1.1362793
2.233484
1.8166702
1.507883
0.429468
4.974432
0.23986033
6.6921215
0.5491632
3.9397497
0.29017448
6.0085807
0.74659246
3.9491334
1.477743
0.3776803
2.642743
0.6711824
1.3534269
2.4843407
1.7150512
0.3091661
5.439642
0.24908055
2.249265
2.9893126
1.452657
2.3079052
0.89681864
1.8180132
1.7224075
1.0366845
2.2370806
0.42275888
4.4590044
1.1649814
1.0951233
3.1880085
1.1624475
1.3715327
1.4430752
3.115894
2.1247263
0.7455323
0.8493208
1.0685742
6.7526503
0.20526527
6.929846
0.48834354
2.3484182
1.3352001
2.9228668
0.7787778
1.361289
2.3644183
1.2337189
1.086174
4.398363
1.3630364
0.57482886
5.7437673
0.52148664
1.1214032
2.2017648
2.9968123
0.18210068
8.612623
0.87362266
0.3718205
5.742157
0.4906572
3.1739
3.0816948
0.27391517
4.5413065
1.7847679
0.9868173
0.92315656
