0.8741145
0.7954502
0.7968084
0.6779593
0.92619044
0.8198837
1.0690968
1.2058976
0.94492173
1.0988971
1.178092
1.4164269
1.258977
0.89203614
0.8975427
0.79759586
0.9255
0.8544144
0.6800244
0.728729
0.86584914
0.8521626
0.7253163
0.7935046
0.83664125
0.85951686
0.8967655
1.294081
1.4895358
0.6859981
0.8036325
0.71450186
0.9125704
0.9192102
0.9340768
0.73512316
0.7246488
0.9750917
0.7840216
0.99463886
0.9617714
0.90748656
0.8908706
0.8778901
0.64923537
0.8634428
1.1198037
0.8778765
0.8772992
0.71189827
0.80230546
0.7215439
0.7925112
0.857748
0.77456045
0.87339914
0.86365783
0.7285981
0.7043475
0.8250131
0.77045864
0.9302101
0.8635603
0.8176786
1.0189033
0.85152626
0.85134757
1.0050683
1.0622174
1.6308471
1.1068503
0.8112966
0.7382997
0.84430444
0.8425046
0.6093609
0.67260146
0.85600436
0.947289
1.1251984
1.1789608
0.8945895
0.5678124
0.7314378
0.8953511
0.6974565
0.950791
0.921932
0.68978363
0.550848
0.9294701
0.9081918
0.97811323
0.6448528
0.75491
0.8761539
0.56414384
0.72685045
0.8698144
0.9006468
0.72990423
1.0198224
1.0599568
0.7394581
0.72276336
1.2391677
0.60343546
0.8425642
0.8587553
0.9912496
1.4370892
1.2879069
1.1214168
1.1543322
1.3444978
0.9108598
0.7839689
1.2013489
0.87019116
0.99243206
0.86231995
0.77377003
0.9302809
1.0345124
0.820002
0.8340124
0.98031604
1.6064415
0.91127944
0.7065497
0.8644479
0.9247638
0.96183926
0.7278274
1.1224946
0.7475429
0.76755905
0.8649919
1.0185668
0.7436744
0.7534764
0.95821613
1.1721709
1.1444261
0.8047913
0.70741135
0.94431585
0.7933461
0.9311371
0.76947665
1.0557811
0.7054322
1.0451232
1.0421317
0.77835107
0.9355205
0.6456096
0.74120474
0.73472273
0.786844
0.7327539
1.0745573
1.197118
1.2614014
1.4831283
1.201764
0.69405806
1.0628861
1.1887974
0.5677254
1.022237
0.9096903
0.8516894
1.2074378
0.7986797
1.0368924
1.4612362
1.328217
0.9505387
0.8857775
1.1009228
1.079255
0.99999255
0.84644544
0.99375
1.2817061
1.2813966
0.59252036
