0.03142085
0.080480136
0.07095637
0.04907707
0.0817153
0.23804167
0.20111308
0.09955659
0.07216442
0.051914506
0.09195359
0.1865021
0.24712257
0.06442851
0.15494002
0.259851
0.01205673
0.020297118
0.114544585
0.04976994
0.27650648
0.024926836
0.081382625
0.24099557
0.115776226
0.09958373
0.17780393
0.08443302
0.01904847
0.16035792
0.042849272
0.09607224
0.08848605
0.035958327
0.2025731
0.11838496
0.041800052
0.10095774
0.06438328
0.07898801
0.17428438
0.18238835
0.02997211
0.027961977
0.070711255
0.111843325
0.102778554
0.037213005
0.026355635
0.03873518
0.084221944
0.49918324
1.2433944
0.013157413
0.50762045
0.020010462
0.05010516
0.1345436
0.15986866
0.028572239
0.07488222
0.05131802
0.14116496
0.30818456
0.0063408366
0.15606935
0.52706957
0.039610937
2.2022004
0.13923818
3.9498107
0.016077876
1.3841358
0.90646756
0.030309446
0.15922518
0.08290219
0.024469897
0.09099954
0.055060804
0.099429235
0.12904453
0.06086647
0.13926953
0.20497228
0.06535545
0.05603633
0.031008925
0.053932995
0.09835905
0.11088017
0.04964559
0.10927163
0.058148295
0.08902027
0.07663924
0.07829953
0.081597045
0.25911218
0.14746335
0.08398503
0.119778454
0.12451921
0.13482992
0.08128349
0.019621748
0.10692388
0.083074875
0.07484206
0.040335126
0.060358763
0.07943484
0.045245044
0.051203396
0.36345315
0.43735054
0.15334094
0.048715986
0.02104918
0.015857799
0.053404987
0.17070056
0.026431516
0.182473
0.09148091
0.9930505
3.054837
0.024002435
0.59537196
0.037976813
0.065513894
0.2134448
0.14287531
0.15278044
0.3731076
0.4020121
0.059771873
0.1176118
0.06079994
0.09203931
0.053523682
0.089300364
0.24854797
0.14463235
0.18574524
0.024275044
0.16031748
0.19951704
0.060536712
0.14590098
0.23473595
0.07117293
0.079305544
0.027392875
0.11375124
0.32435894
0.2654371
0.10491517
0.04390066
0.24774006
0.032342095
0.060142428
0.024056345
0.03305723
0.05250448
0.12453373
0.08324477
0.07900624
0.052386463
0.48486587
0.11386752
1.5969226
0.02761276
0.42050526
0.048883904
0.029646456
0.034271363
0.06738903
0.05903949
0.121839635
0.58359015
0.53997326
0.1745596
0.011991768
0.19060604
0.07969446
0.033284683
0.017184382
