4.4941297
5.886489
3.448513
9.553073
6.820562
3.9138706
2.1508684
10.565943
9.712653
3.7742982
1.8020965
2.854979
16.82861
15.628456
4.701582
1.6975566
15.6388235
16.017591
12.411963
8.259813
4.6977715
3.613133
7.1291947
6.853444
5.443944
4.1949916
3.7821436
4.5851765
5.3219132
3.8924787
2.8018408
6.2921934
5.6828737
4.21988
3.4970198
4.284653
4.292665
4.360215
2.5721173
8.938813
8.631915
3.9946144
1.8237083
13.207066
9.582052
5.665926
2.8386347
12.093805
12.358574
8.307329
3.2361877
4.4872346
4.4565825
6.743247
5.774037
3.3642588
17.444656
10.1841345
5.81697
7.3577814
6.615257
9.5339775
6.963106
3.5385532
2.839373
9.0870695
6.592596
5.4252424
3.7929633
5.252334
2.9230459
8.067313
5.020073
2.6904173
6.240059
6.274049
5.4388437
4.639683
3.8575506
3.1747246
8.232855
4.036904
4.1185875
11.030411
11.372377
10.080901
6.236636
4.127905
5.3427744
4.7125793
4.9621043
4.2015944
2.938219
2.774394
3.7358327
6.9325514
6.5041647
3.586262
2.7882748
5.9151206
5.064722
1.5936097
8.066887
7.214058
4.3815193
2.4440284
9.115023
7.1048503
0.97935414
19.210907
13.634051
8.387603
2.8083808
8.85049
7.8910213
2.3994164
4.6574464
7.246321
6.2519536
2.7489157
7.1303515
6.8012657
4.8932085
3.8623097
9.317135
5.49899
3.1366196
10.644377
8.393419
3.6766675
15.3137455
13.611522
8.731472
6.985553
10.614106
8.760832
4.3876567
4.2161293
4.633009
7.295167
7.3221684
6.2230053
3.5901918
7.6736445
5.6132507
4.707463
4.135905
4.155758
7.8794203
7.5938807
4.9260664
3.3319964
6.2169943
6.1594706
6.8777094
4.983926
4.578092
4.2907314
4.6263084
5.2163563
4.42094
7.087614
6.9102316
2.9434626
3.8429055
3.8731325
14.177202
16.029968
11.467472
7.517186
4.0403028
4.4592314
6.1536164
6.0593166
4.5331926
3.6655085
9.837333
9.071329
3.328188
3.3582237
14.721167
15.483449
10.428711
6.004219
6.001953
4.969215
4.28523
8.325178
