0.5344643
0.6616801
0.7803584
0.68656117
0.7807154
0.5191482
0.46334937
0.80161047
0.6997099
0.6343401
0.6316867
0.8563957
1.1083984
0.91368073
0.6793393
0.6007538
0.66553664
0.8747022
1.088721
1.1450322
0.8254037
0.6186429
0.8208413
0.7312535
0.8757205
1.2462158
0.89944994
0.63551843
0.93108225
0.82187504
0.9035448
1.366849
1.0259547
0.56693435
0.7476373
0.7824193
1.033297
1.1770468
0.6829363
0.6222831
0.93141186
0.7141259
0.5366555
1.0495132
1.3449222
0.5719789
1.1310306
1.2608068
0.61570215
1.1234181
0.69556624
0.70081407
0.7902935
0.804294
0.6568121
0.9927751
1.3059529
0.941026
0.58272505
0.67783546
0.8560395
0.57038295
0.8533002
0.85937786
0.56493044
0.5346811
0.7011461
0.6787255
0.8915425
0.8143842
1.0099655
0.73521274
0.57075405
0.69547313
0.8132066
0.8188126
0.96054494
0.81475055
0.5646801
0.93342745
0.8524061
0.8492453
0.75403464
0.82137954
1.1714634
0.8251262
0.4577418
0.7618934
0.9917894
0.5265261
0.7433337
0.66125834
0.7083097
0.85515225
0.48203164
0.9493363
0.81687856
0.58139014
0.72014165
0.9413265
0.7367395
0.58993113
0.7231546
0.90784264
0.7122698
1.1809515
1.2950029
0.96117324
0.6222483
0.8688656
0.5853433
0.73543024
1.0763066
0.55097306
0.9525968
0.9906978
0.8832507
0.63996136
0.87752736
0.79931533
0.59481895
0.6407528
0.58077043
0.7403913
0.8129425
0.4801097
0.9071273
1.437746
0.55742645
0.46420506
0.83891886
0.9191303
0.54922223
0.7276145
0.8925478
0.6694089
0.7642934
0.5558239
0.7402867
0.74784696
0.7848414
0.6057434
0.7652428
0.64316845
0.5094848
0.8225825
0.6478145
0.6630696
1.0426986
0.61729443
0.5545833
0.63085675
0.96231234
0.49471432
0.6677326
0.6673885
0.9018506
0.7826275
0.77066016
1.2256645
1.197002
0.6853169
0.84544986
0.81567407
1.7226985
1.341864
0.77056396
0.5877115
1.3657445
1.3930593
0.7477465
0.80963683
1.0212896
0.6614224
0.7421856
0.85763085
0.46511462
0.672257
0.5939891
0.63121057
0.85650223
0.9550279
0.9238006
0.8504713
0.6143872
0.7256143
0.8089458
0.7720494
