6.36242
5.440931
6.37029
4.1893954
4.0009413
0.34008187
33.154755
13.877789
2.7005835
19.524487
16.677284
11.703171
5.527856
4.5686746
8.334036
7.684603
2.7141113
17.901617
14.389831
9.789495
4.528948
4.269188
8.2279
8.871382
6.8243036
4.9051065
3.294146
11.413731
7.7569394
3.9147108
6.3054047
6.389622
5.8243246
5.340541
4.2791147
8.445925
6.7453995
3.3499076
8.279711
7.7347794
6.2319956
2.4832025
12.407772
10.593495
5.56087
3.3808565
15.379718
13.0450945
10.129789
6.535718
3.1621437
6.5505953
5.85392
3.8275967
3.7429457
4.020091
6.4770594
3.810877
5.213254
3.724659
13.751913
13.098619
8.487801
4.7043447
8.467488
7.709924
5.091777
4.8994145
10.339367
10.561102
4.8428645
7.66863
5.41914
3.3722034
6.1788154
5.229659
4.7883887
4.524417
3.424125
3.6020596
5.5484834
3.8992567
4.558034
4.63479
2.7878032
3.6619134
5.401221
5.3474865
5.689231
3.9575891
5.0134096
5.0839825
3.7714322
1.6128902
18.972288
17.402557
11.709298
5.38439
4.272565
4.9201627
5.024952
4.0557337
3.1795988
11.703918
8.614828
3.298593
1.9657876
8.947655
8.201975
8.01262
4.4301476
1.9242597
17.645731
13.596225
9.093339
3.132688
6.117735
6.8490944
7.0292273
4.0504074
2.9202757
4.3624477
4.684516
3.6599536
3.7884796
3.7278905
2.59492
3.7526095
4.0358973
4.738598
4.0103507
2.5701857
9.790211
9.118268
5.428147
1.4625661
9.81384
8.202656
6.079872
3.0184398
9.336645
8.270514
5.107934
4.837646
3.8461509
3.4662416
4.7922287
3.4074585
5.149328
4.177808
2.4095628
5.392324
5.037212
3.7861767
4.759654
4.97884
3.2510614
9.012504
5.9250097
2.5030193
10.980354
11.000193
10.464714
5.1163464
2.0056474
15.462879
15.708937
5.6279316
5.909938
5.4558487
7.1573124
7.551404
4.8569956
4.0899587
4.703549
6.04511
4.886003
3.6915522
4.6705437
4.5690203
4.9583607
5.184258
4.2476525
4.774169
4.736974
4.107449
4.8166776
5.120338
