0.9039888
0.9055541
0.8472533
0.80371976
1.0369352
0.8186338
0.8508816
0.88798976
0.88325894
0.90460336
0.8881023
1.072032
0.7928294
1.0833354
0.80669343
0.7965127
1.4227501
0.5052014
1.8223193
0.7155442
0.8346344
1.0104179
0.7100037
1.0866103
0.8704194
0.860425
0.89587104
0.9418637
1.0713538
0.6828184
0.9794405
0.93725884
0.7329756
1.1923677
0.7782279
1.3407702
0.7306504
1.0101855
0.96188325
1.0061947
0.9845514
0.63675845
1.5928808
0.5856327
1.0694209
0.6813452
1.2683691
0.54663396
1.3152944
0.8679333
0.80841976
1.1126451
0.8993193
0.7575712
1.2368045
0.67572063
1.0258733
1.4219427
0.49456263
1.3925328
0.8616657
0.53772444
1.30052
0.8793961
0.8477316
0.96933323
0.90647393
0.7127729
1.1407363
0.848146
0.9507427
0.9691144
0.7526965
0.8220728
1.1674783
0.8795513
0.8207409
1.1462629
0.5030865
1.7078922
0.7076258
0.9884769
0.893384
0.80145717
1.1175883
0.7936817
0.76110977
1.3615563
0.79430676
0.951488
1.1904564
0.6702775
1.3473654
0.66289675
1.1806321
0.83710617
0.93541336
0.9399215
0.66420543
1.6012397
0.36391082
1.8563191
0.7975251
0.5839963
1.1910453
0.9820205
0.63395584
1.2813975
0.9523661
0.95153415
0.8271285
0.7296504
1.0781485
0.6783496
1.2368557
0.65792906
1.3079414
0.7794875
0.6164626
1.6136788
0.78049314
0.58297455
1.2597504
0.81727314
0.8702892
0.99030447
0.8674451
0.9781146
0.8009846
0.940021
0.90829706
1.138619
0.77880716
0.88872015
1.3264084
0.6125177
1.1651663
0.80199337
0.6781554
1.1745791
0.945763
0.7147415
1.1125165
0.8152834
0.84264857
0.9353498
0.84929883
1.0195556
0.87454575
0.9776497
0.76054525
1.6602848
0.62436664
0.95186985
0.95958155
0.6462889
1.7825608
0.6252612
0.8560637
1.0127121
1.2055368
0.5886358
1.2586298
0.7340367
1.4486022
0.5979996
1.0227511
0.90614945
0.9682914
0.7745174
0.8142876
1.5089008
0.51018137
1.2141182
0.91731334
0.5538754
1.551758
0.73501277
0.79130006
0.8925587
1.1224496
0.72793514
1.4067347
0.8227779
0.7134745
1.1178238
0.82396454
0.9122844
