1.5148022
0.95505154
1.4365337
2.5119612
0.65624887
1.6926823
1.8270428
0.6181607
1.7230482
1.8296139
1.7841971
1.5539216
1.709185
1.5675062
1.1430178
1.6091251
2.089649
1.5944791
1.0962901
1.8725694
1.2151678
0.9699203
3.6765237
2.3774812
0.9380585
2.835615
1.4434764
1.843797
0.77129924
1.893039
2.0893512
2.0554435
1.0229642
1.3525293
2.8585863
0.7551834
1.9674323
2.387162
1.6294618
1.2944
1.2756152
1.8681879
2.3830018
0.8861195
1.1803975
2.825797
1.1468782
1.3607614
2.0507052
0.59749097
1.9101329
3.292989
2.5714953
0.36890194
2.6304371
3.1683593
0.588349
0.9233327
1.8385856
2.1393695
1.3650202
1.3317151
1.1797647
1.6611817
2.110009
1.570466
0.42631307
1.9340383
3.828169
1.0621252
1.3440412
1.2453964
2.1239502
1.8982174
0.50066537
1.7659626
1.6489142
1.9664633
1.6591825
0.73837507
1.6499188
1.9322436
1.6342983
1.2899168
1.2798464
1.3705424
1.1536779
1.1903975
1.3386995
1.4253578
1.574943
2.020963
1.7910593
0.4262357
5.2234397
1.8390818
0.8278002
0.85727334
1.966744
1.9927369
1.5980299
1.2155526
0.68876135
1.4217508
2.424857
1.1845464
1.2437379
3.083944
2.6157088
0.9474075
1.3718848
1.927321
1.892296
0.8009742
1.8942094
3.5691118
2.3023257
0.22947049
8.563349
0.75833535
0.88096076
2.3019109
0.96478885
3.9643047
0.09319684
8.360229
0.011361513
16.847057
2.5195568
0.012512097
8.486805
2.3408437
0.27356404
4.1601305
0.9993442
1.5284358
1.8653418
2.0265698
0.64771295
4.5007772
0.448115
5.0303874
0.40554225
1.6636357
2.3145132
0.353544
3.7938473
0.57623416
3.0211294
1.0519902
1.2987223
3.5022902
0.98829657
1.0832322
2.3089333
0.42029703
3.5165231
0.929996
0.7935339
2.5679045
1.2899747
1.5051634
0.88989925
2.7420259
1.2586513
1.7320913
0.6242504
3.8935857
1.6357164
0.6638575
2.085412
0.6397215
1.248445
1.0348852
2.6163096
0.1437299
7.303316
1.2102511
0.5168451
3.4655528
0.62420475
4.1639156
1.0183259
1.047907
1.836109
0.5689149
2.6842122
1.6619534
