0.07817582
0.11439409
0.10564502
0.098935276
0.1315987
0.12900625
0.059799533
0.5424775
0.9263546
1.1265093
0.9544411
1.0974833
0.7968571
0.9988321
0.39804322
0.19254458
0.33676866
0.353584
0.2688903
0.30915433
0.16157724
0.15491489
0.1799748
0.26176545
0.20352809
0.19245449
0.17909658
0.18953863
0.23010045
0.13800728
0.17438465
0.12181058
0.20709974
0.3420912
0.089994654
0.56519943
1.2578504
0.72497547
0.13729818
0.122195825
0.20161834
0.16226666
0.25275546
0.13701689
0.0969387
0.17211634
0.18785624
0.23054676
0.23646985
0.09291121
0.10724658
0.114091635
0.43549022
0.068285346
0.2796654
0.19568068
0.24260873
0.21619265
0.05688198
0.16064215
0.178244
0.07491994
0.28622282
0.55352205
0.16221845
0.31727302
0.15420344
0.14971597
0.081764325
0.28093544
0.09817582
0.61471486
0.5529392
0.08776002
0.16320208
0.5800331
1.3555305
0.28948757
1.0961881
2.0294054
1.6152147
0.19494088
0.36900705
0.1720533
0.46783715
0.9819206
0.9595681
0.47500002
0.07636166
0.12483681
0.23421931
0.2466007
0.2619507
0.22246695
0.1333549
0.36550772
0.121093735
0.2933371
0.29016605
0.16656126
0.3522758
0.12357942
0.19523862
0.07849833
0.2536603
0.094564974
0.16164473
0.096018985
0.07425491
0.45367342
0.47120762
0.05672406
0.29611143
0.12756872
0.15165384
0.18348856
0.16149132
0.044137634
0.2608337
0.24383311
0.16533251
0.09982602
0.14528996
0.057437763
0.23129542
0.2036681
0.17089349
0.0992018
0.3467023
0.22517586
0.10007439
0.113820694
0.2673057
0.18494888
0.063834906
0.19298618
0.12230364
0.091931015
0.09519328
0.11251849
0.11521302
0.09433783
0.08185588
0.08616754
0.11668049
0.14433897
0.11783382
0.13559137
0.26397294
0.18317918
0.10085067
0.11294005
0.10205266
0.11508324
0.17480615
0.19138598
0.16700555
0.11254509
0.25499678
0.06723691
0.1008908
0.08214946
0.1155298
0.1294966
0.1344734
0.20722851
0.10214079
0.12752795
0.22004329
0.06168917
0.12363425
0.12982301
0.2143223
0.077640906
0.16660398
0.14393632
0.21545894
0.08724874
0.11877704
0.06853331
0.114640936
0.10507767
0.1919152
0.15591644
0.042741
0.11063863
0.048799485
0.05581961
