0.06803107
0.048951153
0.08652307
0.071762756
0.11297851
0.14608845
0.17660558
0.22979029
0.11361906
0.14496449
0.10394473
0.1485576
0.17384249
0.124800995
0.09356265
0.17943957
0.09933458
0.12845974
0.097484276
0.13940036
0.11749966
0.09234701
0.10134889
0.08526854
0.057857834
0.06530544
0.13523248
0.12292356
0.117435105
0.09064406
0.12231299
0.17113513
0.056098275
0.41713327
0.39401078
0.079358935
0.23508474
0.20471321
0.08002798
0.05036752
0.0830553
0.15503004
0.21087581
0.12939799
0.14100963
0.15151307
0.20960923
0.14324698
0.07778728
0.11958312
0.10300495
0.17775789
0.16777024
0.072545215
0.13398343
0.13078424
0.10925522
0.11175716
0.06130106
0.15393442
0.16031998
0.07293953
0.10549321
0.36687207
0.70920265
0.41708928
0.0803491
0.14996155
0.07658256
0.24851659
0.11252487
0.10831936
0.16632599
0.33743545
0.08745618
0.12185329
0.20030545
0.48635218
0.041986525
0.48893625
0.103799686
0.22143225
0.1216145
0.14228776
0.137462
0.17117143
0.12386804
0.14168087
0.13531828
0.093799956
0.12467662
0.16822259
0.14463234
0.156443
0.10009472
0.13923857
0.09704489
0.062897064
0.07774748
0.23154908
0.3230349
0.073603764
0.17805248
0.11665728
0.13137344
0.07496053
0.10428387
0.07174023
0.11273517
0.133222
0.07432678
0.1280164
0.08992606
0.10210951
0.09678156
0.16625692
0.11052812
0.06664784
0.0824237
0.06181404
0.07877351
0.064838454
0.14925918
0.10044883
0.21981336
0.13826601
0.10431838
0.12172525
0.0511932
0.103830576
0.18003884
0.29084313
0.087786496
0.12989525
0.1451571
0.13321313
0.07120969
0.072969295
0.055333547
0.116149575
0.08321802
0.14565668
0.08930914
0.114943095
0.18108195
0.107727736
0.10587655
0.09636651
0.10390956
0.071492046
0.13915285
0.09872782
0.09721044
0.17402712
0.19658534
0.095464714
0.11783807
0.11073956
0.19322254
0.09710443
0.12266096
0.10452041
0.10811549
0.08011535
0.13347842
0.07968131
0.08022486
0.122075774
0.09436197
0.08312568
0.065941125
0.09020368
0.09485665
0.13105743
0.12679906
0.07045659
0.13526599
0.09718856
0.109387934
0.08117509
0.11863059
0.21018398
0.07019931
0.07836629
0.11568783
0.14257604
0.11253007
0.04376966
