2.2240849
1.4288249
4.49061
1.2509806
2.2484574
1.855052
1.5060964
1.2023513
1.7939613
2.2946157
1.5165762
2.143609
1.1912608
1.5717177
1.8540459
2.3014374
1.623978
1.4582826
1.793421
1.8483071
1.6960772
1.7177088
2.6748726
2.2290778
1.4822093
1.8617531
2.519939
0.8589083
6.0881696
1.7379342
0.66677916
3.8794265
2.3789182
2.4158092
1.6510713
1.5341445
1.915767
1.8707802
3.651937
1.7977688
0.9119477
3.2845159
2.5359025
1.8763824
2.214758
0.83029366
2.1860251
2.5495682
2.0472848
1.4863875
1.0309143
1.4204962
4.0987387
3.313522
2.075435
0.3175344
3.597907
3.428069
3.0985887
1.731985
0.9917083
1.3044922
3.531797
2.334684
2.8856044
0.8576416
1.993374
3.3808148
2.7122793
1.3760569
1.1341374
1.7152272
6.701528
2.3772728
1.0809294
3.0287828
0.7944795
1.085328
2.6501415
2.1024694
2.1761475
1.6222103
2.8352785
1.9470915
1.4310657
1.3612251
6.193589
1.2554152
0.94859135
1.8117989
2.6007829
2.7172346
2.1292615
1.0712223
1.4657588
1.6288877
2.0445578
2.006682
1.6240387
1.2625617
1.8803567
1.3096153
1.3031026
4.0027094
2.863564
1.1462932
1.2171295
5.2664213
2.3519313
1.2874031
2.4299943
1.5540538
1.6985358
1.6566375
1.0000892
1.7373204
2.7430942
2.0201716
1.9559071
1.5843675
0.9579345
4.5088825
2.7033274
1.8466352
1.7398599
2.2868927
1.7119052
1.6538252
1.857604
1.5010626
1.7726833
1.8394067
1.8407066
1.6013273
1.4382775
3.080143
2.0207524
1.3138776
1.1387112
2.4857917
2.9090328
1.771733
1.1638699
1.671025
1.4532366
2.1275315
2.0881438
1.2070065
1.397414
2.1523395
1.9231713
1.9424591
2.265306
1.1543808
1.4964964
1.5636426
3.4359498
2.7057247
1.9203577
1.279535
1.6282392
1.1436203
2.3925896
1.8554308
1.4474578
1.6845613
2.417718
2.0759625
1.899117
2.0369587
1.3035473
1.6809045
2.4375486
2.5189276
2.0167542
2.060337
1.7549078
2.4666798
1.8137031
0.6326716
1.884662
2.440554
2.164177
2.0746717
2.0798578
1.6748679
1.5286474
2.423976
