0.07374799
0.14572528
0.07127904
0.20962623
0.062445518
0.031452864
0.12792894
0.10651548
0.20820807
0.057312112
0.051194217
0.048976324
0.18230416
0.051423796
0.099926084
0.03482031
0.10900835
0.36929125
0.1558256
0.27740657
0.006114052
0.95948315
0.059754815
1.3165063
0.63610214
0.10056158
0.029993419
0.06119935
0.2956788
0.054764066
0.09602025
0.16263126
0.305373
0.3412494
0.2966888
0.041478947
0.23147209
0.053980514
0.23040296
0.02158047
0.056298163
0.09039308
0.079670474
0.061188564
0.24106959
0.26906195
0.02082216
0.70566875
0.253266
0.28483522
0.072669216
0.16667311
0.019155929
0.04164883
0.07549654
0.056520388
0.08618601
0.052984707
0.17674264
0.09134264
0.26677227
0.07518803
0.088750064
0.1431208
0.12953109
0.1660967
0.14397982
0.16347967
0.07980677
0.105335645
0.08928719
0.17276932
0.04896847
0.062204164
0.055311956
0.06270635
0.08715189
0.14448926
0.217734
0.100149095
0.12857646
0.07902768
0.0814821
0.2414479
1.002329
0.077246375
0.17185616
0.05693031
0.03934014
0.018739168
0.05678245
0.0694499
0.20499568
0.08924988
0.11470032
0.091898
0.2612248
0.06413764
0.0183698
0.048169643
0.03922779
0.06385059
0.07408216
0.04544177
0.12969084
0.10193497
0.08659363
0.11526853
0.17594005
0.1974679
0.027803216
0.05359499
0.14571968
0.11741738
0.06630565
0.03394189
0.15163606
0.049443692
0.12271985
0.08295782
0.038640678
0.061008982
0.022010244
0.036545113
0.06864864
0.031397656
0.11103327
0.058901787
0.3531287
0.44211364
0.014852554
0.023025779
0.049372703
0.10411416
0.07573311
0.09588426
0.098805726
0.049130183
0.055024765
0.12093612
0.035019007
0.058599457
0.27015883
0.045083925
0.09412807
0.05725762
0.09500303
0.047000073
0.16000462
0.026192268
0.040666446
0.03728795
0.04002831
0.06274165
0.09080693
0.06688222
0.16320546
0.123334914
0.22956759
0.09277448
0.082772315
0.07657539
0.014036891
0.060183905
0.04244878
0.07609946
0.10651155
0.2079035
0.4987949
0.35408923
0.27872458
0.040464357
0.03245278
0.5335019
0.008453774
0.73206025
0.016941808
0.21160272
0.0062954463
0.010188973
0.04433735
0.03227499
0.08245491
0.19252712
0.2607825
0.040983867
0.046797268
0.11548447
