4.94585
3.5998733
7.1146193
5.9954643
2.0495338
15.71714
12.231389
5.5725994
2.4478102
7.4340124
5.510844
3.1509242
2.1882133
6.3103886
4.1937566
3.5761695
6.302388
5.2963266
3.6547797
3.5731435
4.268137
5.1436806
2.5909011
9.200926
8.143898
4.5573225
3.4589205
6.7190084
6.0634775
3.7025375
4.1986575
5.569128
3.2712302
1.8608475
8.297152
8.621262
4.241587
3.6223445
4.0691333
4.5154376
4.8152986
3.7788558
6.2512007
4.760783
3.051457
16.455511
10.142211
4.4493866
9.245067
9.945614
7.5325174
4.596219
4.037326
9.444038
8.585262
2.8184116
14.039196
12.143425
9.498609
5.37658
8.911539
9.047995
4.9054747
9.866705
7.9605417
4.7742133
3.204559
10.35895
6.64183
3.670167
12.472155
12.237112
8.04788
5.023037
3.8053374
4.39159
5.4537835
4.962682
3.7771924
3.4771
3.0263348
5.186006
6.658074
7.514269
5.0582
3.570469
4.5178366
5.0073757
1.3767912
12.160478
12.034116
9.673857
4.8445053
4.237813
6.977904
6.7609587
3.889907
3.258182
20.994667
18.851934
11.443817
4.5911984
14.434622
14.185974
8.232353
4.237555
10.81637
7.5773025
3.5823004
9.980259
8.175791
4.8398633
3.9216647
8.913471
8.477299
5.2183266
3.0537505
10.414869
10.53944
7.767864
4.050946
8.111048
6.8362083
5.971349
8.465521
8.35025
4.236075
21.998127
18.02557
10.291177
4.1004887
18.303823
16.320904
12.043194
4.0945415
20.112902
16.803543
11.446302
5.4982076
13.0114355
12.984808
9.085249
5.438343
15.531339
9.376731
7.918523
5.4351525
4.34338
8.852194
7.109933
5.819538
4.413372
4.8126497
6.3315783
6.205233
4.66658
3.9737582
7.778181
7.4470806
6.7105427
4.1929135
6.6122556
5.492109
3.9752579
4.516271
5.006239
3.4187226
19.11764
19.265808
13.820166
8.073974
5.703712
5.45313
5.2747226
7.426898
6.16035
5.074252
5.567789
4.8436723
5.150153
6.656039
4.334981
31.132984
24.155384
14.905062
5.8998547
15.872747
14.839291
