0.10473782
0.06391281
0.029407619
0.12922141
0.06702587
0.09318799
0.06671402
0.08045088
0.083261356
0.47509986
1.1536797
0.016316403
0.03896724
0.59480083
0.17363891
0.14594974
0.040604174
0.034257524
0.047767002
0.10081369
0.25129393
0.6108393
0.0240555
0.043949597
0.0684854
0.17031664
0.04595691
0.0881584
0.09971517
0.056918085
0.7058779
1.5996834
0.04266595
0.43967536
0.13775334
0.045852963
0.07574799
0.047437392
0.090363845
0.13531852
0.19381759
0.11778644
0.086556844
0.07259433
0.17412584
0.06482713
0.07947303
0.2107258
0.1599911
0.010075193
0.053300865
0.10273238
0.057243433
0.13446996
0.07762344
0.12119387
0.08273518
0.039716113
0.11315266
0.05898357
0.104200274
0.07285663
0.06769248
0.1504394
0.068527654
0.07837679
0.06596059
0.12811455
0.22106405
0.01215213
0.097689055
0.02936807
0.09643536
0.08582712
0.06529085
0.075350046
0.113470666
0.059548255
0.07508618
0.037485577
0.1566489
0.33275262
0.29009327
0.0283435
0.010526596
0.032022584
0.029918611
0.018527383
0.107884265
0.2130138
0.13361698
0.13314703
0.6331231
2.2364025
0.061081734
0.98549265
0.20012291
0.52542657
0.15447575
0.3510096
0.04806687
0.04140812
0.39235637
0.9177836
0.25108474
0.026224349
0.037915826
0.02111139
0.2711913
0.0944079
0.06329782
0.09562446
0.12725721
0.06110752
0.061978333
0.14749146
0.13610297
0.09322723
0.07544273
0.46832663
1.1108643
0.012049694
0.36001253
0.017807899
0.276453
0.3142249
0.01421921
0.23535442
0.42653903
0.031331822
0.19693941
0.17633055
0.26868963
0.07057731
0.071645826
0.06617311
0.043330953
0.21021542
0.03145591
0.07694213
0.08384498
0.07520535
0.17638779
0.2315591
0.17926268
0.016344193
0.016267363
0.079491414
0.07012769
0.028898742
0.0683846
0.057769857
0.09191343
0.092063315
0.08584374
0.2929429
0.3379277
0.041128233
0.03127848
0.0742402
0.05031462
0.04776605
0.045535073
0.13614556
0.107558765
0.042984013
0.01744584
0.055379387
0.07686973
0.0858294
0.06333067
0.1369287
0.16712022
0.60252434
0.08802611
0.66263807
0.0061336723
0.038161468
0.96454436
1.537829
0.022713456
0.038585957
0.32757202
0.053681526
0.047182664
0.10910374
0.07567473
0.23311716
