0.031759024
0.015626058
0.022800127
0.077578895
0.09047098
0.029085383
0.038054742
0.07522906
0.053068366
0.04040944
0.020693291
0.038532726
0.017281046
0.020016091
0.02091215
0.049815834
0.08057274
0.1271088
0.038753588
0.052265257
0.055356156
0.043351028
0.062055636
0.059741817
0.05999618
0.025063563
0.035203613
0.042549375
0.20902322
0.29262868
0.010779552
0.034803815
0.057952423
0.017242474
0.031125685
0.060681604
0.03821277
0.04055756
0.050750434
0.046594296
0.082145505
0.07063311
0.11709885
0.23269668
0.06911651
0.04445701
0.018844698
0.020199433
0.03002721
0.042886723
0.019197155
0.036893528
0.0477216
0.020380821
0.134934
0.11360382
0.023629986
0.029898617
0.010323907
0.041102625
0.016504478
0.07379407
0.041829363
0.09705602
0.06309211
0.058879815
0.05517912
0.027305905
0.032231238
0.06501797
0.026662827
0.119205
0.060732014
0.021112185
0.065080896
0.037497327
0.05799865
0.02966376
0.02931229
0.042697687
0.10102481
0.032623105
0.07033571
0.1511319
0.045581244
0.06319572
0.03845414
0.028086282
0.05006238
0.011589132
0.042005792
0.014215485
0.03434801
0.11652091
0.1607455
0.0170678
0.04120878
0.035211623
0.014255318
0.019796371
0.045724783
0.060902443
0.037107497
0.023806836
0.018705167
0.09703688
0.308849
0.3400629
0.044826075
0.10253416
0.05566182
0.3266161
0.4020997
0.010694064
0.03178931
0.21074735
0.062241793
0.03713712
0.14898881
0.0400523
0.008638578
0.029052328
0.13661285
0.07085424
0.11044302
0.00870937
0.15943708
0.022113303
0.016433718
0.013019471
0.09001388
0.08349871
0.057637066
0.023553792
0.0878505
0.06561234
0.035027593
0.033917297
0.062297735
0.03343433
0.03273641
0.14323941
0.21236049
0.029526614
0.1454539
0.05839527
0.02699243
0.1164861
0.08984682
0.009070248
0.044659022
0.070907444
0.12119246
0.1053064
0.031019028
0.008141976
0.3031506
0.89307994
0.054367114
1.7153784
7.720006
0.43463537
0.6833422
0.9487502
2.0622625
1.2506634
0.7151153
0.3264762
0.12821555
0.38718975
0.082109936
0.19390494
0.09065819
0.102468506
0.38091657
0.12437175
0.06199416
0.10663511
0.39777207
1.1776997
0.13244931
1.3069108
1.8673488
0.015451541
0.165027
0.16971624
0.13554749
0.1477384
