0.026464475
0.043662537
0.014463526
0.07518593
0.13358319
0.21627669
0.06334733
0.2635449
0.7846914
0.7177056
3.0204546
4.8317213
18.396717
2.5927382
18.919579
4.3001
3.244683
4.7108936
2.6460624
2.4399407
2.3462243
2.4547336
2.6976647
1.8228455
2.2461112
2.1635098
1.8009062
2.176134
2.0478108
1.7299578
2.0958734
2.4249556
1.9412049
1.8896996
1.7473311
1.6696931
1.6690481
1.7773236
1.569083
1.8809018
1.5768006
1.5410106
1.5251544
1.7070189
1.8894672
1.9540547
1.6299014
1.5850196
1.8094044
1.5994418
1.5180243
1.4606478
1.7047997
1.7732491
1.4011801
1.7268437
1.4512265
1.6323093
2.03661
2.0663278
2.856273
1.697615
1.6978667
1.7677215
1.3016043
1.6499479
1.5497992
1.5713878
1.7491965
1.6093531
1.3743715
1.4449207
1.4988363
1.576071
1.4409986
1.2487876
1.0740882
1.3307616
1.7038164
1.9391754
2.3554504
1.3127197
1.9500006
2.1786277
1.4410834
1.5556183
1.5877414
1.3130181
0.877442
1.0907829
1.4963093
1.4095999
1.0988371
1.0094625
1.2864244
1.4319444
2.5017107
1.067388
1.0350513
0.9589988
1.1737379
1.0825851
0.71598566
1.3726454
2.4120126
3.6108596
1.2665762
1.9716921
1.2797816
1.1287374
1.192133
1.2919042
1.2692268
1.288501
0.88233066
0.7294539
0.8732697
0.73636305
1.1451671
1.4586303
1.0316843
1.7085336
1.3984144
0.4882078
0.27068248
0.4951862
2.0145612
1.5575277
1.2786549
0.69411224
0.34008664
0.6565341
0.8041755
1.3717657
1.3421588
1.662667
0.8967799
0.6501267
0.61872506
0.60811484
0.4049667
0.3230015
0.37377676
0.28880405
0.33700705
0.33261016
0.5410253
0.8948365
1.3224163
0.9114267
0.17531073
0.5185155
0.31295764
0.56192267
0.6616651
0.64794165
0.44755164
0.24149206
0.12281084
0.23113602
0.58236426
1.2624669
1.9129078
0.322082
0.26468334
0.7345643
1.2649214
1.3637716
0.34792486
0.31578302
0.25303924
0.31265235
0.68787795
1.2746693
0.24069272
0.91614366
2.4290264
2.872187
0.4664806
1.3862257
2.3124635
0.800358
0.3320989
0.347228
0.58437383
0.49930108
0.13637955
0.5472294
