0.85457736
0.9589187
0.682114
1.1142895
0.5760325
1.770231
0.64090806
0.9381844
1.221712
0.9371884
0.8438449
1.5225153
0.62048614
1.8013647
0.63020265
0.78304464
1.1692289
0.9572222
0.73382795
1.0684757
0.9891108
0.8068777
0.7361175
1.0804806
0.7124952
1.3270452
0.5206475
1.2628549
0.8995982
0.62409663
1.1202022
0.8648732
1.1128174
0.59985495
1.6078362
0.6632172
0.9512811
1.0700326
0.80416954
1.3547127
0.7484244
1.1037971
0.77070564
1.1070975
0.5447076
1.4284909
0.6874561
0.97279596
1.1326492
0.8283656
0.87344646
1.1796615
0.83596516
0.9213754
1.0879257
0.6513679
1.3378825
0.6876612
1.0782804
0.76938707
1.1530272
0.4912611
1.2437718
0.8798803
0.6297473
1.6764354
0.8734688
0.6631289
1.2864765
0.8575938
0.6795515
1.310446
0.667637
0.85453415
0.97240317
1.1636598
0.54574203
1.2993796
0.76853794
1.0711491
1.1392465
0.7203617
1.2759709
0.60443616
1.3444042
0.82659435
0.62638843
1.2605774
0.7714295
1.0005563
0.76122487
0.9912732
1.0801151
0.5731176
1.5468422
0.61705625
0.9784677
1.0554547
0.66744846
1.1812515
0.61976206
1.2788091
0.7383541
0.835848
1.1422697
0.86870795
0.5749092
1.4468362
0.7851783
0.89036894
0.8645756
0.7851124
1.2078235
0.70436317
1.2301357
0.8173747
1.1940306
0.7638078
0.80321115
1.2003279
0.9341827
0.522156
1.2861392
0.92070407
0.7093539
1.1986547
0.96024257
0.9276508
0.8927687
0.8328717
0.87320125
1.3233087
0.56605995
1.0604556
1.0028789
0.63043326
1.4720979
0.720147
1.2821665
0.7049248
1.6958683
0.5591671
1.009069
0.90313053
0.8630823
0.82772255
0.8711568
1.0697958
0.66534925
1.3123195
0.54283714
1.8977627
0.8273946
0.5715641
1.5716629
0.6975808
0.81959873
1.2426507
0.52340066
0.9191482
1.2264445
0.62648356
1.0676003
0.8874474
1.0394909
1.1140194
0.50295156
2.24262
0.58022285
0.8415791
0.9273893
0.8685004
1.0560787
0.54964644
1.4038167
0.6269101
0.8449193
1.36847
0.8051218
0.70016867
1.307734
0.7594869
0.781813
1.2392058
0.673681
0.9225682
1.2025851
0.7188701
