1.3662226
1.8426893
1.381422
0.9856354
1.5366921
0.8667773
1.2883642
2.179259
1.074593
0.85516846
2.2186174
1.7010218
1.375572
1.7404975
1.475852
0.6514262
1.474246
3.8201847
2.3304265
0.36731964
2.132885
2.7516744
2.624823
0.3920965
4.0451236
2.2443786
0.86107135
1.8058108
1.3463144
1.2818466
1.8003513
2.3115144
1.2578642
0.51665854
2.0968513
2.9468865
1.5606551
1.3133221
1.8099366
1.5901012
0.9243842
1.8821468
2.1080053
0.754069
0.79418963
3.4311385
1.5042496
0.5627907
2.9619083
0.96047014
1.4550651
1.7460922
1.4996434
0.5145625
1.4292746
1.3078554
0.7219641
1.7364564
1.0322454
1.92188
1.6398468
0.56234944
1.2629158
2.2531047
1.0888411
0.5933207
3.801766
1.9533123
0.89755213
1.1603906
1.5274296
1.8330606
1.347609
1.173101
1.0017053
1.8645746
2.6175983
1.1555619
0.56142867
3.0382946
1.5801561
0.58665645
4.036583
2.4763079
0.9432063
1.4976671
2.4717045
1.0117633
1.1711211
2.1150954
1.8159983
1.0398109
1.2641835
1.5780847
1.5596063
1.8079152
1.3626722
0.9075811
0.6942656
1.6280239
2.8263173
0.1380531
5.091609
2.4037728
0.7221991
1.040622
1.6454421
1.0377171
1.3558147
0.6935879
2.2557294
1.4918717
0.8697604
0.9666954
2.8563664
2.2815666
0.18465766
6.18001
2.6755354
1.0745051
1.2728106
2.077228
0.813289
1.670957
1.4883021
1.9178796
1.2046746
2.2449532
2.3702066
0.5801245
5.5795827
2.487128
1.1590376
0.69459355
6.3530536
1.6925881
0.5595159
1.1717969
3.7603822
2.0578988
1.0680873
1.5412856
1.7252727
1.8598924
0.8210857
1.3173592
3.0438442
0.8666627
0.772431
3.2966642
2.4455986
1.446157
0.89846945
1.6451013
1.7605138
1.0117824
1.5746167
2.5390635
1.8948739
0.2430967
2.8367271
2.6411958
0.34626782
1.505285
4.2745433
1.2138124
0.5712087
3.3462124
2.4955227
1.0097146
1.5306599
1.8824543
1.3147948
1.1543778
0.38284343
4.0780115
1.600863
1.2098985
1.460156
0.95150656
1.7414261
1.117141
1.8331549
1.0586334
1.3499045
1.4824789
1.4850924
1.8011627
