1.1760267
1.2320933
1.3305606
1.3955457
1.3518466
1.269068
1.3451315
1.430534
1.4849797
1.2277644
1.2689185
1.3413411
1.2140484
1.3739083
1.4855248
1.2770803
1.1055384
1.1546474
1.4184906
1.4494524
1.7271183
1.5359452
1.3668028
1.3839753
1.2486314
1.2841084
1.6134381
2.0169537
1.6141423
1.2667258
1.4048543
1.1791022
1.2898955
1.2691116
1.3305775
1.1986938
1.3738658
1.2057478
1.2307725
1.4152416
1.4522853
1.3108498
1.4673226
1.2642093
1.3815999
1.2874637
1.2242256
1.3156099
1.220015
1.4621643
1.385103
1.1851321
1.256945
1.4312798
1.3937073
1.08864
1.4865
1.7630191
1.9239572
1.3065925
1.2536321
1.2645311
1.1444534
1.2820871
1.3283353
1.3989706
1.3380904
1.3833754
1.1054552
1.202245
1.3542333
1.1443641
1.4155873
1.3253295
1.3978274
1.4161717
1.2660378
1.2233496
1.3044621
1.4128112
1.3586969
1.0938898
1.2639027
1.2921016
1.4257976
1.3132975
1.3177464
1.1730047
1.2989132
1.1679089
1.3352594
1.1927934
1.1542814
1.2844591
1.2752621
1.3689601
1.185096
1.3196515
1.1910452
1.6066313
2.3529847
1.375585
1.3353359
1.3820477
1.2119929
1.3790724
1.4280016
1.4522595
1.2513597
1.1994011
1.2797339
1.2594279
1.2395604
1.2138202
1.2464459
1.1872356
1.4409047
1.7876695
1.3799974
1.4169375
1.1999736
1.5399637
1.4845772
1.0492063
1.3526034
1.2732948
1.3994889
1.257153
1.3176625
1.302105
1.0934392
1.1497478
1.3825593
1.2040946
1.2400346
1.2037332
1.1403825
1.2579752
1.1913676
1.3726776
1.4200932
1.371736
1.3328459
1.176307
1.1949519
1.139084
1.2470427
1.4336379
1.1237447
1.3599958
1.4640715
1.3145761
1.4231752
1.3940712
1.2626907
1.3345973
1.23224
1.2201939
1.3139137
1.4013183
1.2386098
1.3394396
1.4688902
1.1127688
1.2284243
1.5468155
1.2940898
1.261689
1.2469902
1.1465176
1.0888414
1.0026515
1.3558633
1.1803336
1.1513976
1.4788578
1.4911768
1.4664757
1.2799237
1.381424
1.2676098
1.2824272
1.5130541
1.1836233
1.2771451
1.1995561
1.3723888
1.267891
