0.1733127
0.2303701
0.25848487
0.16885778
0.16192405
0.23055118
0.157447
0.24605688
0.40457568
0.18694511
0.25747502
0.20797858
0.17756015
0.19898102
0.21522981
0.23363969
0.24426395
0.32051945
0.25393692
0.3725002
0.41183573
0.21201807
0.103009924
0.5378587
0.6313145
0.21785267
0.26526654
0.31778136
0.32057154
0.20476729
0.2434956
0.25033644
0.23048732
0.30708164
0.3719054
0.19272186
0.18634324
0.1207031
0.19595747
0.15650573
0.19095758
0.17350438
0.22330588
0.31950152
0.2026622
0.40307486
0.2410549
0.30136997
0.43421203
0.32872203
0.20027289
0.13136984
0.10416489
0.2856662
0.2238585
0.14303067
0.26182023
0.32116178
0.2061601
0.15275507
0.15151848
0.24054922
0.31717563
0.1993665
0.21433844
0.2946715
0.4343896
0.26233476
0.23918097
0.102090836
0.1595797
0.24745491
0.1750147
0.15731855
0.21948883
0.23136777
0.1995345
0.24753474
0.24148908
0.34465566
0.23957554
0.24377066
0.4868908
0.2427269
0.24896587
0.26834002
0.22368944
0.32065472
0.16495755
0.2440338
0.21593013
0.1800017
0.12661289
0.19135305
0.12623411
0.28557658
0.20471689
0.33005124
0.2427345
0.14367372
0.22330481
0.95484024
0.9196728
0.28441653
0.19747424
0.26451623
0.21304998
0.19524416
0.25864646
0.35493237
0.3091665
0.16134343
0.20932034
0.18680668
0.25157908
0.13004193
0.47375694
0.84084904
0.27365994
0.29600754
0.2452402
0.22658679
0.3301606
0.25184706
0.21337268
0.105624765
0.17783019
0.2582348
0.11227823
0.38021404
0.7136992
0.34372678
0.16924718
0.22487539
0.81356907
0.53595716
0.20041272
0.33275622
0.3546529
0.15120898
0.26729354
0.25899303
0.16664955
0.080036536
0.2485504
0.2745501
0.2931257
0.40387067
0.19448856
0.3136742
0.12649438
0.19120464
0.15469185
0.19297664
0.14185049
0.2492868
0.20444566
0.21352258
0.1575397
0.4410997
0.39362675
0.12747544
0.52584565
0.29358646
0.36236024
0.45215613
0.24921465
0.4031105
0.13168485
0.27410367
0.2183105
0.16670476
0.18770663
0.15459841
0.37027177
0.5595772
0.26870525
0.17034215
0.22784314
0.22394723
0.3181916
0.23364839
0.19755031
0.20445174
0.30270344
0.20309651
0.2143277
0.07517146
