1.4833311
1.5941263
1.2385625
3.0329263
0.86013216
0.9647388
3.2513733
1.5860894
1.1869433
1.9230293
0.91094494
3.0226262
2.5351543
0.926975
0.8696455
2.3857298
1.6277168
1.2473599
1.1289496
1.7833214
2.0210302
0.1957058
8.773666
1.2189335
0.7840775
1.0122045
5.4836235
0.7608363
1.0609069
1.766309
1.642087
1.6910889
1.3276327
1.2797897
1.382853
1.2703907
1.9552668
2.1174805
0.97305983
1.2330238
2.9860005
0.7686636
0.8543215
2.065352
0.71547496
1.3215699
1.3303925
1.4483817
1.9448755
1.7106268
1.5729426
1.3346057
1.2432593
1.050817
2.065989
1.8323572
1.7174516
0.8097466
0.7829052
2.11554
2.029972
1.9776075
0.7173807
0.71564376
4.405725
3.2065108
0.23114175
7.8103957
1.1378939
1.1112119
1.5637306
2.043467
1.3824908
1.9186883
1.9722531
0.55657214
2.1954489
3.0559487
1.4678259
0.4618929
2.2864685
1.7481017
1.7070003
1.4159992
1.559657
1.2654407
1.6971835
1.3814361
1.5469575
2.0135152
1.0566198
1.939475
1.9958014
1.4673147
1.3323815
2.4658608
2.087688
1.0848305
0.69334525
2.673831
1.5646807
0.9871344
1.6025031
1.5970651
0.9089891
2.626287
2.1458158
0.5928621
1.6531557
3.5789435
2.4640117
0.43677148
4.340826
2.132965
0.7696917
2.335884
2.527391
1.8018672
1.5678487
1.4726944
2.3198304
2.4470396
1.2242166
1.4241016
1.8778942
0.77965784
1.9180496
2.5427895
2.4559238
1.1614212
0.8911395
2.9610093
2.210614
1.602552
0.46406794
5.467846
3.758873
0.34148505
1.1151407
4.3005214
2.744563
1.0646787
1.4833881
2.0206409
1.0110197
1.4054568
2.2573743
1.1406175
0.84144336
2.113953
2.4933717
2.1642406
1.5512183
1.4475777
1.5703411
1.8303509
1.804986
1.6089922
1.2969166
0.7727158
2.1345456
1.4175603
1.3973551
1.8547812
2.1115172
0.7792207
1.6945257
1.8140485
1.2405336
0.99779546
2.3279438
1.5947995
0.7051284
1.422427
1.8706329
2.0685606
1.2784163
1.4472859
1.5006781
1.2107363
0.98103464
2.395272
1.8123276
1.9612269
0.84016055
1.0849638
1.5632312
1.6536089
