8.859964
0.0015274315
4.1264267
5.6737366
0.113337375
6.0583797
2.5816207
10.605257
3.052034
12.532904
6.038582
5.0856514
12.802334
2.273108
11.363265
6.457298
0.13742909
11.424675
6.095307
0.67961717
10.489188
9.28294
3.9443762
5.736972
3.2753985
10.558351
3.1747656
5.4486184
2.9196277
8.445065
2.4777968
8.858488
3.6863635
5.764949
2.6294172
7.3520164
4.690418
1.8895442
5.581259
2.6465852
2.1956716
3.5897233
2.109023
4.120016
3.1382277
2.0429444
4.2834816
2.3678408
4.365864
3.442997
3.6926687
3.8194623
3.371005
3.8948112
3.8412094
3.9099452
5.666873
5.896984
2.5274768
6.4785404
4.825692
2.6519814
3.4945545
3.421062
3.2824407
3.297845
3.76988
3.1735153
3.537425
2.3076797
4.936841
2.0096726
6.642058
5.292999
2.6975074
3.7163427
4.0105367
2.632556
3.6732137
4.2609167
3.9258976
2.7313862
3.5234294
3.5227613
4.094225
4.29214
3.5524337
6.0631337
3.6000652
5.9595404
4.122628
2.4778621
4.410704
2.846802
3.8439696
2.5631614
2.7562733
2.468419
1.4774437
1.0026491
1.4847636
1.1060611
1.4897184
1.166889
1.7769697
1.5668638
1.8499801
2.1725554
2.0188975
1.919984
1.9722593
1.2469168
2.5427988
1.242013
2.5034733
1.4653862
2.4776661
1.6521921
1.9934672
1.6196972
2.1622071
1.4380153
1.5626372
2.2318788
1.6089685
1.9124254
1.4345894
1.433869
1.8324242
1.5448967
1.416841
1.9213924
1.3042009
1.7315942
1.1452682
1.7649131
1.2077775
1.1448214
1.5528688
1.1513486
1.3956562
1.5623246
1.6162571
1.1735511
1.7709935
1.3428671
1.4361067
1.2814271
1.3372548
1.1502872
2.2814875
1.2557201
1.4498886
1.5262288
1.0962683
1.6560583
1.1024976
1.3132174
1.742485
1.1974227
1.2355585
1.0719259
2.0371675
1.1126199
1.2886157
1.567483
1.327287
1.5751421
1.2785912
1.2889041
1.2776146
1.2702355
1.2040198
1.2917517
1.3179395
1.2179492
1.5806482
1.3374581
1.0269431
1.6828908
1.2726058
1.2079635
1.4822204
1.5200751
1.3079445
1.9636303
1.4450282
1.4635115
