0.15319555
0.04263921
0.07117815
0.043215565
0.068798505
0.13260424
0.019998845
0.028247163
0.038372084
0.03993784
0.09228432
0.040792584
0.10282207
0.042691134
0.12172278
0.020785796
0.2062107
0.097286895
0.05086457
0.10628843
0.08808788
0.046559118
0.055224936
0.03355112
0.040094964
0.05190421
0.042734534
0.048764575
0.049049452
0.0888117
0.061282
0.052909296
0.031318296
0.022794247
0.17228138
0.115167595
0.10675262
0.022815093
0.14182825
0.032745663
0.03782824
0.15224716
0.036980554
0.032419518
0.052043036
0.027318312
0.037418082
0.08118639
0.051903456
0.03624567
0.031993285
0.037124373
0.082271926
0.052428637
0.07739944
0.12061748
0.055375304
0.06482142
0.039637472
0.042798564
0.04054587
0.03224098
0.12982443
0.078227215
0.070093915
0.059574645
0.06713995
0.0550068
0.05711695
0.06767486
0.042101383
0.03171396
0.048057985
0.04934103
0.041831236
0.03208744
0.06729688
0.0681795
0.07128543
0.05959999
0.058182992
0.073731884
0.045610808
0.047860995
0.076357745
0.0335731
0.035770092
0.122955754
0.050592393
0.04234135
0.05133843
0.07068811
0.05564513
0.027643336
0.018901762
0.05196812
0.044458658
0.052337285
0.035429522
0.06147291
0.08168008
0.043190155
0.10861258
0.046188027
0.02675105
0.035622053
0.035716392
0.05609406
0.08109793
0.040013492
0.045130353
0.05620821
0.024683312
0.07059148
0.06425142
0.057445608
0.071855925
0.06148798
0.052777313
0.023484966
0.05044198
0.07963163
0.14294451
0.08039914
0.07476727
0.024265777
0.04764867
0.024456399
0.03957656
0.058350187
0.04589021
0.060690984
0.05707997
0.048576113
0.05470191
0.056997046
0.05555759
0.03203857
0.049998533
0.028058521
0.04199404
0.040379003
0.07989463
0.048984706
0.13376342
0.0579324
0.09089029
0.027658416
0.036119744
0.033187404
0.030380985
0.022798594
0.054374814
0.05280105
0.04089527
0.066614166
0.11621813
0.05169866
0.037405472
0.035777815
0.028091317
0.064874
0.06836671
0.043589372
0.062025234
0.07314252
0.0759305
0.050923802
0.032442786
0.06604307
0.06420048
0.029544637
0.03619552
0.035529315
0.046913005
0.122024685
0.018780643
0.05201863
0.033470124
0.043190006
0.08999072
0.037346613
0.044782817
0.033758774
0.081986085
0.041024394
0.015805054
0.04657457
