1.7907444
0.7665068
1.0799978
2.1989965
1.1466918
1.8342814
0.585951
3.2349873
1.3903034
0.77854216
1.9635949
1.6429503
1.5506759
1.3198333
1.0502284
1.877845
0.6553669
1.7850707
2.3764896
0.4983266
1.2329823
5.9399757
1.5247076
0.7367035
2.071383
1.596632
1.8170104
0.88549507
1.7804859
1.1336107
2.6594124
1.3035959
1.1497979
1.5984735
0.73997533
1.2607363
2.795833
0.9782424
1.2460722
2.0801067
1.784178
2.0842855
0.76888424
2.1986008
1.4176755
0.8094703
2.723749
1.9490404
0.6658846
1.8975891
2.124083
1.9709587
0.085823834
8.73974
0.7864902
2.4499311
1.58377
0.3458997
3.4720445
2.7010708
0.5820657
4.1457915
1.0350809
1.1095454
2.078699
1.0136707
0.8463995
1.4293591
2.1284277
0.8226389
0.7223448
2.7380962
1.1950814
0.97966266
1.277729
0.9650755
3.0491908
1.5148803
0.89822114
1.3411025
1.5737383
1.4870416
0.37841862
7.296155
0.5534528
0.5002231
5.4064527
0.75698394
2.079196
1.5639288
2.1008613
1.415712
0.6710274
4.698929
0.9433062
1.1182734
2.2195482
1.1952131
1.2660592
1.6499017
0.9562812
2.0646086
1.1926522
1.7309917
2.0906782
0.4354713
1.7138889
4.087792
0.36918104
5.463067
2.020628
0.7362676
1.4518932
2.514165
1.5231049
1.01647
0.95178694
1.617111
2.1442914
1.4640335
1.0079311
3.0271428
2.1963975
0.81277984
1.2449799
1.4548529
1.6793351
1.2490504
2.9333386
2.3950918
1.486217
2.2623298
1.3719778
1.5223492
0.95354164
5.609538
2.6395018
0.047811694
13.791263
1.3016522
0.9875231
6.753025
0.15712309
17.60103
0.5078139
6.310322
0.074239075
10.076274
1.4165905
0.37371838
11.500303
3.4847996
0.027074542
7.5927453
1.316325
0.96432066
1.633004
0.9035275
0.9969185
1.5304096
1.4345847
1.2736783
0.85698307
1.7287414
1.049298
2.5252542
0.20247921
4.773629
1.1578723
0.8360636
1.895849
1.694209
0.8517393
1.7593212
1.0508437
1.0422355
1.631428
0.95369315
0.98343706
0.9667959
3.5461688
0.3816661
1.9308282
0.9155209
2.7018676
1.1503578
1.4848647
1.5036461
