1.8743368
0.99632436
2.521789
1.9100156
1.2797459
1.2175894
1.7701217
1.4033827
0.88892496
1.4958849
2.6171317
1.8372535
0.37156975
2.2598424
2.5698626
1.715519
1.8493903
1.0551922
1.989041
1.463011
1.953577
1.5397732
2.0282087
1.4362869
1.5559218
2.017048
2.6660228
0.83065295
2.9342308
1.9719175
0.6584486
1.6441061
2.0223403
2.9697583
2.3700376
0.8665898
1.3449918
2.490479
1.5346284
1.8662606
1.4111838
1.9340818
2.0630894
1.9721974
0.99622786
2.5087302
2.0121517
0.891731
1.7421522
2.213012
1.1349244
1.2495509
3.9209766
3.3900733
1.4129528
0.6867261
3.1509004
2.2054615
2.078918
0.93139637
1.4712579
2.1759472
1.9973047
1.671735
1.6280146
1.4621463
1.4135282
1.4015635
1.5688268
1.4808292
1.1992623
2.0935314
2.7187064
2.5775387
1.5229033
1.456127
1.6242055
2.0119884
2.12104
1.6559142
1.8416997
2.0068183
2.0183432
1.7353802
2.3070838
2.2239017
2.0853195
1.888455
1.4738553
1.5616981
2.240175
2.6232913
2.423171
1.38013
1.0325377
3.2889447
2.186493
1.709937
1.3466763
1.752838
1.6896231
1.5578442
1.594656
2.502503
1.604414
1.0040367
2.2306924
1.985681
1.5869918
1.4480366
1.7369847
1.536716
1.6101274
1.9252613
1.1701224
1.8340013
2.271984
1.9706402
1.2422225
1.4836236
2.3710093
3.1700275
2.4390845
1.6944368
3.6904864
1.1391063
0.88353485
2.1113122
2.2386534
1.8417921
1.1024797
1.5579853
2.239734
1.0044762
0.55265
3.9723027
3.1757073
1.1001035
0.97487706
3.3611379
2.127605
2.1066852
1.7352638
1.863594
1.5542717
1.4362223
1.8600643
1.7958746
1.1479046
2.119633
4.8204126
4.196677
0.9700836
1.9904686
1.3037413
1.786173
2.1730742
2.399819
1.9142579
1.5865083
0.86364794
1.5843744
1.5478318
1.8218415
1.509119
2.401901
1.9730811
1.8429774
1.4192373
1.9122292
1.7724972
2.4993806
1.9202487
1.291997
1.7662896
1.9697269
1.7600262
2.1151686
0.96914095
1.1788428
1.5188897
1.8362783
1.995723
2.4607477
1.760562
1.5475461
1.3373961
1.7246854
