2.7398732
3.6004674
4.7207565
4.1927605
5.206355
1.5548401
4.3238754
5.576869
6.914484
4.4767857
2.93832
6.4349904
6.890411
5.765448
1.9919827
5.086416
5.8970203
4.6812196
3.2529857
2.6153526
7.234875
7.1435375
7.1667933
3.995148
2.739355
2.775292
5.201664
5.2684603
5.6764727
3.5259192
2.298962
3.7586336
4.773243
4.8287516
2.7348619
2.772593
3.7908216
4.687684
4.2553825
3.452199
1.4126171
5.0011463
5.298751
5.2034373
3.657909
3.021891
4.1273646
4.241543
3.883111
3.651743
2.364815
12.631533
3.9238958
1.9678779
7.1308575
9.178105
6.479768
3.6411219
5.0230684
4.6585207
3.825632
3.304192
2.1915388
9.187468
10.095904
7.363698
1.4862807
0.76565754
22.193184
20.629562
5.3008957
1.259357
13.39428
7.615367
4.296341
4.2952
4.2056856
4.594678
3.2061255
3.0065687
3.4500227
4.725183
4.2734804
2.9423323
3.559751
3.9747539
3.52569
3.7499585
2.7533894
3.848806
3.3596256
3.307963
2.676144
3.0171857
4.006882
3.7828822
3.4332569
2.6621323
4.647358
3.7584968
3.125912
3.5980356
3.2257261
5.195212
5.4504986
4.6523204
3.1446729
3.4013438
3.1732476
3.1933627
3.678249
4.2541294
4.205825
4.0392685
1.0105841
11.362625
9.885504
7.6672792
5.1299677
3.7451305
2.9186013
5.0873585
5.133088
3.1042693
1.8075168
17.089684
5.711761
2.0365064
8.815092
7.565605
4.524086
3.7731853
2.8273659
1.9974046
7.93825
4.4522686
2.3924046
3.430395
3.6564307
2.602288
2.9305084
3.0551457
1.504134
4.053834
4.2808127
4.645277
2.3734756
4.046015
3.9380665
2.0120547
5.9161234
5.8286276
5.084141
3.1978617
2.3082924
8.530426
8.376894
5.0574636
2.9391353
4.992845
5.009701
4.6052704
4.851379
3.8207562
3.2393513
5.1492314
4.9379807
3.1583967
2.8433704
12.539345
12.206471
2.99361
0.6587987
6.6807346
5.780281
5.4669843
4.0860653
3.5979342
2.4900987
2.1344922
10.867333
7.338402
5.4652843
2.839109
4.06325
4.942344
4.4976406
5.8296556
