1.1735953
1.6882247
1.4433658
0.888682
1.3374405
0.7848826
4.4344616
1.7798269
1.3292153
4.2854576
2.9374352
1.7617722
0.8188075
2.3013878
2.3009896
2.4641025
1.0590174
1.7236917
2.3265295
1.8319159
2.0474527
0.8797946
3.4451752
2.3719723
1.5059673
0.6875859
3.2754319
2.789403
1.0677593
0.8590548
2.1112578
2.0903187
1.9138048
1.6908022
1.4037746
1.5217699
1.8485441
1.8162336
1.3140326
1.5789152
1.4238232
1.79105
1.4471241
1.6548092
2.0546618
1.9207644
1.7502334
1.0430984
1.7316821
1.8648992
2.2432394
0.5551323
6.544947
3.815301
2.9317667
1.719376
1.7892711
1.7354488
1.4265084
2.0438035
2.2602434
1.4765726
1.2130427
1.2800525
1.6329362
1.3776741
1.8063709
1.3570375
1.3173295
1.7476923
2.0646799
2.5349455
1.2677875
0.6134504
2.4058137
1.8879534
1.6250479
1.1344829
2.2994556
2.464788
1.6274371
1.576098
3.0227408
1.7800524
1.5445478
1.3670202
1.2226205
1.1577652
1.6869047
2.602121
1.2998874
2.025629
2.8848786
2.8030994
1.8792869
0.9642046
1.9989396
2.5183406
2.3748264
1.9121666
1.2354822
1.7097409
1.3565176
4.1278243
4.565753
1.9347463
1.4460378
2.3533468
2.9498148
2.0313315
1.6937964
2.4590654
1.161017
1.2369587
1.1388992
4.024516
1.6999366
1.3799713
2.4182763
2.360934
2.633203
2.0862288
1.0586586
2.8098366
3.018928
2.6978493
0.99606
0.87658346
2.0172093
2.3813477
2.108204
1.8755372
1.9110487
1.9253008
1.3946368
1.7159926
1.4461361
2.1022425
2.0914
1.4319253
1.705445
1.79048
1.7366126
1.9282568
1.5848947
1.4024012
1.6822083
1.9275787
1.1389272
2.4650946
2.7215755
2.79141
1.6204212
1.4763784
2.162826
2.2428865
2.0691078
1.830316
2.7005358
2.5461745
2.6678376
0.8611268
1.3639144
3.7611372
3.5986583
2.1770537
1.5226161
2.4372368
2.9990935
2.5437531
3.1707954
1.7294433
2.8685877
2.9689682
1.557539
1.6120249
2.3825293
3.2842708
0.43099248
0.94080126
2.8814054
3.0891552
2.1203866
1.1703513
5.486352
2.9873047
0.8914257
1.4495529
