6.582412
6.076591
5.1834183
4.194687
9.900263
6.5766296
3.4286933
10.144445
7.8760324
2.8974
2.8356435
8.276709
6.7269225
4.377429
2.7427578
3.7217836
14.580605
6.4888916
1.998416
13.381494
12.963562
6.48212
2.1946087
12.581404
10.044761
6.467931
3.0209417
8.742262
5.9404774
2.7343059
5.51952
5.014329
3.5143785
3.8934655
9.431774
7.194955
3.399899
11.673048
8.160429
3.4141932
4.5591493
7.4585967
3.885148
18.66331
8.20844
1.2016408
25.487282
11.990846
3.096106
14.759562
2.6408792
11.157473
4.238891
1.883915
16.321136
0.7692817
15.316498
9.162662
3.984017
8.4630375
4.160351
7.681735
4.300212
4.5561934
11.189543
4.8412714
3.7172914
8.820213
1.7082999
4.6190405
6.930835
2.9394598
3.8011968
6.5507307
5.262277
2.8833306
6.719184
3.325453
3.5291824
2.6681342
2.517952
8.760355
2.3728848
1.2484736
9.206717
7.658978
1.7411392
3.7256927
3.4489496
2.867606
3.8602533
1.868686
3.6505795
2.0703382
2.5353065
2.6112506
3.3071694
2.1722937
2.6467257
2.47441
4.16883
3.634276
2.0957975
3.416244
2.1224685
3.4935384
3.3406763
1.7566702
4.7235737
1.7344062
1.1170397
6.7116184
1.9307836
1.437685
7.9294324
1.1791732
1.1918428
7.569441
4.9296665
0.17993182
9.629555
5.7668223
1.2012484
2.0074325
2.5001278
5.1924667
5.6732826
0.58001375
1.586283
7.4400463
3.6607814
1.4178948
1.9818919
3.4418044
3.2231884
2.9004154
1.0533664
2.611846
2.4284365
1.4275746
2.5487027
2.5828538
3.0234628
1.2158298
1.6263881
2.391312
1.8533612
1.6526704
1.6576557
1.4918175
2.384489
5.6501627
2.121756
0.7617615
7.475983
3.013206
1.7179667
1.4155838
2.2413616
1.8689057
1.8447965
1.0710772
1.8807106
1.4287264
1.7559192
2.6458368
1.0913177
0.8329864
1.7287936
3.0419152
1.3359165
1.0311686
4.6091347
2.2604628
1.9542191
1.5699968
4.747267
1.7049751
1.5692637
5.4866276
1.9590629
1.5175753
1.4977297
1.449914
5.0170755
2.294369
0.8108783
3.1743097
