4.7461786
3.5391521
2.4469469
3.2907586
3.1047418
2.892192
3.3890872
2.1849046
4.3442936
4.756131
2.9949632
2.211854
4.4564514
3.7137275
1.3157861
9.073318
6.412119
4.0592155
2.9817915
10.483629
9.825442
6.609054
3.9833345
2.8847513
5.926691
5.3466115
5.7702956
4.8253126
3.0794559
2.8472064
4.4467993
4.3557973
4.425605
2.5577245
2.3045242
8.473736
8.13552
4.818791
3.5834193
2.7469168
3.1414955
3.7192657
3.5854328
4.3221974
1.8073629
5.527842
4.2196836
2.7717853
3.9578714
3.4670935
3.2862802
6.184805
3.0197978
0.9853966
5.822159
5.6653376
5.3237762
5.4151554
2.9712806
2.7159035
3.0553484
5.2222776
3.3051307
2.8487105
3.0522053
2.8151765
2.5543752
2.6345692
4.48359
4.4422884
3.8945973
3.2443142
3.1705217
4.5387087
3.332137
2.7577004
3.0158114
3.4238331
4.038001
3.2678468
3.071301
3.364475
2.3674278
4.5494657
5.228162
4.540247
4.0240235
3.1527877
2.8203328
2.5456934
3.7066004
6.328535
4.207589
3.7475724
4.2413354
3.674931
4.059617
4.0677176
3.3543673
3.4530783
5.114772
4.9953876
4.14248
2.148645
6.4849195
5.707134
4.1503086
4.2875404
2.886857
6.1891737
5.33932
2.9366317
4.846972
5.0264187
4.8543615
4.4664884
2.931608
7.282921
5.113058
8.488985
5.6044617
3.778781
5.716655
5.688516
5.0207434
3.9163263
3.7135923
4.800083
4.7401085
4.009895
3.2233884
3.9452596
8.008507
5.0719767
4.9915247
4.596976
3.7748528
5.3969097
4.9701753
3.853173
3.449397
3.5586429
10.042763
8.473767
3.99271
3.6527088
5.769059
5.6393332
5.026087
4.630521
4.769417
4.0519314
6.2717276
5.2182913
3.3660712
3.9582884
5.811185
5.7063875
3.2962577
3.6994598
4.239741
5.6571293
5.305834
4.6272388
4.459342
2.6901898
3.531684
5.757218
5.84824
5.4105954
3.3841152
2.1290803
3.3394399
28.499592
14.126964
8.262295
3.1702263
18.18348
12.26218
5.4825487
4.466198
1.9567626
10.843717
9.153448
3.9172838
2.8266406
9.056686
9.352528
