2.3841848
1.896671
2.6092525
1.8095355
1.2881457
1.4435182
3.227372
2.5848315
2.7758045
1.6536433
1.7184114
2.2269528
1.9301362
1.998687
2.8279338
1.7454889
1.2555486
1.5622098
2.070223
1.180399
1.73728
2.0732484
2.0861287
1.7051859
1.8844438
2.2289312
1.6926546
1.7423192
1.4569935
2.0233152
1.8330357
2.1043696
1.8601562
1.6210134
3.837897
2.900586
2.2507596
2.0659971
1.9746392
2.3593044
1.9864119
1.541358
1.9764941
1.7201004
1.7123848
1.7034111
3.992914
0.7945551
1.071921
5.0636997
2.5616398
1.5651598
1.8380048
3.595725
3.2237127
2.740282
3.200914
1.8403078
1.4418222
1.9337505
2.9823103
2.1223006
1.1884667
2.2864995
2.212616
1.5228524
1.3494527
2.084415
1.7561435
1.9754933
1.9118495
1.5492934
1.6572315
1.8151566
2.3335829
2.3805017
1.3280084
1.2133572
1.6724458
2.2104194
2.6824217
0.7284122
3.2988346
3.1621528
0.53763217
1.6719732
1.8659048
2.172782
1.641007
2.4438462
1.5746539
3.5020115
2.42786
2.1792812
2.3007367
2.421577
1.9499408
2.3058329
2.541809
2.334851
1.7427974
1.4863901
1.9223042
1.8747479
2.0925653
2.3254395
1.6374233
1.4711602
2.0757802
2.0220518
2.452948
1.2783611
1.1330059
2.250598
2.1293726
1.3411376
1.724963
2.399088
2.6062274
2.561317
1.5208731
1.732348
1.745011
3.791719
1.8484674
2.0198236
0.9593433
1.8301451
1.919329
3.4794917
2.1514559
1.2130449
1.4233055
3.0589695
2.8729076
1.7685088
1.8503065
3.3388834
3.297586
0.9126252
0.93122333
5.23672
3.8720725
3.0862815
1.9968805
1.9231689
1.895119
1.6336598
1.7679658
1.361906
4.064207
4.1321406
1.5248842
1.1963896
2.1202092
2.6883345
2.9620543
2.4584398
2.487533
1.4389143
1.4311428
0.80738854
3.4212024
2.6683729
2.732539
1.6355773
3.1857097
1.8803663
2.0811892
1.703187
0.67662454
2.1511083
2.7522526
2.819193
1.4436822
1.7383627
1.9359074
2.2278655
2.5621963
2.056526
1.5563931
1.2944682
1.7757503
2.1906784
2.0260727
2.1697044
1.2070167
1.0582734
