1.6374547
1.803412
1.688093
1.605139
1.7369192
1.6388531
1.6373893
1.7023681
1.723299
1.6818767
1.5648713
1.6675749
1.6878403
1.6197785
1.6466824
1.6682392
1.7345407
1.8525741
2.0410752
2.1513388
1.7470613
1.5769248
1.6962122
1.745626
1.7531326
1.7777777
1.667017
1.6578903
1.6653752
1.6495342
1.7440736
1.6518577
1.6287675
1.6369736
1.7334077
1.6522135
1.833346
1.5546571
1.637597
1.6594158
1.6082344
1.615857
1.6390219
1.8085523
1.7213683
1.7293746
1.7665505
1.8234619
1.6719134
1.4852339
1.564772
1.6395066
1.6776972
1.5649214
1.7263987
1.6040637
1.6342812
1.7178934
1.8718445
1.8670323
1.7093546
1.6837244
1.7579839
1.6793745
1.8506701
1.6992267
1.5981201
1.7164564
1.6108414
1.5915539
1.7734113
1.743162
1.5815877
1.5378653
1.6274289
1.5216167
1.584725
1.7496616
1.9236677
1.9742128
2.0981045
1.7623711
1.6032276
1.740122
1.630705
1.6639199
1.6634425
1.6143315
1.7448132
1.6303191
1.6308042
1.6295631
1.6181722
1.7644293
1.68841
1.5907395
1.6092592
1.6655676
1.6148956
1.6853085
1.9901177
2.1206744
2.1679184
1.7393582
1.8015479
1.6214217
1.6800965
1.7625393
1.4597116
1.7437984
1.596118
1.5873216
1.6660929
1.6800208
1.7760334
1.736096
1.764251
1.6758976
1.6239927
1.7689159
1.7713399
1.8223566
1.9070637
1.6216218
1.7912896
1.7084736
1.6271833
1.7805955
1.7475741
1.6663942
1.5273845
1.6023288
1.6096264
1.5094401
1.6467966
1.8267716
1.7051148
1.699432
1.7170057
1.663767
1.7050459
1.677697
1.717571
1.694947
1.6215111
1.6725202
1.5906156
1.5578389
1.6614143
1.5908549
1.5876305
1.6357365
1.829253
1.7551054
1.6667168
1.6620762
1.8117332
2.002236
1.7726429
1.5698464
1.5767069
1.660274
1.784438
1.6261503
1.7551849
1.8657492
1.6677434
1.7050815
1.5696232
1.7252581
1.6884531
1.738464
1.8781706
1.7263615
1.7042711
1.6098806
1.721406
1.7192833
1.6426868
1.5588999
1.5422616
1.6573219
1.7428083
1.6264597
1.5787947
1.7292492
1.6524231
1.5833893
