0.45202005
0.7274094
0.68424124
0.62000775
0.83022404
0.6320556
0.68852013
0.7182556
0.5624474
0.9777786
1.1169991
0.7063563
0.6907732
0.9756482
0.7791214
0.8408274
1.3329773
1.6365048
0.68188
0.97388446
0.78794956
0.73693335
0.9122821
1.0805043
1.0579863
0.81845975
0.7604559
0.7644692
0.8486953
1.0175608
0.8916336
0.7333232
0.7451029
0.72548693
1.0613512
1.0868818
0.6849076
0.86258996
0.82646453
0.8257011
0.77909756
0.9516845
1.3783664
0.8075408
1.0835054
1.0393586
0.81031096
0.9768007
0.8257128
0.6313093
0.7276792
0.8087162
1.1111622
0.89190805
0.64854527
0.7427657
0.9221419
0.9235507
0.5807586
0.6757116
0.58518124
0.7309679
0.65199715
0.802626
0.73833615
0.9186441
0.6500071
0.80658126
1.2839609
0.9256717
0.542711
1.1050665
0.7746244
0.7446303
0.88404405
0.5298913
0.8707988
0.86159444
0.7492298
0.64291584
0.87017846
1.3640915
0.9344016
0.65892017
0.79104304
0.8607509
0.53108186
0.75274277
0.8902371
0.6448736
0.6337806
0.6767033
0.7109435
0.6973237
0.90968436
0.9559175
0.74300575
0.96735406
0.81137633
0.68142664
0.9365932
0.6438415
0.93172544
0.95572597
0.60349846
0.84959984
1.0840002
0.8230696
0.7605278
0.9007653
0.7665478
0.74837124
1.2612572
1.2576236
0.8470525
1.297168
1.238908
0.62539315
0.84974736
1.1618645
0.91451997
0.69069654
0.8378236
0.8812594
1.7375547
1.7920223
0.5835909
1.1835706
0.52878493
0.7612777
0.92738247
1.3479786
0.7771771
0.8609402
0.88549876
0.59511214
0.7557156
0.71704656
1.0690322
0.77687633
0.80185634
0.7962814
0.83768165
0.81961334
1.1061138
0.86567414
0.64625645
0.992773
1.0303125
0.5974569
0.6873028
1.0526261
1.0177028
0.5876051
0.8999895
0.91718596
0.68601596
0.84636843
0.61044604
0.58891004
0.5118467
0.7976436
0.76589346
0.7216495
0.7070893
0.88764787
0.62710446
0.88268536
0.8111893
0.99983704
1.4298521
0.63532245
1.0768495
0.6736877
0.9046216
1.5772069
1.1466146
0.5449804
0.723908
0.9162335
0.7247399
0.67409897
0.8141464
0.7555907
0.654796
0.79507744
0.72819364
0.5348159
