7.657609
3.1961799
13.653727
9.527853
8.001127
6.254678
7.4042253
5.9118752
7.592935
3.5689359
2.765521
23.208984
17.241932
11.183479
3.0515475
11.613428
9.9932165
7.972386
5.6321964
4.883608
3.6096623
4.293189
6.592881
4.8031044
3.9831343
7.8091927
7.5688295
4.1226377
4.3691025
5.802666
4.7935877
4.0330253
4.9984694
5.154227
4.4285913
5.0078363
5.12321
4.194298
5.9718537
4.0401073
4.9655
3.7889662
5.195326
3.9354568
5.2026486
5.749692
4.6889873
4.3104954
4.888665
4.3542843
8.965115
8.868544
6.125827
3.1885362
10.340961
10.241514
7.7539134
4.2078247
4.5783396
4.1770897
7.7054935
7.54288
3.5803692
4.587094
6.8464246
6.836178
4.5485373
3.3788123
8.793104
8.84252
4.279272
7.1155305
5.7117004
3.5973148
10.072853
7.1987233
3.781107
7.61464
7.316741
6.1368866
3.9959607
6.9453526
6.137041
5.4241533
4.651179
5.987257
5.5519624
4.497369
4.5373735
4.2616034
17.361868
17.806322
13.56534
7.965296
3.0112827
13.223029
14.4707575
10.518407
4.993451
4.624382
5.0268126
3.6892881
6.3784204
6.39014
4.7949
4.1834307
7.3659773
6.361017
3.7745438
6.508457
2.835764
19.130182
15.544256
3.732269
18.100668
18.794277
13.906912
7.396272
9.225674
7.402157
4.641591
4.637265
7.89582
6.2627087
4.27946
5.150155
5.5215387
3.186814
23.162844
18.575813
12.684901
7.5071397
3.7288933
5.8234043
6.7648816
4.501379
4.498885
5.1774483
4.6923094
3.9397912
4.8059607
4.3498106
8.923786
7.831978
4.660881
7.5371113
6.744238
5.8309317
7.5328465
6.773967
5.3587847
3.8825397
6.6393843
6.057327
4.1623316
5.2673965
4.773637
7.963134
7.185259
4.9543333
4.067211
23.333916
21.84468
13.995393
9.375433
5.498883
7.8208265
6.7165923
4.9442635
6.4511194
4.271505
9.434929
7.738079
5.580585
14.825594
14.587132
10.237579
8.746202
7.7056565
5.4913845
4.60093
5.4339447
5.249643
5.272662
3.679843
8.634674
4.9840155
6.5221243
