0.042191688
0.04942352
0.058094233
0.050354533
0.06531591
0.04988569
0.044226173
0.06798882
0.059534825
0.038513366
0.06380098
0.1349866
0.13699934
0.052801054
0.06793898
0.042464614
0.09396445
0.05234252
0.053395823
0.06521687
0.06535721
0.033758495
0.13715449
0.10080755
0.05048531
0.060338873
0.05807139
0.045396186
0.071980596
0.061148655
0.050085887
0.069903076
0.08204019
0.05505207
0.061128847
0.04583174
0.052304987
0.029869586
0.044313446
0.0753353
0.06551299
0.048695285
0.06672244
0.048573837
0.048551254
0.05222799
0.08376298
0.044132937
0.06622915
0.1498229
0.20865647
0.12603852
0.09291808
0.04695846
0.033603594
0.07412584
0.038544487
0.097110786
0.035654083
0.10762071
0.06855807
0.0702414
0.050648604
0.07971432
0.121227056
0.12703824
0.067863494
0.03994766
0.037110325
0.050357137
0.07486436
0.107710734
0.03244529
0.054211978
0.2131686
0.24385718
0.03962399
0.064374246
0.10927796
0.18204406
0.03714132
0.10756
0.044041026
0.047838673
0.035301782
0.10304831
0.054917127
0.17954026
0.24873908
0.088363685
0.12905106
0.067174435
0.059625525
0.0873442
0.07202899
0.15547687
0.042808004
0.06486598
0.04549164
0.09436381
0.042241596
0.08285774
0.03686154
0.0806891
0.042074975
0.08627671
0.062757894
0.059066102
0.023754105
0.10645423
0.068724245
0.07670837
0.05078485
0.054513186
0.06767501
0.09177473
0.05566413
0.05876343
0.07457031
0.045429155
0.07358506
0.04597804
0.109627075
0.04920785
0.12622607
0.097663395
0.08356538
0.052471615
0.14544147
0.047494855
0.080168515
0.06864503
0.034679703
0.105684556
0.09435398
0.114019096
0.09849499
0.04202127
0.05297576
0.04172387
0.09421708
0.06160876
0.06569872
0.035691846
0.03446175
0.09305788
0.1315358
0.053140074
0.07234703
0.066567406
0.04180682
0.034519147
0.04913193
0.081513874
0.09427512
0.12824486
0.04007333
0.043800868
0.05503238
0.041476823
0.057303313
0.11688498
0.06872477
0.13146316
0.06529219
0.06361355
0.13649392
0.14220008
0.043004774
0.05220215
0.08469315
0.23758142
0.2418325
0.027273623
0.47118488
0.37702942
0.04123766
0.14840841
0.274132
0.09631038
0.124127895
0.42015332
0.94945246
1.0831193
2.5281436
2.0473523
7.702249
8.7373085
