0.049090315
0.10955669
0.08098714
0.11216535
0.046911072
0.16439733
0.07475236
0.082123324
0.2235213
0.10544671
0.100545965
0.1830114
0.14534132
0.12818877
0.12718982
0.037743427
0.1311726
0.113515064
0.097546905
0.05159259
0.0627548
0.27165073
0.52861667
0.108891055
0.22883387
0.075248525
0.079628214
0.08799607
0.08668889
0.08114455
0.079730384
0.15996434
0.1169279
0.10496462
0.10515454
0.052387312
0.15688656
0.06920341
0.06115359
0.0487862
0.08287658
0.09700567
0.1579512
0.07504895
0.122144245
0.044590894
0.038511958
0.026074845
0.025707427
0.052340202
0.02657149
0.037212186
0.042897902
0.17211181
0.11129612
0.44222718
0.042119198
0.54147583
0.095793486
0.88718784
0.0688968
0.5279134
0.043422885
0.46559224
0.056389034
0.5160125
0.06233664
0.1697362
0.31219757
0.3498217
0.11372245
0.18228449
0.07862792
0.07770802
0.049295463
0.21872583
0.037468232
0.45131168
0.16000894
0.2027074
0.08751912
0.053695295
0.06619742
0.10701201
0.05433454
0.09811066
0.054585576
0.050260972
0.09422344
0.14801618
0.08130324
0.0322822
0.1843273
0.049198005
0.13663362
0.14683865
0.053235684
0.07809405
0.030649498
0.23958048
0.0439832
0.5981683
1.2651298
0.12046454
0.47791177
2.373513
1.6749398
0.34232074
0.97401357
0.6215442
0.0746586
0.1919456
0.11414383
0.20919435
0.07795042
0.13050489
0.11876561
0.26190662
0.094075784
0.14518997
0.6601798
1.0052273
0.23678753
0.25872195
0.11114868
0.08630346
0.06856614
0.27394995
0.14502586
0.37998432
0.36178577
0.09956692
0.12063207
0.039253518
0.046619654
0.093969405
0.45222622
0.2630657
0.32272473
0.08890562
0.18106729
0.04307638
0.14433378
0.14105208
0.048274577
0.35897952
0.0570007
0.3766497
0.07874516
0.14580067
0.10640602
0.079711035
0.077037364
0.12538394
0.13486683
0.063305825
0.10468119
0.046685368
0.03850621
0.11328852
0.09845825
0.099352345
0.08222784
0.11609103
0.08904727
0.10099569
0.085049696
0.09070893
0.107895814
0.079720095
0.0987836
0.13485654
0.042623248
0.073041126
0.13616705
0.07271804
0.07068254
0.3199857
0.16948427
0.07789244
0.11282009
0.04628647
0.4116837
0.23897462
0.14031416
0.065159276
0.08753417
0.040356167
