1.3633423
0.7214124
0.9817164
1.1774361
0.98680395
0.4197344
2.0739503
0.75173044
0.6442909
1.5868148
0.61633027
1.705131
0.6782627
1.0033054
0.74305415
1.4059482
0.83766645
0.9526619
0.9230455
0.6155304
1.7205768
0.48063675
2.0619771
0.38912392
1.0381794
1.1617328
0.66392934
0.5024494
2.6398335
0.7134417
0.52812177
0.76017606
1.667691
0.5163703
1.2314285
1.0074488
0.55527294
1.3495126
0.83794427
1.1369852
1.1197797
0.53119224
0.6800649
2.084688
0.527168
0.8687482
1.4691477
0.5834336
1.9231452
0.53097576
1.5840662
0.4089611
1.9663743
0.84864134
0.53143007
1.5359246
0.5336971
1.2007353
1.4236622
0.6792388
1.1063952
1.0511668
1.3133832
0.43170887
1.7348702
0.9604935
0.43802583
1.8201878
0.9247148
0.5802239
2.322869
0.51897657
0.95357966
1.0941991
0.72748846
0.9406865
1.3896332
0.5436941
1.7103108
0.9053971
0.6292607
2.0684085
0.50151813
1.2945552
0.8340887
0.9672961
0.6422088
0.9047641
1.3409265
1.2372271
0.42612004
2.1431112
0.62994206
0.7893218
1.2487454
0.4947603
3.0482743
0.5815267
0.645511
1.8017288
0.729282
0.55212855
1.6708016
1.2216597
0.3209703
2.0181878
0.7877304
0.54405034
1.7195475
1.354722
0.33244634
1.7767879
1.2883922
0.42690063
2.0158248
0.6340027
1.051913
1.971034
0.44236273
0.85149074
2.5319228
0.72679555
0.4007322
1.7980113
1.5173162
0.4214145
0.61858916
2.1918817
1.066752
0.39041975
1.3240873
1.2961035
0.42924517
1.3040091
0.8965279
1.1866615
0.69552886
0.7831176
1.6209426
0.87556577
1.2130674
1.0825666
0.53846645
1.8443587
0.49601907
2.1788657
0.91001916
0.38734972
2.2060611
0.97923183
0.3864633
1.661133
0.8439879
0.5540185
1.6403209
0.5497473
1.3905678
0.914744
0.7648664
0.6825963
1.7384071
0.518399
2.0203307
0.57509357
0.9471312
1.6481022
0.64202017
0.54770136
1.6620109
1.1103534
0.3824557
1.2886059
0.98161083
0.69766915
1.3192533
0.552744
0.9609232
1.1362782
0.7395271
1.119441
0.7911972
1.329422
0.5455154
1.6639352
0.8572053
0.59805447
1.8115798
0.91845095
