0.06959568
0.14286013
0.0635661
0.23075418
0.12504402
0.39387402
0.63892007
0.06854764
0.2206554
0.12428625
0.038088966
0.11224972
0.37449792
0.65667206
0.12263249
0.67741466
0.3411567
0.088790484
0.11719057
0.059737474
0.12957035
0.17269874
0.12311874
0.21520573
0.18397571
0.10755199
0.08094306
0.12683812
0.069638744
0.096898526
0.15734598
0.054734457
0.20556095
0.07176534
0.16441093
0.069102496
0.12532513
0.05734487
0.0978363
0.05244933
0.14822629
0.18606931
0.04547113
0.027732378
0.10608545
0.118803315
0.13413085
0.29893705
0.42330658
0.1130715
0.49337295
0.20526813
0.32796457
0.14063373
0.14477944
0.08469007
0.061443478
0.10013264
0.120791376
0.04796692
0.04152684
0.10986562
0.06307992
0.15726414
0.10905059
0.07284285
0.08529545
0.05031865
0.1885542
0.29675564
0.27774033
0.055510223
0.30098796
0.22408828
0.040925115
0.10335668
0.047769293
0.092764765
0.07025401
0.07225251
0.11847083
0.13982101
0.12329574
0.24873608
0.06864631
0.15328546
0.09761632
0.13819745
0.09287412
0.07602556
0.049508803
0.14546517
0.080434285
0.06657751
0.13405815
0.04753974
0.044585314
0.16266079
0.1407606
0.08510583
0.06516803
0.07195988
0.084783815
0.081030786
0.040763218
0.12594002
0.174235
0.14470096
0.07726459
0.16005015
0.06642102
0.09170075
0.1663675
0.07170533
0.11091084
0.08470556
0.07037656
0.05661906
0.0680721
0.05389428
0.037125193
0.04910416
0.13895501
0.10448846
0.13838397
0.19071138
0.08364765
0.08125832
0.037629746
0.16256675
0.19801901
0.051590636
0.10647765
0.07164871
0.07975687
0.10265034
0.0466066
0.2059865
0.049450837
0.1514231
0.077155314
0.11324908
0.075401574
0.03941594
0.039461277
0.06246452
0.16573477
0.06422839
0.19477566
0.08457395
0.050525002
0.090888835
0.11568068
0.1185842
0.10473096
0.053915106
0.10007281
0.07211665
0.065542415
0.042907745
0.12716773
0.16400254
0.52318466
0.27910864
0.07059971
0.18249567
0.12032768
0.07334481
0.048251785
0.037676893
0.42849034
0.8160783
0.3506698
0.3128799
0.5729952
0.08769293
0.8290491
0.5017845
0.10776873
0.07475777
0.074715555
0.085924536
0.12698801
0.1041695
0.1664448
0.066425584
0.17306879
0.05082345
