0.16053231
0.34273863
0.32943568
0.37467945
0.3405364
0.19982095
0.19668576
0.27928194
0.21606816
0.2984538
0.20734695
0.1987342
0.19102463
0.14614093
0.2734708
0.17740104
0.24696803
0.18864304
0.17831263
0.19329575
0.33857873
0.2945946
0.24275804
0.34717077
0.3150983
0.2767024
0.22430569
0.2800168
0.39784783
0.21105707
0.18978219
0.20713389
0.28169918
0.26690865
0.19473496
0.23283622
0.1714311
0.11792441
0.21002601
0.21474545
0.24401045
0.313226
0.22349341
0.19402808
0.2850188
0.28359348
0.331783
0.20087028
0.38686788
0.5727415
0.2581897
0.25359774
0.20916748
0.1676544
0.1323478
0.114151284
0.39998853
0.35696366
0.22887693
0.14156199
0.11807655
0.13135144
0.22402856
0.23795906
0.16719127
0.17983422
0.4386723
0.4633363
0.23754063
0.36859474
0.220687
0.3335777
0.3038349
0.16851525
0.17738147
0.15058218
0.17413874
0.11620235
0.282527
0.21036573
0.22686267
0.19487163
0.13008754
0.2106057
0.17405918
0.13658124
0.3897432
0.4800226
0.07826145
0.9204326
1.9780767
1.0218234
0.17356186
0.42884797
0.30955863
0.4249267
0.28234747
0.26575038
0.2934263
0.3380715
0.32394147
0.17947243
0.24466655
0.27089894
0.19107142
0.26856348
0.20747831
0.17561617
0.204748
0.15536676
0.41318116
0.3408965
0.22372155
0.18563727
0.22772647
0.16911298
0.35089833
0.24792889
0.25201166
0.11720531
0.6758979
0.88924015
0.31686226
0.28275174
0.20088962
0.24629249
0.14708474
0.14819051
0.14734507
0.2246965
0.18603253
0.31959292
0.23297966
0.2163892
0.213429
0.48747566
0.15296447
0.39505458
0.1993508
0.8261696
0.5671611
0.10040267
0.25041816
0.5365963
0.6271077
0.14408189
0.48508623
0.17429194
0.34669882
0.24457671
0.2849757
0.36526036
0.18318698
0.29002687
0.40823287
0.10921465
0.41806814
0.35070616
0.18954046
0.15370725
0.31187505
0.28004184
0.26433432
0.30850944
0.15265134
0.20018072
0.18290657
0.21419866
0.14214103
0.16125217
0.22620338
0.21930945
0.20525745
0.2111647
0.20958768
0.15508094
0.16386563
0.16295482
0.20646486
0.15702057
0.27546683
0.08729324
0.20621009
0.2721092
0.16694838
0.19844897
0.15048228
0.09137368
