1.0388635
0.8766027
0.74393195
1.0326605
0.8261952
0.6088811
1.739494
0.8871353
0.6536764
1.95082
0.51172197
1.7519262
0.71594703
0.7113324
1.7751309
0.32326317
1.1891392
1.2039542
0.5173979
1.8479713
0.6582134
1.0567625
1.0544899
0.49185398
1.2901742
1.3864506
0.3820964
1.5601046
1.1972458
0.71218526
0.60711837
1.3260865
0.7695406
0.76011074
1.4539045
0.4050305
1.300484
1.1109226
0.4198658
2.2934117
0.6191298
0.6814298
1.4489057
0.7199471
1.4428413
0.69216114
1.1065204
1.2218091
0.7136973
1.3863865
0.5607312
1.1922684
1.1679459
0.510391
0.91991806
1.1986091
0.80391943
1.4004447
0.5978192
1.9520137
0.66153944
0.8927835
1.2203264
0.368947
1.78088
0.9717394
0.41776848
1.9530245
0.7608417
0.46095467
1.7770519
0.97648346
0.5905584
1.3790401
0.51812005
1.2817506
1.2773551
0.5403056
1.4954605
0.84361196
0.752972
1.9662902
0.5399064
1.0471338
1.4917737
0.57053876
1.2284929
0.6879034
0.65502816
1.6129419
0.50025046
1.2443526
1.124385
0.6648307
0.92024183
0.78452843
1.6214415
0.53195393
1.1095712
1.0935254
0.9339006
0.51394284
1.7085023
0.62752116
0.6078752
2.4241998
0.4056509
0.7815455
1.5833409
0.83416736
0.656947
1.5872713
0.80435306
1.1308812
0.8962076
1.0440664
0.87312984
2.2745776
0.28645357
1.4985
1.4695841
0.54583234
0.830206
1.3829271
1.2840087
0.3570453
1.3498381
1.5286455
0.5470396
0.7090551
1.4126914
0.7514995
1.0402124
0.88234985
1.0205693
1.1353822
0.62753755
1.4832084
0.8264054
0.67478216
1.7839478
0.4628303
1.3520257
0.69236064
1.0594729
1.7069026
0.3618282
1.3356044
1.819031
0.43691862
1.2482598
0.8593861
0.9863274
0.8308288
0.6976745
1.364023
0.75125194
1.1043752
0.4560366
1.6790287
0.2767622
2.1361847
0.7318841
0.4382175
2.0602846
0.7739436
0.58175266
1.1043795
1.7321129
0.360453
1.8948555
0.5696329
1.0878203
1.2300735
0.5656581
1.1568041
1.0114663
0.75739217
0.81734526
1.2033105
0.6330391
1.1968737
0.57353127
1.3012087
0.99492264
0.7589108
0.902419
0.90190357
