0.15285034
0.42121294
0.26866585
0.3577528
0.3111044
0.30767366
0.2902238
0.43922305
0.42140594
0.26340348
0.39594012
0.29355073
0.32275975
0.2388285
0.39440936
0.49622387
0.355255
0.25239012
0.361975
0.37962806
0.26450664
0.35318062
0.30967253
0.35856843
0.21610326
0.35919505
0.3361277
0.32863256
0.3865565
0.27101597
0.31137383
0.261608
0.30606425
0.41703436
0.23877767
0.31227347
0.21178105
0.24144289
0.34195864
0.49805713
0.41101947
0.27513131
0.21428299
0.19175324
0.21939695
0.31813747
0.32048655
0.32160056
0.36534458
0.25750569
0.23435307
0.48550737
0.252279
0.27680176
0.22909087
0.23141181
0.8631046
1.9936643
0.5605952
0.74600303
0.92940116
0.7421955
0.5765595
0.32289344
0.24676791
0.36721054
0.26421034
0.22906737
0.41789797
0.35414204
0.2648732
0.21019046
0.21376394
0.4534691
0.6535368
0.36288562
0.66349685
1.4997338
0.74724555
0.448226
0.43808824
0.37182492
0.33631915
0.46709758
0.5702939
0.3463027
0.34653142
0.3192501
0.22497943
0.4473086
0.52394617
0.41769207
0.31613132
0.33909646
0.2580332
0.21618313
0.53527164
0.37117538
0.43867218
0.43133846
0.56941724
1.1213075
0.50216603
0.23718622
0.44699663
0.35227084
0.20984633
0.54665506
0.775223
0.22005382
0.3293053
0.3186617
0.51793283
0.20608337
0.8180523
1.1863679
0.4727594
0.39538637
0.4433488
0.20083475
0.30538177
0.22569281
0.24639852
0.21107662
0.25220096
0.30711907
0.4692098
0.19465414
0.75606805
0.58403414
0.17023133
0.37041825
0.47410327
0.5450165
0.22308925
0.7103914
0.36433882
1.46315
0.7534753
0.401927
0.64338386
0.3897979
0.5362471
0.82441485
3.258841
2.1295817
0.466551
1.0374806
0.78871876
0.5690702
0.6688277
0.75522846
0.4658888
0.48427793
0.70339084
0.20851551
0.42020118
0.5007358
0.45141584
0.27389148
0.3870019
0.36470926
0.42263925
0.26372516
0.43105447
0.5043952
0.23410487
0.47963542
0.39510375
0.3649337
0.37442663
0.29281214
0.5980812
0.42297214
0.25091565
0.40109602
0.31484315
0.28347453
0.4763221
0.38125637
0.22424936
0.42819732
0.4914611
0.23930201
0.27613813
0.4009158
0.28601968
0.17804918
