1.2146487
0.6016796
1.6702535
0.6024288
0.96958
1.1300898
0.5416227
1.9269825
0.4032151
0.70820045
1.4219973
0.6785033
1.0455625
0.8361215
0.7573252
1.2406504
0.6124011
1.4239345
0.39370775
1.828078
0.5401716
1.0442197
0.9320599
0.62469447
1.1993471
0.9709974
0.42083347
1.6321995
1.0005409
0.51388264
1.2904458
0.6939264
0.98239076
1.1062845
0.50707555
1.0540336
1.114658
0.5868049
1.1446613
1.1299042
0.9587716
0.6119843
1.0817342
1.3960583
0.7267443
0.6904694
1.0953554
0.8808584
0.8862116
1.704047
0.2687327
2.2374387
0.6665164
0.7817276
1.2185585
0.857945
0.6356441
1.4930618
0.70223147
0.8482411
1.5155783
0.5983697
0.7146007
1.6740159
0.60101956
0.94138527
0.74078107
1.5410675
0.33077997
1.511505
0.88688684
1.0234866
0.7642876
1.0209776
0.6673269
1.2966883
0.72109824
0.97460914
0.6331573
1.4635637
0.7235741
0.78229415
1.5328758
0.5266923
1.053519
0.9833272
0.64585686
1.1760699
0.7330499
0.8039129
1.0329471
0.8298703
0.9577306
1.2292975
0.5509804
0.9767771
1.4097142
0.4758705
1.4069856
0.86932546
0.63838285
1.5204647
0.7012825
1.2061907
0.5675709
1.6249988
0.46776992
1.0549486
1.176913
0.6722111
1.2029952
0.41916138
1.7727911
0.9570726
0.5164727
1.4728038
0.7703668
1.2406206
0.4626284
1.6924298
0.9647976
0.5856657
0.85102
1.41084
0.41090733
1.7497605
0.663112
1.4762468
0.59127545
0.71460116
1.1744683
1.0609133
0.9447431
0.83042717
1.1744995
0.84880924
0.83457404
0.8805508
1.2932646
0.6632972
1.8823158
0.5556574
1.0771505
0.5772387
1.5133404
1.0414324
0.37021577
1.5588272
1.1253881
0.69591224
0.8907695
1.3782763
0.48181194
1.6131666
0.44538474
1.3703737
1.0964196
0.78750443
1.2701555
0.56561774
1.2751706
1.1831273
0.760877
0.6180582
1.8347788
0.5818663
1.028156
0.6825292
1.5585303
0.46320444
1.6918018
0.45959657
1.1752121
1.0668997
0.70771825
0.9205172
1.1488504
1.1851692
0.47674966
1.3057714
0.69120765
1.2658777
0.8675815
0.8196738
1.2872877
1.0329285
0.55599123
1.3870361
