0.6069812
1.2479551
0.3249238
0.38485238
0.5631615
0.46682757
0.22549471
0.40290076
0.15803358
0.22801477
0.28904542
0.8169904
0.86064994
1.0322345
0.73001015
0.23938175
0.582668
0.19517803
0.6092084
0.43015662
0.13151908
0.5932832
0.7353067
0.1847511
0.30221885
0.2542761
0.2670383
0.21905822
0.39760822
0.28176785
0.25864178
0.11210148
0.6783778
1.303175
0.4779901
0.17785886
0.28056318
0.38984227
0.18335357
0.29775345
0.6042035
0.27962667
0.98170054
1.3828927
1.518563
0.64908093
0.7997106
0.8911336
0.54441845
0.25932604
0.47412008
0.34230793
0.40794238
0.562205
0.1718323
0.37130326
0.1993675
0.25788587
0.16312866
0.16467762
0.1751987
0.43361792
0.4636063
0.28835294
0.34978628
0.5966392
0.6819374
0.24811082
0.12783158
0.17041233
0.124724284
0.18205224
0.1484255
0.2371281
0.35661364
0.23460497
0.31964362
0.16539305
0.2687984
0.09105055
0.11744401
0.15296263
0.11339346
0.4556418
0.7988424
0.3916433
0.14091958
0.25831506
0.10631889
0.22689423
0.090703994
0.16697645
0.6547377
0.73428315
0.083286576
0.9308867
0.52010673
0.12966047
0.22019996
0.22367932
0.29933488
0.5163421
0.42824677
0.09169666
0.53755426
0.5503841
0.17968823
0.36214828
0.6141993
0.10001732
0.24297255
0.14592817
0.260143
0.24676687
0.17732507
0.07901594
0.14901522
0.19507353
0.33254677
0.53501755
0.7823294
0.1273475
0.16018087
0.112963766
0.24043563
0.17800978
0.34930456
0.5117119
0.2692216
0.10768537
0.1575509
0.18390825
0.32106176
0.10493603
0.22540653
0.09691973
0.09729846
0.12840219
0.18983936
0.19290827
0.19320329
0.14247759
0.23988977
0.24934658
0.14822917
0.1878482
0.10204464
0.04100368
0.29812276
0.6949996
0.6378018
0.056664772
0.34025314
0.14997773
0.4507175
0.47454536
0.1511522
0.15255186
0.16175826
0.08934961
0.072518095
0.3151695
0.7667009
0.2485989
0.40454316
0.28403077
0.10971489
0.2548758
0.5937543
0.13895345
0.3676381
0.6533223
0.22690362
0.11038925
0.12498562
0.0838838
0.2202618
0.33707553
0.12886257
0.30286396
0.59573936
0.81804645
0.6651926
0.11875124
0.37010276
0.31586725
0.11779058
0.24321756
