2.027106
1.37068
0.69453555
2.0451448
0.8043822
1.1445328
1.773408
0.52469414
2.6730208
0.94934094
0.39986527
2.205574
2.2745004
0.69236064
0.7929311
2.7910814
0.78217757
0.7745832
1.511444
2.800325
0.76733875
0.47969505
1.7903094
1.7047567
0.42642903
3.3009477
2.0148606
0.72727895
0.8788817
2.4737053
1.309587
0.85315
0.64811033
2.0497012
1.1781266
2.2202368
0.63497764
0.72727525
2.7135046
1.8051245
0.48194706
1.9268924
1.376869
1.2095289
0.7504759
2.8983994
0.5834799
1.4225031
1.3447556
1.5118515
1.7372416
1.0539043
0.47548062
4.0038743
1.7171389
0.15896186
6.0056615
0.85189915
0.6325344
3.081263
0.55372345
2.7709615
0.697263
1.362046
1.1373408
0.87194824
1.834132
0.7954597
0.93623686
1.3446982
2.4213238
0.9884126
0.8107793
1.7511046
1.2159357
0.8357618
1.8739253
1.983538
0.2474918
2.7018042
1.1318233
0.83415496
1.6645172
0.7342799
1.592142
1.1406372
1.0527527
2.2410777
0.35311538
1.969307
1.099384
0.36949643
0.57778156
1.6799347
0.97556114
1.1250834
1.3392224
1.8645859
2.449681
1.4111624
0.13142288
6.0532236
1.08081
0.2056612
5.2318525
0.95696354
0.35141355
1.5127124
2.2422147
0.3700199
0.92772174
2.5230327
1.1622387
0.3240985
4.0932264
1.463444
0.34396794
3.0501924
2.2889128
0.6745316
0.74115634
2.5922287
1.8212835
0.6309762
0.9956386
2.6949158
2.210116
0.46974123
1.2961237
1.934738
1.5324304
0.642297
0.30587652
4.814845
1.7256145
0.21654527
3.9369226
2.3570938
0.2786754
1.3605425
3.7582438
1.1054597
0.40586123
1.734242
2.97651
1.2884218
0.38489702
3.1542218
1.8365955
0.30400863
3.1337607
2.5224137
0.43156236
0.5650883
2.7889342
0.89542824
0.606843
2.187965
1.7291429
0.6003102
0.59582835
3.2085016
1.9416437
0.37648213
0.9516725
3.9641778
1.3736401
0.26080692
2.9083967
1.2404096
0.28480303
1.1585506
2.3777094
0.29659438
2.5365572
2.2836633
0.42523432
1.8630362
1.9211742
1.1170787
0.4553924
3.0487201
1.928766
0.5905445
0.85048914
3.2066827
0.8599886
0.7242067
