1.0795497
1.2713901
1.2590282
1.2970047
1.5810053
1.2602913
1.106998
1.2412969
1.3911169
1.613171
1.4335108
1.2826383
1.2553086
1.1545993
1.2749388
1.3503761
1.4298202
1.3293376
1.0531653
1.1040555
1.2609162
1.3587319
1.7463095
1.4781911
1.2904463
0.98514605
1.1424946
1.153708
1.2159487
1.5626521
1.3721857
1.2376455
1.2396853
1.3520533
1.4170079
1.1249789
1.255663
1.514578
1.2980971
1.2052954
1.0804471
1.3208239
1.3039645
1.3005638
1.3989556
1.4920897
1.2009757
1.3083417
1.1016561
1.2024713
1.3780808
1.215978
1.3126887
1.1021669
1.3175945
1.1836566
1.3229568
1.414071
1.2146115
1.1287353
1.0825816
1.1784633
1.2575042
1.4437718
1.5730255
1.6839285
1.235899
1.2807243
1.3368461
1.4824983
1.1590402
1.3689355
1.3709016
1.2856649
1.1072682
1.0667288
1.119602
1.3280863
1.3595779
1.3943155
1.407696
1.5995117
1.359649
1.1970136
1.287634
1.4699571
1.4887539
1.4258267
1.145433
1.191309
1.2752526
1.1882367
1.1083093
1.1459544
1.2244165
1.2919627
1.3046237
1.6851376
1.5310504
1.3118457
1.2866101
1.2338812
1.3354453
1.3003141
1.2473233
1.2286956
1.1192943
1.1025677
1.3792918
1.3256404
1.162952
1.3160801
1.1536458
1.3407795
1.2150519
1.3804066
1.1166949
1.1655684
1.4059998
1.5313245
1.4638605
1.5370393
1.3751533
1.35853
1.5824946
1.1150324
1.631434
1.3020287
1.185923
1.3527775
1.2922698
1.282817
1.291292
1.130198
1.2177856
1.0430334
1.0720732
1.2188163
1.2688754
1.1988683
1.0763112
1.1617869
1.1959803
1.1485378
1.1979885
1.0845809
1.3897954
1.3763678
1.3335145
1.1565542
1.3352594
1.0809379
1.1089393
1.1384969
1.1873724
1.086349
1.0678997
1.2287991
1.3734163
1.2434411
1.2645272
1.5953338
1.6970013
1.2949731
1.2271507
1.4518498
1.1028974
1.2097955
1.3089902
1.2145135
1.358232
1.2646673
1.2307215
1.076905
1.1320043
1.4136206
1.5780653
1.3554413
1.3182389
1.3262701
1.1655006
1.1076401
1.4162807
1.1749613
1.1480229
1.2231629
1.2209024
1.1804798
