0.15987864
0.18328443
0.1867113
0.20475146
0.27209842
0.38388553
0.6310144
0.44680974
0.21990223
0.32753116
0.19173211
0.37716222
0.6865416
0.36968368
0.1517731
0.2291484
0.5244528
0.17313513
0.45002678
0.38519385
0.22696549
0.17109635
0.18080491
0.3246109
0.27022183
0.22448015
0.22019948
0.23795325
0.19186848
0.25566733
0.21412677
0.19296813
0.1737893
0.24622962
0.43140006
0.37068045
0.16774908
0.16241978
0.19810739
0.19287574
0.20320141
0.19453627
0.22664738
0.22093064
0.18259212
0.55520034
1.0816351
1.005415
1.0560143
1.0229486
0.24427198
0.71481496
1.7456814
2.2345333
4.337226
6.4368043
0.73653126
1.0907807
2.5416443
3.4825902
0.7207366
0.8138764
0.7407698
0.83225614
0.7765076
0.7380958
0.9455849
1.6933566
1.736086
1.2911006
0.8626081
0.4964363
1.0593235
0.99412715
0.6714697
1.3116364
2.3245199
0.9103459
0.57600516
0.6742506
0.62659204
0.7280518
0.43073806
0.5998622
0.55683994
0.6909205
0.75877327
0.6238743
0.4100854
0.5405245
0.5013239
0.5814619
0.42543817
0.48181722
0.6418987
0.55447257
0.30032063
0.40724015
0.46523628
0.43272752
0.4273105
0.5258864
0.71899056
0.38014036
0.43828785
0.46808606
0.22229645
0.3999262
0.4211944
0.4867066
0.2079353
0.4816693
0.35735238
0.23277578
0.20032458
0.5380416
0.5583384
0.3044799
0.3084582
0.39817947
0.17507984
0.32122943
0.29294446
0.25121692
0.45348114
0.5227753
1.3397157
1.0574769
0.25512123
0.7734946
0.32507765
0.22868425
0.35273153
0.6875171
0.6271324
0.24871793
0.623964
0.43144545
0.39664796
0.31562212
0.50717646
0.7005108
0.3051738
0.30923206
0.27182278
0.4825812
0.16509569
0.8237306
0.9132608
0.21395993
0.52639216
0.25280648
0.3777896
0.35823113
0.29824653
0.3876872
0.28039038
0.4443317
0.2665352
0.38446853
0.2041128
0.71264964
0.63576376
0.2864051
0.30729318
0.21237786
0.46746764
0.3471685
0.2615207
0.30711237
0.39767498
0.20411846
0.20044106
0.2521295
0.4204485
0.39100677
0.24848646
0.3992951
0.30477732
0.16254091
0.40889364
0.24912317
0.21942288
0.25820494
0.3288718
0.35978913
0.23736614
0.15920915
