0.81751025
0.72700036
1.2466974
0.9114605
0.99936885
0.66986
1.5515802
0.6838269
0.95951176
1.1581503
0.6517693
1.604198
0.629658
1.2417653
0.74304664
0.8537388
1.8965492
0.36526555
1.7193859
0.6700094
0.7395136
1.3962725
0.5032762
1.3604057
0.80525017
0.9347006
0.45861188
1.8643026
0.72940737
0.72064716
0.98901117
0.8067354
1.1146349
0.8883468
0.4747058
1.2969494
0.9706054
0.6204307
0.9730371
1.5656748
0.62545055
1.0261909
0.8111363
1.3510289
0.76512396
0.91934097
1.1608937
0.6446319
1.2530957
0.6503227
0.95189977
0.95720494
1.0581009
0.5148662
1.7785066
0.38077906
1.6141065
0.6280241
1.005631
0.934425
1.4942274
0.56941813
1.0315772
0.82171
1.3869672
0.3537624
2.2791438
0.56034696
0.47267818
1.8575661
0.7858441
0.7130708
1.2248056
0.7425163
0.8315576
1.0066426
1.3456442
0.66261053
0.89724684
1.7039156
0.5276986
1.2934716
0.8780538
0.90471363
0.96972793
1.2539637
0.54097754
1.1741514
1.1301458
0.5409107
1.2069162
0.7267217
1.1014946
0.8316078
0.59741783
1.3098127
0.7719611
0.91321564
1.096193
1.7887359
0.30938318
1.5383729
1.1024024
0.6253192
1.2813329
0.90463924
0.68524784
1.0889292
0.5352635
1.703932
0.6204834
0.7283722
1.5176322
0.753623
0.5817929
1.0992333
1.0271335
0.6975359
0.9733183
0.91322565
1.2273372
0.4333489
1.0857954
1.1144189
0.85066706
0.39104807
2.2423148
0.7983024
0.6322069
0.95878553
1.1082537
0.81702834
1.0393667
0.6582085
1.0490746
1.0527534
0.47421658
1.4000915
0.70857596
0.96534353
1.0458403
0.7663358
1.1836748
0.3737594
2.0847993
0.670437
0.51778865
1.5507569
0.77571756
0.6195568
1.3879572
0.5436225
1.740422
0.50067455
1.0568557
0.93669784
1.0474236
0.7561691
0.8332361
0.8291067
1.0404977
1.3484678
0.75854194
0.75340974
1.5106496
0.60311526
0.7927965
1.1478977
0.8573385
0.9911978
0.64589655
1.057605
0.77530736
1.5511484
0.39017403
1.1913576
0.6931894
1.2049227
0.6985299
1.6422756
0.48979902
1.0654862
0.9627823
0.7793747
0.8917957
1.060705
0.7693721
0.970206
