1.0503623
0.87143517
0.8214187
2.0080347
0.55035955
1.3677645
1.1733426
1.0551742
0.9213619
1.0684148
0.5665639
2.2797155
0.43485093
1.7020675
0.8045882
1.000871
0.77370775
2.2475815
0.51654595
2.2603335
0.6642457
0.6943709
1.926666
0.8565868
0.36077338
2.9044049
0.6996621
0.5469958
2.0052414
0.6679176
2.454925
0.4308995
0.9770868
1.9011058
0.7243155
0.47804973
2.787458
0.61409557
1.0645869
1.3777885
0.6688427
1.1919899
1.602999
0.28279132
2.5453033
1.4055088
0.28406876
1.8257418
1.540459
0.31270668
0.9364561
1.477524
0.695701
1.4940352
0.9457239
0.27062792
2.4208188
0.8021542
1.1607348
0.61811787
1.9291911
1.1497388
0.44611734
1.3404465
1.0869365
0.8352978
1.3795558
0.8984376
0.554862
2.1980433
0.5841649
1.277025
1.7156057
0.60292983
0.72360957
2.6355734
0.67834675
1.1017728
1.3635275
0.49038732
1.9318545
0.76827353
0.9355249
2.503572
0.4162178
1.4556489
1.4160413
0.52826613
1.7721776
1.1093016
0.5085454
0.88471955
1.307437
1.1404703
0.9638294
0.40451568
2.4054425
1.1522593
0.52950835
2.3014398
0.67815685
1.1755465
1.0351344
0.55253166
2.6068475
0.3103547
3.1089835
0.73703825
0.7425511
1.2907493
1.2068318
0.4634788
2.1345692
2.0289612
0.530005
1.7360443
0.98227406
1.8443105
0.5204292
1.0337955
1.7832699
0.93793607
0.5345509
0.67261744
2.3979635
1.4960281
0.2882793
2.569101
1.7512989
0.68524086
0.3574831
2.31324
1.1537168
0.53208417
0.9259933
2.1447911
0.72736645
0.5822433
1.623349
1.943039
0.6972603
0.99526846
1.164741
1.0297487
0.7203493
2.2648582
0.8682288
0.6138338
1.4280857
1.0745513
1.0785011
0.6417577
1.6503588
0.8602487
1.332591
0.7336712
2.3504567
0.8343462
0.38156173
3.452163
0.6044369
0.80341196
2.0030198
0.30080163
3.4147549
0.73341805
1.2962825
1.7591715
0.27323538
3.3605042
1.2010185
0.39312387
2.3470616
0.97070897
0.646798
1.5450665
1.272825
0.66568065
1.4199945
1.7869847
0.41982192
2.1322656
0.5598061
1.5152166
1.369005
0.86028445
0.4898465
2.2880054
