0.6613773
1.1250924
0.80651164
0.81844556
0.8139458
1.0291967
0.9601454
1.5269933
0.40377405
2.1100583
0.36253473
1.7348872
0.74965775
0.8073652
1.1725862
0.8054663
1.3170614
0.7479043
0.9252497
0.8745098
0.9891165
0.9329114
0.70914304
0.9157443
0.9694673
0.6631437
0.88978493
0.95417774
0.788309
1.0031191
0.63571507
1.0405437
1.2251533
0.61811316
0.8047459
1.5925316
0.68307257
0.9262769
0.8553635
1.4308295
0.52813196
1.3414973
0.58962667
1.3111181
0.9090795
0.5622246
1.4447703
0.690948
0.92488647
1.0119592
0.7224232
1.0321232
0.64500016
0.97033423
0.9413774
1.0532033
0.63711286
1.9096692
0.40074605
1.157109
1.1126721
0.6347449
0.8345916
1.1266186
0.70596504
0.7796283
1.3778726
0.53757143
0.70281434
1.3195553
0.79930747
0.73752916
1.1991477
0.5134723
1.314272
0.96744484
0.8891939
0.67897856
1.3584743
0.9158711
0.7382966
1.3735626
0.61016726
0.85824883
1.2228227
0.89149296
0.57130456
1.3252345
0.8016772
0.691556
1.2289726
0.5364331
1.2894737
0.7356336
0.93661344
1.0947454
0.7928037
0.7366904
1.7346271
0.49613145
0.62834764
1.7219326
0.7141107
0.6490279
1.2357514
0.84665835
0.80718553
0.7555066
1.1227152
0.9154032
0.6686955
1.2000492
0.98362625
0.49032572
1.5668414
0.5653202
1.0604979
0.9995036
0.6370533
1.1186249
1.2278404
0.4774953
1.1892648
1.1404812
0.65523887
0.86631143
1.1095808
0.754998
0.71873087
0.82306707
0.90373707
1.1349268
0.6461282
0.9355564
0.8102102
1.1271873
0.56834877
1.4597492
0.69511783
0.80449057
1.4941523
0.6093629
0.7820572
0.8162195
1.2142484
0.6518443
1.1654644
0.6619148
1.6604788
0.51817775
0.74333465
1.711737
0.6206192
0.9882252
0.71563435
1.2131357
0.95493805
0.69424903
1.3803301
0.41653696
1.4912939
0.89658564
0.6189883
0.94600844
1.3980451
0.5509961
1.4951785
0.64937156
1.6523767
0.640605
0.88430035
0.8713154
1.1206939
0.44835168
1.3260818
0.84590894
0.9057428
1.0000811
0.84283394
1.107554
0.6264284
2.3578877
0.42081428
1.2098784
1.1163627
0.5708244
0.8770771
1.3154442
