0.35574538
0.48320803
0.29042494
0.23175743
0.43284324
0.41883978
0.5366633
0.5248134
0.632606
0.50175387
0.47351056
1.1253808
0.59532934
0.42847562
0.5795196
0.37635028
0.397841
0.37464225
0.48695952
0.36477435
0.847144
0.76420593
0.3102842
0.5170272
0.5016796
0.4689867
0.407429
0.61361295
0.64488864
0.30757135
0.46739888
0.31615752
0.5733392
0.611241
0.6510916
0.3119486
0.45864874
0.637663
0.43641442
0.36155307
0.44348007
0.38510394
0.49367994
0.593051
0.46913943
0.38928074
0.42193073
0.39266282
0.6196034
0.7043977
0.43360674
0.49559474
0.6676046
0.45244023
0.81199366
0.4979719
0.5688473
0.46828514
0.20635244
0.53521085
0.2409884
0.6299076
0.6935121
0.534351
0.41471648
0.41874373
0.41453767
0.6855679
0.4222883
0.8406907
0.88872164
0.47638983
0.36314732
0.4132223
0.4387618
0.34687704
0.57435393
0.57739013
0.24853565
0.3814498
0.43806922
0.4577065
0.49704903
0.3594964
0.4405738
0.6494957
0.7178389
0.5202443
0.30522826
0.5016542
0.49714455
0.38389617
0.34414482
0.45320743
0.40720993
0.8271948
0.37326735
0.9789898
0.6335599
0.3775208
0.73943347
0.24529293
0.42801744
0.39626488
0.5158128
0.40189505
0.55487055
0.71918553
0.28020787
0.6964992
0.568159
0.42067185
1.048453
0.5475954
0.54053336
0.6269357
0.33965814
0.97153723
0.41399735
0.51214033
0.7102275
0.39369965
0.4551947
0.45941186
0.52621
0.44684467
0.24001619
0.3570041
0.472682
1.199762
0.26682323
1.0967458
0.705546
0.55325985
0.6690135
0.56837785
0.56259286
0.30213982
0.4684041
0.5641359
0.59285724
0.5974646
0.8750633
1.319062
0.24197598
0.8530446
0.41211963
0.7422675
0.65727377
0.4899298
1.0801517
0.6671791
0.54487526
1.3890946
1.2670563
0.23243007
0.5069047
0.5734155
0.592079
0.41024143
0.44566974
0.39444703
0.35170633
0.6660346
0.6917442
0.43638116
0.48955894
0.5286565
0.92020386
0.5554871
0.89610577
0.4133241
0.45806384
0.36948198
0.7727521
0.4398106
0.7031444
0.84901047
0.45225608
0.38373378
0.42695466
0.60707164
0.4639959
0.43518025
0.6510871
0.43641198
0.47970143
0.36076388
