1.2597749
0.7898035
0.8340491
1.5318713
0.46872884
1.4550462
1.0384314
0.6732168
1.7196074
0.39604348
1.8223816
0.71211517
0.8747166
0.9913969
0.5154614
1.2336725
0.8544531
0.9218371
1.2469454
0.6772063
0.6593021
2.252468
0.38490295
1.2555656
1.0250869
0.8816198
0.66053605
0.9291131
1.7688806
0.40756333
0.94189596
1.096722
0.5658227
1.5389572
0.5565009
0.81960964
1.7391909
0.45738316
1.1038659
1.1153375
0.90546787
0.5665411
0.8234807
1.9768894
0.53338265
1.1253862
0.8400217
0.9123727
0.9228842
0.911594
0.61610407
1.2886077
0.9834945
0.85084
0.767776
1.5460306
0.46184942
1.7347338
0.6899044
0.781453
1.3138921
0.76606685
0.98781323
0.53014135
2.1071486
0.46146733
1.109921
1.3227369
0.48236582
1.3234665
0.99922705
0.7233215
1.1239579
0.70384073
0.92902535
1.1699412
1.0046053
0.73798347
1.0009987
0.70122325
1.9381701
0.43281034
1.1891706
1.1089482
0.6016247
1.8695488
0.52885664
1.1219673
1.5778198
0.5594271
1.0934107
1.1304574
0.7622169
0.88133353
0.91125137
0.98427564
1.7886381
0.3162281
2.0386508
0.64434063
1.4683928
0.5683811
1.4008187
0.601673
0.833101
1.6523304
0.80462646
0.6339581
1.8847071
0.6855469
1.1127038
0.7881431
0.9910178
1.1872652
0.6322514
1.1171057
1.8044115
0.4755272
1.6590664
0.46625298
1.6974797
0.47311497
0.83902186
1.7974567
0.61623967
0.6110207
1.7580407
0.88341796
0.532745
0.8990666
0.9763409
1.0499802
1.0109875
0.7520238
1.1132734
0.9407083
1.0413234
0.6652999
1.5534322
0.6301096
1.2216372
0.9515264
0.62907374
1.1552641
0.8913504
1.4991052
0.3461128
1.8514347
0.7620319
0.85025495
0.68407214
1.2791255
1.1607957
0.7012756
0.9725883
1.0655128
0.8203304
1.1116643
0.67042875
1.3677249
0.41503066
2.4841106
0.31312525
1.4252338
0.7355983
0.9120728
0.7724589
0.7900847
1.175724
0.5629662
1.0088327
0.736745
1.0547056
1.0304179
0.6765486
1.699867
0.39815512
1.8188758
0.49103308
1.2007577
0.8445916
0.79519594
0.996462
1.0135183
0.63700616
1.6260915
0.64511013
1.0224984
