0.9805022
1.9391419
1.3163831
0.92065954
1.1318948
1.8583177
2.482481
0.5841434
2.2245307
1.8546723
2.0429502
1.3677723
2.2424598
2.337218
0.6456842
1.4403236
1.9956763
2.1894946
0.6676675
3.787327
1.3372405
1.3909063
2.2144656
2.0027823
2.4125447
1.8133022
1.0545211
4.4355044
1.6165724
0.8878226
2.1368136
2.0401573
5.4416294
1.7839031
0.32691854
10.573666
3.4687176
0.20871001
7.1252165
1.3258889
1.4245963
2.2038326
0.89583355
2.8817887
0.7337035
3.1021695
1.4683176
1.5154455
2.0213413
1.657797
1.1983385
1.146482
1.0755148
1.2707415
1.6388834
1.1610417
3.0359616
1.7666092
1.2809699
1.6453182
2.6916394
2.630768
0.9872899
1.0474656
2.371873
2.585507
2.0103755
1.3849114
0.8823385
6.325973
3.659731
0.6147914
0.9709651
5.3030987
1.7435365
0.86281216
1.6279764
2.5923123
1.531399
1.3180007
1.6439464
0.69967014
1.1244804
4.9968543
1.3101699
0.29322755
3.875626
2.0698438
2.089133
1.8077514
0.9606606
3.847387
1.5853033
1.4036261
2.076559
2.9683118
1.247427
1.7480046
1.4466455
1.4993074
2.8618193
2.412581
0.82099926
1.9882878
2.1744332
2.293104
1.8267642
1.2209957
1.5444589
1.8822334
1.9647994
2.2842176
1.513949
0.44635552
2.6755598
2.73914
2.9228616
1.1054251
1.2963381
1.6852115
1.5211551
1.6550273
1.4229903
1.336914
1.1337951
1.603778
1.6212653
3.1413195
1.8830209
1.6583488
1.5580126
0.48323715
2.817453
4.1734014
0.32829648
8.025267
1.8490222
1.0762218
5.298488
2.0986986
1.1593778
3.50645
0.61110026
1.7864733
2.7443717
1.9898889
1.478687
1.2299033
0.8822828
4.272106
1.820823
1.6108991
1.6046417
1.4823258
1.3091174
1.7931836
2.361567
1.8405638
2.0038934
0.5584686
2.2045822
2.6711237
0.6100733
4.386802
2.7866797
1.1568278
1.318634
2.004106
2.032392
0.743101
3.945437
1.5909104
1.0878572
1.164074
1.5244546
1.5708382
1.6492021
1.1213337
1.2353836
0.80113316
1.458339
1.6010315
1.0040208
4.0351324
2.1520607
0.28594434
3.6163592
3.586721
