0.82404625
0.87761927
0.90606445
0.9414766
0.8089068
0.9150168
1.256283
0.6125589
0.89193845
0.84805894
1.4123435
0.5096531
1.8997324
0.41291898
1.4005793
0.8903735
0.82071877
1.195972
0.75986874
0.93363476
0.95061076
1.0612197
0.6904584
1.1071799
0.98990834
0.5654281
1.094722
0.893944
0.94469523
0.6797644
1.1618391
0.57209694
1.588839
0.6341168
0.67200947
1.4013717
0.9461371
0.5933783
1.309813
0.8795022
0.86724716
0.78769916
0.7799219
1.5614972
0.50245476
1.0311941
0.6548043
1.5565512
0.5459399
1.0873264
0.95413446
0.6487257
1.2057328
0.6962788
1.0065072
1.1050389
0.558608
1.4127412
0.6388154
0.93863434
1.2021973
0.56345755
0.9739295
1.4700186
0.5193696
1.037585
1.0010364
0.62728083
1.3287559
0.62043273
1.5126317
0.5113044
1.3151864
0.7253398
0.5734916
2.0572457
0.59490776
0.62321484
1.1339884
1.0490801
0.6248716
1.1200975
0.8389893
0.6426281
1.4266624
0.7040831
0.5557747
1.4092162
0.78068095
0.69897974
0.94859415
0.8745446
0.81360507
1.1231174
0.62852514
1.344392
0.67374575
0.72832274
1.4816706
0.7036995
0.6725427
1.4528916
0.86642444
0.62728953
1.4174705
0.90044546
0.5960523
1.2465934
0.8230957
1.4237884
0.39888638
1.4517977
1.0254018
0.5895298
1.0098095
0.900017
0.832198
1.0007191
0.656796
1.2687826
0.8600142
0.758805
0.770386
1.2961415
0.51311576
1.095535
1.1630828
0.74320483
1.0400538
0.58795923
1.7069923
0.67724204
1.086982
0.8662242
1.1927038
0.642341
1.249373
0.6173201
1.4526148
0.6910914
1.1836264
0.8455403
0.53242886
1.1733328
0.9438309
0.95530605
0.5830472
2.4718847
0.50413895
0.7763629
1.3049005
0.69143677
1.2966402
0.8000332
0.65664476
1.4491714
0.66847193
0.76383567
1.1500185
0.48501378
1.0825872
1.2199149
0.6126318
0.74004513
1.8488555
0.5697385
0.75987524
1.3882215
0.640091
1.3177025
0.6145853
1.4421523
0.85288966
0.6158224
1.0826224
0.9196005
0.8294798
1.0853217
0.6743603
1.1242514
0.44398865
1.9644531
0.39950818
0.9963541
1.2109525
0.62876683
0.855277
1.37848
