0.035333958
0.047508378
0.02579334
0.0402785
0.042835057
0.0477029
0.08885282
0.034460533
0.033289414
0.028542127
0.051458344
0.030082509
0.041065156
0.051977172
0.050950486
0.036525603
0.036634654
0.046284623
0.054761246
0.04955996
0.094862536
0.057652067
0.09608726
0.046173807
0.062487103
0.072676465
0.029846612
0.025840813
0.050620005
0.11515264
0.086928055
0.0170651
0.021655433
0.036562636
0.028643478
0.044295963
0.029092431
0.039737113
0.065094694
0.049574126
0.065977894
0.061865717
0.06660311
0.03750346
0.07035648
0.041044652
0.049449142
0.03576023
0.05826445
0.04539755
0.036101975
0.056855112
0.062883206
0.02953579
0.02143205
0.0229205
0.02218407
0.037715666
0.024547793
0.037196647
0.04232794
0.05892053
0.043343205
0.14910173
0.043428775
0.05826616
0.021468505
0.030275293
0.06840648
0.019454777
0.028065722
0.024176845
0.042059377
0.0519152
0.07742926
0.04603389
0.08297668
0.053126074
0.05036912
0.0333321
0.041065298
0.053627532
0.020951618
0.046677753
0.030840382
0.035723817
0.0459778
0.051375087
0.05216763
0.10490313
0.039598495
0.0139756845
0.04196143
0.03231726
0.028140135
0.07653366
0.034872103
0.031068487
0.028924126
0.037577257
0.03569512
0.080497175
0.07892585
0.04182627
0.023420852
0.05321949
0.082827926
0.033700883
0.028253112
0.03789764
0.035289116
0.039513037
0.043899454
0.06811303
0.04357349
0.03078309
0.07713193
0.10690513
0.056747407
0.018654613
0.033482432
0.04697634
0.065434344
0.019969806
0.09237353
0.04465055
0.11725458
0.0551857
0.0874634
0.049748152
0.029775143
0.028252576
0.041095145
0.035026494
0.10664699
0.0844313
0.052362833
0.05591739
0.028295591
0.044668317
0.05479897
0.029799098
0.04482307
0.06548791
0.053392667
0.054787226
0.073931165
0.013307387
0.05206008
0.08201964
0.043972928
0.04192279
0.05101308
0.045597043
0.069892325
0.09874936
0.12391419
0.041595355
0.03688166
0.026124397
0.08103529
0.0443179
0.14219268
0.1350138
0.032814972
0.12321469
0.076957345
0.054664463
0.03159752
0.025329253
0.026865736
0.060783807
0.045442622
0.05202991
0.029641349
0.07127926
0.032003634
0.056935072
0.027369086
0.039176434
0.05401318
0.11965128
0.091840215
0.024949403
0.042622223
0.04867233
0.034999065
0.09480938
