8.1335125
5.9690814
3.4139838
6.512657
6.629199
5.63157
4.1977525
8.867277
8.32271
8.765904
4.6510243
3.516757
5.2657948
7.020068
6.977119
4.5659485
1.9923557
24.421864
19.50726
13.885247
7.476494
3.3374505
4.7266245
5.126582
4.4999776
5.7284446
5.4100738
3.5589104
10.251838
8.680093
5.5316014
5.1047125
4.163435
5.468753
5.2418723
3.8406258
4.831814
4.8032804
4.250551
3.5685065
7.3997526
5.64701
4.3181086
3.5936484
11.198299
11.462799
6.515483
6.170536
4.708805
4.8277464
7.6187334
5.831784
4.178191
6.5793743
6.863021
5.606695
4.627099
10.509777
10.997941
5.9487553
9.286673
9.264694
6.080377
5.9606915
4.7142577
3.4351678
4.483445
5.146677
3.6589365
3.872498
4.006691
6.7861376
8.17575
5.0927
2.6125429
8.5647335
9.123743
7.148414
5.026225
2.9158802
3.58778
7.544264
7.361595
6.767994
4.2925673
3.0185847
3.396783
4.236136
4.2550373
3.5776098
3.9413137
7.032878
5.817936
3.9843388
2.7741067
8.861583
9.296048
6.8165717
4.8481555
6.6575227
6.6976166
5.28644
2.9909325
7.763687
7.7201023
5.611689
3.1740115
4.082572
5.369523
5.9523754
4.2537985
1.6889789
4.047537
5.005335
3.865007
2.5481987
5.0346155
4.302828
3.0926247
3.8808446
4.2333555
4.1688843
3.18495
4.54474
7.0046854
6.1841426
2.3835373
1.9539927
19.018707
12.133028
5.870548
3.1471176
8.30444
6.2931614
4.398937
2.9617503
4.4813757
4.18968
3.91857
4.6384664
2.3628316
3.3233533
7.5977173
8.384609
5.593897
4.415633
2.6181493
7.239921
7.466359
5.815632
3.8098052
3.5050235
3.475828
5.909603
5.3069677
4.3242426
3.7038066
3.012037
6.3979926
5.687607
3.873651
3.2351022
5.593352
5.5488386
2.8640983
1.6003056
18.854927
18.989603
11.277254
5.543884
3.2714908
4.7148156
5.0216045
5.132802
3.5866523
4.6860332
4.495183
4.986784
2.1145267
2.7792172
10.936676
10.383833
5.866596
4.6253953
5.2501984
5.1786313
4.4277954
4.7878017
