1.1661994
0.67469746
0.7773193
1.6656091
0.620793
1.291915
0.92984813
1.4629083
1.5462074
0.36021486
2.865202
1.0066719
0.52887225
1.8075852
0.659294
0.42157963
3.7216387
0.5598097
0.6919904
1.5962842
0.9191731
0.60531175
2.3048239
0.51416874
1.2844326
1.3359563
0.5798037
1.4773233
0.5007322
2.3826094
0.73291016
0.490564
1.4785638
1.7556918
0.31764856
1.6627047
1.2983377
0.45749396
1.7484772
0.725101
0.9190882
2.6520462
0.5074277
0.67023957
2.9176016
0.7045804
0.49259925
1.9595889
0.7915106
0.9599517
1.1847456
0.37811244
2.3980036
0.863278
0.6706256
1.4983125
0.6039223
1.3402364
1.1202993
0.93704
1.0504668
1.0658445
0.5247667
1.3035805
0.6913955
1.3461213
0.9078487
0.32030547
3.1722155
0.6968698
0.5943117
1.8680528
0.9506903
0.44167283
1.8241453
1.4840808
0.58812785
1.5478144
0.73182213
0.7452661
2.6720173
0.46855497
1.9980708
1.2592463
0.6754739
1.6337273
1.0376335
0.6251727
1.8028945
0.83782744
1.0347866
0.5996548
1.43385
1.8722641
0.38402823
0.9634595
2.3588629
0.41899
1.3992319
0.80319595
1.25137
1.2692221
0.43428034
2.6581016
0.705443
0.30500472
2.169324
0.66616166
0.69697034
2.087831
0.6489315
0.43146443
3.376909
0.4748834
1.8562391
0.36678186
2.884768
1.208136
0.31379837
1.8409365
0.7780545
1.6763003
0.5058697
0.47790414
3.9149232
1.117096
0.4852577
1.7360001
1.5439489
0.677009
0.404643
2.5553393
1.0884242
0.46620837
1.4394372
1.4896791
0.79346704
0.48721138
2.4267476
0.85180455
1.1421658
0.7620729
0.8769047
1.9907609
0.4297887
1.5887167
1.5902519
0.42049503
1.2396932
1.3328311
1.126049
0.30079824
1.9389633
1.2533193
0.3461543
1.4974188
1.7335403
0.5081346
0.728989
1.3937365
0.9125439
0.85603094
0.82506204
1.8762829
0.66591936
0.9335851
2.084449
0.4769246
0.48690116
3.2488606
0.49965477
0.42947257
2.3107266
0.9848299
0.35786122
3.3249846
0.82124573
0.6068388
1.5146594
0.6564467
0.8835448
0.92763114
1.0794472
0.87594306
1.6431633
0.6520552
0.93887067
1.628187
