1.6451894
0.58710814
1.4458447
0.54769456
2.8795779
1.11254
0.4027104
2.5835123
1.4759462
0.5661249
1.2661781
1.3036411
1.896889
0.36796293
1.5015454
2.3380928
0.7777418
0.5055583
4.070632
1.1895496
0.40848333
3.9660835
1.6737787
0.46596223
1.7408445
2.168479
0.97644436
0.4083288
3.1682053
0.59383917
1.1130464
1.6976757
0.5336565
0.588511
1.3610795
2.087028
0.42070937
1.2195102
2.7254822
0.98664665
0.5174856
2.1062567
1.8305318
0.44157496
1.5872817
1.2028558
1.0051188
0.41852555
2.3243558
2.1037743
0.47612453
0.88711417
3.0150425
1.7031889
0.54155266
0.9111733
2.4539194
0.5087992
1.1388351
2.8725386
1.0429089
0.8990933
1.9102936
1.3115996
0.6581776
1.5253305
1.4329056
0.8753715
0.79939735
3.127499
0.86238605
0.8443048
1.3120232
1.2240547
1.1402041
0.995401
1.6474065
2.099624
0.46971527
1.6734734
1.9490743
0.35888016
2.155951
1.5114492
0.5159123
1.1987259
2.134872
0.72988987
0.5209893
1.7285182
1.8630536
0.52836555
0.6950317
2.5019436
0.70566165
0.48967513
1.422773
1.3508716
2.185822
0.5283203
1.272297
2.2310631
0.984462
0.5458805
3.8144815
0.8222103
0.65179694
2.3650901
1.225308
0.35026318
2.0975394
2.256703
0.29514042
1.7792542
2.559141
0.64275336
0.5277152
2.9397812
1.8701384
0.4130875
2.2574215
1.9605646
0.83044064
0.3239699
1.9072595
1.5612478
1.5226626
0.4309293
1.1219815
4.096813
1.1948266
0.19143696
4.8375072
0.9422066
1.7265745
0.2802956
3.658358
1.593425
0.33576572
1.7373698
1.8169963
0.80781615
0.4266845
3.593051
1.7822328
0.27797255
1.9390695
2.4185305
0.26108587
1.9004989
1.8333642
0.4524048
1.6325873
0.6021575
2.1797023
0.60219777
1.299859
2.0760286
1.5142313
0.41173548
1.2155327
3.3394227
0.713535
0.42517868
3.4138427
0.8891866
0.43033546
2.1645072
1.580298
0.954566
1.2083296
2.538351
0.7177324
0.59594464
3.7098827
0.8541245
0.50363815
1.80329
1.6956486
0.902671
1.1416016
2.0794356
0.7891934
0.9485005
2.1418285
1.0325878
0.6297693
2.334344
