4.261836
2.8628058
4.1266975
2.0281026
0.9931745
3.5879588
2.8995218
3.2044578
2.4185476
2.6263597
2.5674746
2.4037569
1.3358974
1.3544853
3.2536082
3.6131244
0.77516854
1.5596254
2.069285
3.5124233
2.4875822
2.192162
1.5193832
1.6022661
1.9984863
1.7830765
2.1789908
2.257129
1.8537861
1.5773215
1.7059875
2.5244823
2.4296803
2.301871
0.92575264
2.7218423
4.359702
4.2169547
0.97878426
1.1259475
1.2433612
4.959135
3.2495632
2.3790913
3.0101886
1.5651488
1.2043893
1.2823259
1.5260522
1.4925661
1.9398631
1.7401576
1.4205223
1.9297234
2.6444612
1.2860487
2.1121185
1.3935645
2.8867967
1.1573566
1.8374228
1.8964235
0.83051705
1.8922784
2.7139482
2.1916797
1.5928254
1.8822027
1.5172017
1.3380998
2.1477184
2.2532835
2.2995057
1.6071647
1.6676881
1.7990429
2.2647743
1.7167805
0.95736897
2.0834842
1.889597
1.3222041
1.5788202
1.5667017
2.7522383
2.0786197
2.1181502
1.1317284
1.2395219
1.4741192
1.9183496
2.4209492
2.364242
2.3972633
1.8788373
1.8071744
1.4861068
2.1012087
2.0155597
1.691194
0.9155395
0.9837896
3.375567
3.3162043
3.0641832
1.4442183
2.1885653
1.1075592
1.784328
1.9440114
2.0667021
2.4362655
2.6604624
2.0592692
1.228363
1.6262408
2.7730446
1.9625505
1.9843822
1.8885884
1.7449553
2.1857924
1.1605232
1.4172463
2.655994
2.7238884
2.0783617
1.8638557
2.3171277
1.8143646
1.8949606
1.2510042
1.6066954
2.1241894
1.7268245
2.2755964
2.0010767
1.9781723
1.9519467
2.169602
2.0293097
1.6622868
2.093481
2.3752294
1.3894162
1.2462583
2.534051
2.7878146
2.3628287
1.7948236
1.5942392
2.2204313
1.414081
1.482501
1.901492
1.6508104
1.8540263
2.1883
1.9025867
2.265092
1.9822047
1.440933
1.3286028
1.8557436
2.4158444
1.4953821
1.4068952
1.4074667
2.0530157
2.9562817
2.4453678
2.0797293
2.4453182
1.9622483
2.0576246
3.6259654
3.9236104
2.5654042
1.969494
1.2480174
2.680985
2.8022413
1.7066294
1.7032406
2.2492619
2.2436767
3.648026
2.3755198
