1.3738043
0.31057084
2.6151404
1.0708549
0.90670586
0.64086974
2.298814
0.7588614
1.2723244
0.8235081
0.9835839
1.9188726
0.6998291
0.40762222
3.5742378
0.61560893
0.5195385
3.969771
0.42400584
0.93618894
2.416088
0.4580956
1.5673596
1.305642
1.0509326
0.672589
1.7491314
0.52937245
1.5444419
1.1819658
0.4458192
3.1033442
0.4881123
1.37204
1.8900266
0.33202147
2.804483
1.0508788
0.35512328
1.48014
1.4782913
0.93004036
0.5986749
1.4389768
0.80344033
1.6937618
0.45244318
1.4496429
2.044533
0.55296963
1.042587
1.028142
1.8196442
0.47362554
1.9518448
0.6646532
0.9512656
1.7379158
0.9259647
1.2663159
1.272279
0.6955145
2.808344
0.40705913
1.3881402
1.4902561
1.3437533
0.31776017
2.125125
1.5330772
0.8596824
0.6495157
3.0299783
0.5739212
0.9945842
2.2614026
0.976243
0.5113428
2.6879263
0.67896044
0.7682817
1.6411631
1.020525
0.64082605
2.1518788
0.5660039
1.9670904
1.3170842
0.67271376
1.5355726
0.72396713
0.50207627
1.487617
0.82838964
1.4075236
0.28981078
2.206566
1.2758651
1.1767334
0.7295496
2.7882473
0.6067077
0.9191775
2.122604
0.67032516
1.1872339
1.5012058
1.2530454
0.37368166
2.5756311
1.776806
0.3494897
1.656433
1.6999419
0.53427505
1.4955826
1.7046382
1.0289271
0.64802694
1.1984667
0.99549776
1.8055152
0.25521109
0.9417192
3.4812212
1.0285143
0.4796527
1.3875028
2.6215892
1.0422548
0.5097184
0.935727
1.9421594
1.2739995
0.34817886
4.5083632
1.0891128
0.31560713
1.2253904
2.4487855
1.1884184
0.38451213
1.5907543
1.2461299
0.45386356
1.4149805
1.5933858
0.8653848
0.42280728
3.0458224
0.94969046
0.6301496
1.2375742
1.8830783
0.8082561
0.6955931
2.0092158
1.010084
0.4246836
1.289763
2.1809697
0.50350225
1.3601887
1.1683717
1.0668993
1.2719917
0.79728144
1.0533392
0.41648784
5.4986143
0.34336615
4.272889
0.38445216
2.0469131
0.9543108
0.21712793
4.2237597
1.0123901
0.64404476
1.8535907
0.6485153
0.9490843
1.043675
0.71789795
2.353867
0.78496474
0.5283931
2.9560685
