1.8941121
1.464149
2.3889306
1.8645072
1.8047028
1.7637527
1.861188
2.070768
2.2424338
2.015952
2.0414376
2.5085266
2.0960011
1.5574428
1.8791199
1.9466525
2.3779564
1.9991497
2.056985
2.1483815
2.7266836
1.9165328
1.0845242
1.7110494
2.6258705
1.8474792
2.5910745
2.1585848
1.6831827
4.3143883
2.471614
2.645128
2.3976421
1.5898168
2.2059932
2.4097977
2.8092923
2.495814
1.5027133
1.7275985
2.6127546
3.6288729
2.512879
1.6358196
3.2907434
2.9025455
1.9629251
1.9061905
2.2849047
1.9222151
2.3321478
1.7138584
1.3669333
2.1987193
3.0877047
2.161701
2.1872332
2.406313
3.7168815
1.7913799
3.0593216
2.6434314
1.6755133
2.2338486
1.7277887
1.5539258
2.0889144
2.0692399
1.9519536
2.3393183
2.4216938
1.9026294
2.2051282
1.8427913
3.5853105
3.1111538
1.5578015
1.585427
2.6016421
3.0607483
2.4974525
1.3727688
1.477766
2.0957265
2.280907
2.668202
2.5844345
1.7693808
2.0635993
4.0099826
3.9136367
2.6194286
1.8597723
1.7541935
1.7486417
2.5138474
2.7165227
2.4222612
2.1604912
2.6034646
1.8419359
3.4834585
1.902957
1.7005057
2.1664865
1.9188406
2.401198
2.5248103
2.5208678
2.0708337
1.8398478
1.8207827
1.749479
1.4639895
1.942193
2.607924
1.2383493
3.9357011
3.104566
2.6231222
2.5315833
1.5867795
2.5963678
2.9292688
1.3177131
1.8889935
4.728775
4.0152617
1.8182795
1.6273837
2.1382117
2.333735
1.8509998
2.0685554
4.450438
2.059877
1.4020047
1.6564211
2.6814005
2.3416991
1.9335148
1.77819
2.5437942
2.2673259
1.857773
1.0919694
2.8741612
3.6172714
1.6363921
2.7945075
2.2917345
2.0956635
2.6954694
2.3527362
2.8076773
1.1457181
3.0431848
3.60111
2.9574933
2.8504221
1.2572446
1.356699
5.5405884
2.0558238
1.6340448
4.597064
2.1446946
1.7714374
2.1953635
2.2385225
2.2700188
2.3510814
2.3421822
1.9611098
2.5618453
2.1224232
1.8540828
3.4175208
2.793704
2.571278
1.4657471
4.9161406
2.7001643
1.5582396
2.1239872
3.303983
2.6875677
2.0488338
