1.8220528
1.903314
1.7883835
1.7240654
1.8068153
1.8311206
1.7791201
1.7458615
1.8344622
1.8820194
1.9076521
1.8818734
1.8380724
1.828221
1.857254
1.8997124
1.8314164
1.8495768
1.8045399
1.7903931
1.8146789
1.8685503
1.7062917
1.8139077
1.7937123
1.8829916
1.8497052
1.9667499
1.8263624
1.8858905
1.7734472
1.7587147
1.7504299
1.7682492
1.9147578
1.6989901
1.7317405
1.8624035
2.0838299
1.9012054
1.6922055
1.8950434
1.7533624
1.894814
1.9083505
1.8465986
1.8325782
1.7922995
1.7062716
1.7328022
1.8730804
1.8662962
1.9111767
1.6807122
1.7362528
1.9217706
2.0170238
1.8600401
1.8260059
1.7981198
1.758168
1.7984593
1.7643213
1.8249657
1.7349495
1.8224914
1.8397439
1.8547349
1.7935112
1.8281124
1.8668314
1.954368
2.1368215
1.835886
1.8308812
1.8846964
1.7603241
1.8061421
1.8512518
1.7994353
1.8278847
1.8082585
1.8499606
1.9071248
1.9484259
1.8781106
1.8587784
1.8145971
1.7875178
1.8241601
1.8353139
1.863851
1.9247341
1.929774
1.8553878
1.8010049
1.7402828
1.813154
1.8009031
1.839983
1.8390532
1.76297
1.7702472
1.7349946
1.8280501
1.8650358
1.849302
1.9473257
1.7814288
1.8712986
2.0312512
2.021583
1.929122
1.845889
1.8847058
1.8890579
1.8207024
1.8109481
1.8620856
1.7481441
1.7569914
1.94485
1.8449872
1.8085842
1.885299
1.8005416
1.7936367
1.875524
1.8842533
1.9512013
1.782521
1.8544955
1.7723675
1.7412224
1.7685735
1.8130813
1.7809322
1.8670955
1.8606541
1.804174
1.8187734
1.8875844
1.9510783
2.002334
1.9878972
1.887398
1.7461362
1.8180411
1.8553894
1.8291528
1.8227433
1.821769
1.7988307
1.827181
1.8623731
1.6829014
1.7756842
1.8976301
1.9207869
1.8239944
1.9229274
1.8524133
1.9257548
1.9827837
1.949846
1.8242117
1.7283916
1.9374014
1.8679494
1.8585727
1.9238191
1.8007529
1.8511498
1.8254449
1.8738872
1.7817321
1.736314
1.8090255
1.8602481
1.7622645
1.7898452
1.733209
1.8276064
2.1527944
2.1099124
2.1047843
2.0204656
1.7308558
