1.2474139
1.417486
1.3944027
1.166627
1.3894193
1.3021183
1.3202592
1.6334373
1.5630186
1.5721964
1.6207906
1.906838
1.7334013
1.9439753
1.6338837
1.4451791
1.42616
1.4110247
1.4968541
1.5982059
1.3328831
1.2550066
1.3693395
1.6273826
1.2252895
1.4549347
1.4805315
1.4175417
1.4930172
1.4810369
1.5738659
1.4865191
1.5748093
1.4196332
1.3389956
1.4627563
1.5210587
1.4493837
1.4675431
1.3781049
1.3405936
1.3956091
1.3483851
1.5303973
1.5890089
1.488814
1.3843749
1.5595435
1.5122945
1.343544
1.2868614
1.4463408
1.5444561
1.5665892
1.6046937
1.3684895
1.557073
1.5738966
1.2983772
1.4586123
1.3670264
1.6270134
1.4068455
1.4284997
1.5602438
1.4423058
1.4205904
1.5099616
1.5803701
1.3694942
1.6060853
1.6159265
1.6587698
1.5032806
1.4233658
1.7277486
1.8717833
1.5811167
1.4193068
1.4094208
1.4902028
1.5135794
1.4228102
1.4055612
1.5543988
1.4976699
1.4791281
1.4967494
1.4565146
1.309889
1.4891229
1.3813837
1.2753694
1.4150376
1.4523029
1.6118934
1.4477708
1.4953701
1.3560085
1.4621396
1.6373453
1.4516208
1.3668222
1.4366815
1.5522816
1.3848258
1.432692
1.440271
1.3547376
1.5447596
1.766178
1.7377427
1.3130645
1.5080345
1.3657241
1.430435
1.2686423
1.4848127
1.5994201
1.4522413
1.3861775
1.3878388
1.42804
1.5347711
1.5350662
1.3943025
1.499511
1.3584538
1.5242617
1.3851563
1.5112053
1.4065511
1.363336
1.2597623
1.5122949
1.5971594
1.5598774
1.5539943
1.585693
1.4453254
1.4449592
1.4082117
1.5425498
1.5930421
1.4308872
1.2566546
1.3624252
1.59707
2.106369
1.360996
1.429544
1.5741651
1.4419147
1.3581998
1.4784817
1.4455036
1.4459538
1.4269512
1.4839679
1.5717566
1.5784086
1.272924
1.3913314
1.4382215
1.3992922
1.7532085
1.3388197
1.340328
1.453253
1.4531748
1.4258287
1.499377
1.3327706
1.3695979
1.5285457
1.4281981
1.3418989
1.3377866
1.4145315
1.3669505
1.4421768
1.5999575
1.8267264
1.4522202
1.4477218
1.6016903
1.4476693
1.2953475
