0.04473462
0.05156374
0.040111832
0.08340627
0.04108634
0.21104233
0.10232914
0.10625403
0.043146566
0.10937194
0.039870776
0.05318794
0.033237934
0.022790482
0.035282083
0.029010182
0.099197865
0.10118717
0.17179468
0.14768262
0.38181776
0.2757408
0.102407426
0.046282742
0.09927913
0.024255812
0.08712408
0.019459497
0.07711545
0.044331737
0.059598904
0.06623794
0.055108383
0.07230137
0.07952232
0.05150658
0.08491644
0.10257416
0.031248046
0.046265267
0.06253436
0.064546004
0.059241377
0.08819884
0.073574096
0.039433487
0.014719668
0.82255846
2.3105977
0.22298786
1.7277766
4.7812743
5.578953
0.65491325
1.9532875
6.5062227
1.017603
3.2299511
5.4656177
3.0955045
1.8798949
3.5340033
1.0872229
0.803066
0.49862263
0.40489185
0.71983993
1.4090912
1.7136246
0.5683656
0.41627553
0.33286184
0.75546515
0.4596515
0.28618377
0.5698838
0.43069848
0.77102256
0.74021643
0.4005627
0.382053
0.8473001
0.58752155
0.3156127
0.4470778
0.0997859
0.7021115
0.8749337
0.30001402
0.2540499
0.16045532
0.24459863
0.51855046
0.13405105
0.19250183
0.12190257
0.23881313
0.15428299
0.4062933
0.5410859
0.2679462
0.53070176
0.80531925
0.37462023
0.17705499
0.20669417
0.14378446
0.10037094
0.14357205
0.31137076
0.5607017
0.29476827
0.2277036
0.23138455
0.098843835
0.26755106
0.10093571
0.21074015
0.074291304
0.25646836
0.103930905
0.4049117
0.2784698
0.32435787
0.17979935
0.1081565
0.18517806
0.15098871
0.2384641
0.13999894
0.19226259
0.08256163
0.33013064
0.10754832
0.13186225
0.21240437
0.06104086
0.14429362
0.09170452
0.13048485
0.18340117
0.06469369
0.3623803
0.3517026
0.083681695
0.09337834
0.23554447
0.15369298
0.08961096
0.10809967
0.10963782
0.12636787
0.08488438
0.085376106
0.10326941
0.05696753
0.18925121
0.19638099
0.084381245
0.0468176
0.1551796
0.13208658
0.09782779
0.088417605
0.11308336
0.111519195
0.0926163
0.06838603
0.072591186
0.09474443
0.11597214
0.11597562
0.09050129
0.17683564
0.31518808
0.07510904
0.29448366
0.15150017
0.24719763
0.12082464
0.1488812
0.06512736
0.08013188
0.0662681
0.06765705
0.19819747
0.11334243
0.07195592
