1.7831699
0.9202667
2.2364726
2.6702552
0.65621364
2.28174
2.4440477
1.0588813
2.4875972
1.8551903
0.9151918
1.035221
3.9973633
1.1468501
1.0266962
2.4991822
0.51096535
1.5560591
2.1685987
1.5128984
1.7782567
1.2102628
0.9502582
1.5579308
2.8051653
1.3149483
0.78373206
5.693268
1.0188372
1.7735032
2.4929156
0.8347814
1.3848462
3.053549
1.5595874
0.8494301
2.2260346
2.507761
1.32206
0.9966153
1.8948495
1.6957294
0.39055443
3.9139605
1.9501758
0.74306774
0.9408555
3.2409935
0.6583879
2.2689662
1.2261407
1.259882
2.1966057
1.6889503
1.1518643
0.6304401
1.7664897
1.8642633
1.3576603
0.7362572
2.5224054
1.8552549
0.5590448
2.9341996
0.9251547
1.03039
2.178909
2.3936737
1.6010756
0.90471435
3.9891453
1.7942114
1.0412478
2.0506968
0.5989594
1.6791074
2.6148925
1.7220616
0.84517324
3.8338077
2.0011504
1.0897291
3.0202553
1.2955074
0.9684135
1.3930771
3.8277514
0.30415908
3.349952
1.4071958
2.045198
0.14278384
4.237064
2.2744684
0.7756015
1.6781306
2.0893793
0.8681771
3.621522
0.8219346
0.77144575
1.8504479
1.5744927
0.74204236
1.8572726
2.3655062
0.8343737
2.5271268
2.1175058
1.4244748
1.1891217
2.801627
0.8339408
1.6973286
1.2833428
2.1253514
0.9645037
1.2776021
1.7288287
2.01681
1.485908
3.5574596
0.36146075
3.3343453
1.7386007
1.080056
2.0073142
1.2722436
1.1179793
1.2411132
3.3525357
0.34632584
2.6797726
1.3960233
1.247011
1.8712367
1.3076566
1.2811093
1.2975513
1.6824453
2.4146938
0.9188636
1.8397225
2.0745864
1.7280288
0.75934994
1.1270428
1.9273899
1.9974924
1.4049122
1.2081044
1.6209852
1.6452997
0.7405977
0.89097995
2.699431
3.3375676
0.70618045
0.9054966
1.6508598
1.5886998
1.4369094
1.6420507
0.94446456
1.7510158
1.4691606
1.6709756
0.929268
1.8027029
2.029823
0.29749122
4.6979313
0.7648007
1.4485352
2.224412
2.077518
1.0290663
1.034652
2.1465895
0.7148091
3.7061057
2.0241938
1.5997332
1.9471971
1.6216626
1.1952451
1.8483381
1.694288
