1.8391789
1.9671783
1.8298287
1.7994637
1.7968504
1.874908
1.940275
1.9546239
1.8698003
1.8757458
1.9203869
1.8783371
1.8481133
1.8746359
1.8195902
1.7977383
1.8379042
1.9481356
1.9167252
1.9452006
1.9532424
1.9620513
1.8705617
1.8964951
1.9114562
1.8793879
1.905557
1.8904812
1.8495839
1.9742866
1.8583819
1.8349783
1.9214637
1.8604603
1.8801813
1.8414927
1.8118842
1.902455
1.8877892
1.9036003
1.8707906
1.8611784
1.8929772
1.8696253
1.9208833
1.8201213
1.9013653
1.9668112
2.0428808
1.9278944
2.0049956
1.9827901
1.9806454
1.9265752
1.8143077
1.9218812
2.0217695
1.950827
1.8192371
1.8394077
1.8191161
1.8812118
1.9083674
1.9175496
1.908431
1.9117742
1.8339477
1.9311568
1.8888097
1.9553678
1.8650553
1.8864319
1.8577275
1.9101648
2.034515
1.887789
1.8781977
1.9880881
1.9909183
1.944834
2.033699
2.182929
1.9695542
1.8621681
1.9209492
1.7925558
1.9160401
1.9202087
1.943281
1.887703
1.8622
1.9668181
1.8540981
1.8507817
1.9634869
1.8531009
1.9050319
1.8780341
1.8776953
1.9066523
1.8980196
1.9034169
1.8926401
1.9158859
1.9695531
1.865978
2.000829
1.9400618
1.9819145
1.8532739
1.9306612
2.005415
1.9557254
1.8991333
1.898243
1.9500837
1.8948438
1.9438624
1.9286226
1.7318535
1.9353747
1.8674375
1.9077864
1.8593643
1.8643245
1.9488611
1.8415945
1.9796745
1.9177173
1.9896383
1.9006047
1.820732
1.9060771
1.9153678
1.9421074
2.0263872
1.9134104
1.8683143
1.9080787
1.838928
1.826704
1.9128773
1.8435888
1.958356
1.9467461
1.8642535
1.8973873
1.9266163
1.8710634
1.841741
1.899441
1.9165679
1.8379709
1.960345
1.9887093
1.8418186
1.8166708
1.9348812
1.876953
1.8555676
1.9114729
1.9736412
1.8109705
1.9839871
2.0233467
1.9762712
1.9666994
1.9805328
1.9380106
1.8813014
1.7779969
1.8398656
1.8004363
1.8583999
1.8207102
1.9430304
1.9226799
1.8759737
1.9981418
1.9349589
1.980592
1.9326863
1.8620499
1.9787654
1.8781075
1.8725554
1.9304179
1.8939551
