0.597579
0.8372197
0.8602772
0.6134074
0.7087229
1.1284102
1.2154387
1.4616306
1.3021196
0.775537
0.8835418
0.85177565
0.8281766
1.2244382
1.9598122
1.215995
0.7823132
0.75325286
0.83780277
0.83668435
0.8612947
0.9353939
0.7843698
0.9391935
0.71098685
0.6184467
0.8743367
0.9117776
1.1532288
1.6818949
1.4227045
0.99822533
1.6321224
0.8270259
1.1047629
0.86594975
0.6707065
0.91533554
0.6585611
0.82684696
1.0991983
0.7456442
0.81820893
0.90088356
0.81521714
1.0480269
0.95856297
0.8349367
0.86405754
0.88003147
1.2468636
1.16443
1.176933
0.7963551
0.7734103
1.0094521
1.0066428
0.8499975
1.0211754
0.97316885
0.7668096
0.7317323
1.0999131
1.3237925
1.3506916
0.8531184
0.5041326
1.0980375
1.1501427
0.64993703
1.4887359
1.5233364
0.6528617
1.0732875
1.201979
0.8037726
0.7670995
0.9112614
0.9588792
0.8980168
0.7792798
1.0243809
1.0664562
0.81733465
0.79455936
1.0017011
1.030453
0.84468555
0.83909714
0.84603596
0.78626615
0.9576241
0.8674382
0.74593735
0.7625232
0.9210311
0.8163918
1.0979036
0.7462909
0.9492162
1.062608
1.0214181
0.83538973
0.781284
0.7826383
0.7900724
0.93888175
0.9044411
0.84332514
1.0594153
0.6603342
0.93798625
1.3849844
1.0105133
0.84301186
0.9077425
0.80050445
0.70784825
0.84207785
0.5880878
0.99848235
0.79016817
0.63035274
1.000594
0.83112824
0.70425546
1.0340035
1.1636809
0.5972054
1.0001148
0.83550847
1.1774358
1.0415134
0.94890046
0.96194106
0.6600793
0.81740296
0.6657971
1.0739759
0.6003391
0.6497669
0.63807225
0.89659286
0.76048064
0.80712205
0.9423034
1.0882974
0.6369592
0.66187716
0.90912485
0.9073017
0.79362935
0.70734334
0.651465
0.7895051
0.9348072
0.96916157
0.81145895
0.77467334
0.7778094
0.90794194
0.9328837
0.86810434
0.8582167
0.68068814
0.89677036
0.6898396
1.2096177
1.0806434
0.6094395
0.61729044
1.024027
1.4268906
1.0608634
0.8062154
1.0699396
0.91911644
0.6856403
0.61221063
0.75954926
0.76972973
0.75661993
0.98741484
1.2617297
0.8642503
0.6093775
0.7424669
0.5262238
