0.06104949
0.13216797
0.039211392
0.09867071
0.047802664
0.09383109
0.058155566
0.22659847
0.12726481
0.056227103
0.12815534
0.0914152
0.1099295
0.042361125
0.2169916
0.28287923
0.21079469
0.13086401
0.044469837
0.44073364
0.02418733
0.4749023
0.1266212
0.038907997
0.23757043
0.032452673
0.03119787
0.022296635
0.08258215
0.077545986
0.113458715
0.05830263
0.03447789
0.13905853
0.099856354
0.34606755
0.137901
0.15299083
0.011184801
0.07289937
0.07076555
0.02332988
0.07869523
0.050038803
0.18216926
0.16599095
0.11924501
0.0633363
0.027266338
0.03159655
0.051293693
0.194144
0.29818183
0.20662549
0.27332532
0.047272913
0.021670558
0.017958615
0.048386116
0.06312701
0.09045705
0.1408647
0.14950718
0.05648598
0.06954272
0.05476046
0.083948635
0.07395111
0.15034968
0.033591777
0.048370726
0.05264121
0.13325131
0.11286929
0.11857668
0.0526419
0.042613633
0.07340347
0.039311945
0.08331546
0.035245545
0.05026894
0.14240986
0.115216166
0.06750453
0.03781346
0.0285118
0.037740685
0.04924137
0.11002785
0.1109923
0.18592072
0.20644027
0.080228925
0.027263861
0.0510268
0.04526252
0.0558607
0.09799044
0.044592466
0.20116475
0.07456217
0.027994998
0.1290617
0.16698708
0.04595974
0.077426545
0.13227385
0.18220223
0.1350423
0.033941515
0.0905976
0.16354206
0.051828504
0.10107916
0.026192158
0.047639694
0.15896676
0.1381127
0.24463654
0.18837246
0.026883962
0.0826775
0.020300305
0.036231987
0.0412876
0.017424012
0.123024166
0.07353755
0.074095
0.074114494
0.06609489
0.16284665
0.316577
0.11260699
0.03427278
0.044601142
0.09058713
0.06679125
0.045058995
0.09643936
0.053705856
0.21147546
0.16278373
0.12451832
0.028511826
0.10779044
0.038092494
0.02484385
0.016366448
0.022342764
0.045925178
0.10266783
0.14934647
0.035227
0.041364834
0.075140886
0.017750192
0.097973354
0.07174171
0.035461217
0.0800179
0.017060496
0.041913185
0.057217367
0.0880162
0.08381896
0.1078358
0.024087047
0.011295145
0.09982333
0.08910515
0.07115584
1.0282067
4.6928544
0.026474005
0.036377206
1.0191959
0.4564969
0.090671346
0.009631974
0.059226915
0.39478526
0.1173158
0.24112794
0.049660023
0.2900586
0.052225117
