1.8070136
0.78715134
1.8159817
1.853244
0.9527018
1.3068871
0.9354991
3.2651
1.4766643
0.36710107
4.6501484
2.5277915
1.359176
2.203667
1.9116764
0.7901268
1.1889355
4.927498
1.6262714
0.8145113
1.0321927
2.6011872
1.7544293
1.1164315
0.69489545
3.149121
2.0041625
1.0240525
1.528965
1.8746903
1.4233305
1.4302135
1.8227162
0.9457078
1.049243
4.070152
0.8547088
0.74805725
2.2673903
1.9711022
1.1470219
0.38980082
3.9374993
2.101067
0.4038698
5.5707455
2.1336448
0.48170868
2.756015
0.6405565
1.9170517
1.9492292
1.9219009
1.2781103
1.2988439
0.9498304
0.8099637
1.1816498
1.5528991
2.3259895
1.4282241
1.0938857
0.98490983
2.9772615
1.0698941
0.5463152
2.1588697
2.0060582
1.1138153
1.4894855
0.8556311
1.5138291
2.1262662
1.6365663
0.78218865
0.74280834
5.0777655
2.439001
0.57450294
2.911878
2.5486672
0.584384
1.7560438
2.8523989
0.66305614
1.3859808
1.5453519
2.119785
0.6849375
2.0554566
1.6583354
0.72722626
1.3180894
1.145117
1.7657187
1.4252352
1.451746
1.5497904
1.1147048
2.4677222
2.6067853
1.8945028
0.16758479
7.293052
0.8532373
0.2729176
5.7800508
0.6505879
1.0549161
1.7591791
1.4510889
1.0855298
1.6062886
0.597404
3.716549
2.1861804
0.6918564
2.4385538
2.2689114
1.0565977
0.33239603
6.156297
1.7618794
0.3640711
0.6515293
4.469686
0.7233212
2.4922957
2.1244683
0.6919645
1.6989913
2.1582856
2.1081245
0.28991234
4.2989545
3.0710154
0.43505633
2.7494524
2.3391283
2.204679
1.823161
0.50115025
2.4755695
0.9746312
1.2350957
1.9183521
1.7617708
1.4311168
0.42306587
5.0826654
1.7405555
1.0534749
1.3991964
2.0414639
1.7183061
1.5136607
1.5939616
1.8291578
0.6021315
1.4161285
2.570919
2.4760659
1.1565535
0.40512326
5.8411202
1.5953789
0.2133658
8.605932
1.473288
0.9373543
1.9699439
1.3183264
0.7424499
2.6533303
1.2175467
0.76053345
3.3213239
2.1463118
0.8547018
0.91523993
3.0469193
1.294535
1.0215986
1.477241
1.867556
1.1999176
1.1768124
1.7576475
