2.4606
2.9195042
4.041603
4.0963984
3.6369436
1.6345575
6.7166233
5.0015683
1.7186825
2.6371102
15.344263
8.177841
5.3247123
2.9964848
17.03782
16.367195
8.055272
3.3327203
3.8657804
6.796083
6.0519433
4.8971825
2.1164534
1.4162245
6.702681
5.894578
4.8367386
3.212158
2.2280498
2.8372588
4.927501
4.960844
3.6713214
3.2584362
2.7470615
8.155474
7.592478
5.8037195
3.994687
2.3304925
5.6327705
5.8914537
3.926012
3.1062784
4.609851
3.7241974
4.541649
3.1417608
1.833811
2.6947768
2.9325352
2.891425
14.403519
2.2248769
0.52691954
23.914768
8.775214
1.1870958
7.7557416
5.713949
3.4278035
1.5038178
13.928215
7.2779646
3.7747126
5.653967
5.718633
4.013073
2.5713477
7.3870783
4.03283
3.5043378
4.060382
4.361464
3.4968224
3.1652298
3.7892122
3.5780053
3.7908561
2.881115
2.85359
3.5736332
3.5157638
3.4201112
4.4330673
4.273159
2.027279
3.2210565
3.9965446
3.2670584
4.0545025
3.3631482
2.2726626
8.968605
6.5198565
3.0032125
3.7528336
5.0454216
4.9019713
4.1725755
1.6994512
6.9623637
4.9960213
3.5627136
2.838077
3.1226277
3.3569264
2.91989
3.2973387
5.7220035
5.413007
3.2458582
2.3013313
3.605112
3.5776153
3.3287165
3.6295967
3.969895
2.6894226
3.020106
4.6346154
1.629101
3.2971673
4.916113
5.3781786
3.309875
2.0415335
2.7869835
3.3446777
6.626545
4.355755
2.3912358
1.8265722
3.1878033
7.8492184
3.895605
2.181149
4.244276
3.3258862
4.34999
5.047444
4.3452387
2.6808648
3.0657508
4.157974
4.34912
3.8151183
2.215446
2.901248
3.5510635
5.540986
5.529198
4.1743584
3.0107338
12.982745
9.218465
5.836196
3.2013154
4.700374
5.817086
3.669084
2.9143593
14.27944
8.583934
5.092984
3.429984
3.9459364
4.925318
4.508087
4.4642057
6.8011136
5.857626
2.31956
2.3434978
20.241747
20.627811
6.555156
1.1812118
18.455498
14.426454
3.7184982
1.251445
16.374138
9.046013
4.7787614
3.6278484
3.821719
7.991595
