0.02075027
0.15035775
0.21236876
0.45491752
0.12891057
0.37135306
0.9178081
0.70766425
1.3306781
1.6722667
2.3945088
1.7860762
3.3030307
1.2983521
1.2092179
0.77579165
0.4757163
0.45232376
0.7219013
0.5980588
0.8808459
0.6852782
0.13323408
0.81599
0.54084057
0.20865002
0.16290979
0.19442144
0.19006565
0.15197714
0.22970991
0.7710271
0.33010727
0.5883924
0.9628734
0.6116872
0.14215028
0.18393347
0.21758664
0.26534224
0.18775593
0.17822015
0.26255095
0.13899851
0.1624204
0.24604109
0.12731011
0.22425981
0.14382753
0.13638104
0.15144394
0.28632283
0.6379081
0.37354758
0.2598547
0.10149714
0.18739934
0.27469212
0.23519239
0.14751261
0.18146245
0.29158702
0.2890954
0.1261396
0.15855646
0.12904169
0.14714181
0.1858674
0.35267404
0.18529972
0.59923226
0.8084746
0.06496937
0.48459783
0.08613569
0.18261512
0.17622353
0.8786051
2.2407286
4.430639
0.5334108
2.5507343
3.3206894
0.58257574
1.1130201
1.2140526
0.58943844
0.283303
0.16610007
0.74034
1.7329773
2.178363
0.5779022
0.2997114
0.16567591
0.7051799
0.85637534
0.91878074
0.34495312
0.39869815
0.4809161
0.3777216
0.19789518
0.27825797
0.20314771
0.22511062
0.2869781
0.4524976
0.7072708
0.5572433
0.090065956
0.6196827
0.44966003
0.19380698
0.3302729
0.66189474
0.3272883
0.21210784
0.34524933
0.4862864
0.11489956
0.25942
0.26825753
0.13918778
0.20492944
0.1777413
0.52054167
0.5304194
0.18144146
0.18559009
0.14460416
0.2873941
0.25399113
0.18582486
0.17444271
0.1731192
0.48629808
0.28041413
0.17081834
0.21552582
0.1677925
0.13526335
0.3479441
0.103831604
0.2917583
0.19316211
0.089892395
0.18123236
0.26536545
0.25384498
0.2026183
0.14922673
0.07970159
0.21046916
0.18995655
0.2890143
0.13085434
0.13508135
0.1262905
0.15863521
0.17284626
0.1717704
0.15955344
0.12273508
0.08470342
0.19390245
0.19567683
0.31329143
0.19143972
0.13703981
0.114599064
0.122306705
0.16848311
0.1016974
0.14398396
0.10133227
0.15647931
0.11505086
0.09897138
0.13060889
0.109810635
0.17329177
0.16876398
0.095083535
0.12283483
0.117838286
0.16353057
0.070178844
