1.218037
0.77791834
0.9007065
0.96867734
0.6699127
1.3989501
0.6060287
1.3072338
0.66355294
1.0811173
0.79260343
1.2674505
0.79132885
1.0158688
1.072152
0.39232072
2.611557
0.74663997
0.4499989
1.1553009
0.9346194
0.72696424
0.93530625
0.9082103
0.8025538
0.87302643
0.7363928
0.85910535
1.1916385
0.79586804
0.6333978
1.2175705
0.8254476
0.70796037
0.8805757
1.1335554
0.839411
0.7489173
1.148477
1.1210539
0.71075845
0.82296157
1.1204963
1.0611688
0.70988584
1.1784436
0.8441793
0.8531464
1.0800235
1.1570613
0.6658484
1.5146611
0.6326326
1.0204781
0.97129536
0.9093592
0.8264266
1.144685
0.7153539
1.0647119
1.253373
0.29999685
2.2344232
0.7328299
0.6053758
1.3264544
0.8482486
0.60739326
1.0422456
1.186707
0.6235641
1.2121658
0.9225613
0.613047
1.0361704
1.1561782
0.6536832
1.0069145
0.91560894
0.8522988
1.0201749
1.0737622
0.70351315
1.3588797
0.7248264
1.1091592
0.7840899
1.0671718
0.89107853
0.95179164
0.89380586
0.81111217
1.0168779
0.70301515
1.1043569
0.90675974
0.70199317
1.5312836
0.48699716
1.1938598
0.9115677
0.7365264
1.6196191
0.4483293
1.5543735
0.92652106
0.65646935
1.4682294
0.9090456
1.05897
0.79125893
1.013269
0.80162925
1.0667639
0.63789624
1.5772518
0.6970109
1.0480912
0.9958435
1.1639398
1.041629
0.5978402
1.1274378
1.0175679
0.67218345
1.2239516
0.9355838
0.9943513
0.8569819
1.2167304
0.70265543
2.4055355
0.43093172
1.1447222
1.0502689
0.67746466
0.9602454
1.0602305
0.63751435
1.2379472
1.0736873
0.7683431
0.8529905
1.0431495
0.8816222
0.85461473
1.2021447
0.57756925
1.4083061
0.5342576
0.92833805
0.96413875
1.2943513
0.4175068
1.6885517
0.77926624
0.7316897
1.5159707
0.7261584
0.78037775
1.6462039
0.72315466
0.7200435
1.2484462
0.8182465
1.324272
0.54789793
1.9172161
0.5642247
0.5728421
1.3004055
0.8736503
0.7471081
1.1000423
0.823032
1.043344
0.81915504
1.1218557
0.78000903
1.0615628
0.73515415
1.39482
0.48712924
2.0800605
0.9721937
0.5088917
1.0996331
1.1542848
