0.94113827
0.9285697
0.85266125
1.0463899
0.7101782
0.8373003
1.6132917
0.6837114
0.9351859
1.0664444
0.91114795
0.79042673
1.0350018
0.87051785
0.98395383
0.90914667
0.9402869
1.1983578
0.5156731
1.175319
0.8042224
0.961248
0.7838975
1.3618509
0.6585591
1.2109406
0.68020725
0.7626225
1.2415047
0.73665017
0.87807465
1.2699085
0.84605753
0.8584565
0.801484
1.740706
0.62218356
1.1339797
0.78062457
1.4186301
0.8379986
0.70874965
1.3968349
0.96163654
0.8038156
1.0950469
0.7755711
1.0920668
0.78218615
1.2916081
0.5649179
1.5900457
0.9051997
0.7539128
1.1106155
0.8064782
1.003685
0.909362
1.037317
1.1525722
0.9371626
0.5426394
2.4237118
0.5359549
1.1680567
0.827873
1.4707065
0.60989285
0.99370664
1.3010495
0.63804525
1.4450997
0.7216258
0.5596752
1.7124338
0.7429093
0.96068
0.90834403
0.9883826
0.9663342
0.7986449
1.5704526
0.6292566
0.99217874
1.1671109
0.7565987
0.7398908
1.5769882
0.616614
1.1490772
0.82933146
0.8851247
0.8550918
0.95849097
0.9009865
1.2397093
0.6201182
1.2502372
0.9371842
0.6279851
1.8567045
0.5712116
1.1315792
0.8475967
0.91372323
1.1825249
0.65112376
0.9620633
1.4862864
0.4817561
1.5501188
0.5965471
1.1520429
0.83553344
0.6920568
1.0495746
1.1123321
0.71432805
1.0011206
1.1508874
1.0429399
0.6743307
0.9051149
1.3139303
0.7743982
0.8589246
1.041898
0.9936937
0.70722985
1.3244874
0.57264227
2.0367436
0.54543024
0.75178844
1.6879505
0.69052875
0.5616742
1.6632226
0.72022974
0.7591322
1.400317
0.80464154
0.60242486
1.2609298
0.8617416
0.8625498
1.240795
0.8059858
0.9834709
0.9150048
0.53969973
1.503407
0.7704886
0.703233
1.1005933
1.0342047
0.6307632
1.646616
0.55911267
0.9299164
1.2023745
0.887621
0.57096916
1.6185045
0.7304158
0.857952
0.9257556
1.0140147
1.047658
0.50358224
0.9839894
1.3535845
0.5187713
1.0286821
1.0381408
0.8008758
0.9376154
0.9318812
0.97748303
0.808487
0.88443947
1.0507822
0.7068566
1.2790364
0.78961194
0.78766906
1.097119
0.8053938
