0.07143597
0.09698178
0.17055343
0.12996194
0.09116974
0.07861957
0.089019194
0.117430836
0.18847592
0.043770544
0.25095773
0.2559455
0.078474365
0.07751559
0.17146419
0.08280196
0.19888398
0.23746778
0.075953506
0.23586413
0.058506668
0.37508026
0.17945728
0.3554844
0.28469238
0.0705501
0.13043569
0.08960261
0.045057453
0.13652453
0.16143315
0.098423585
0.11990562
0.16792065
0.0682807
0.15933071
0.03297042
0.09716066
0.061005063
0.08218431
0.08268632
0.055963494
0.072114974
0.15527925
0.06900613
0.2212646
0.08326475
0.17108078
0.09504586
0.09671784
0.099476874
0.08656633
0.06383679
0.0882191
0.12220231
0.20260966
0.050857197
0.12108941
0.119870275
0.054269273
0.07614993
0.123188525
0.051623538
0.06422419
0.15303427
0.07929008
0.19581234
0.06786539
0.08990187
0.13594833
0.11782791
0.0862606
0.03673012
0.1872078
0.10909243
0.1209794
0.06953757
0.04936075
0.116824135
0.11670803
0.046286255
0.10351458
0.17730698
0.32364473
0.1700294
0.07267241
0.09813128
0.13271311
0.13340206
0.096847616
0.09465884
0.09422518
0.03747081
0.056011066
0.042600706
0.08347913
0.05513308
0.05722744
0.14101705
0.08697231
0.10432851
0.11474466
0.105872735
0.034222938
0.071743846
0.11500753
0.23195422
0.099317424
0.10945105
0.062360086
0.11483489
0.091014385
0.09502131
0.082295164
0.09788644
0.11781125
0.05205442
0.058186278
0.09328122
0.05012414
0.08475318
0.12907383
0.08221414
0.14930034
0.06603925
0.1447671
0.07979269
0.05043461
0.059920534
0.105323255
0.07004416
0.084782444
0.11850237
0.110155195
0.08408176
0.065533504
0.04875121
0.07412702
0.101405844
0.08846861
0.11150542
0.08325096
0.08783552
0.0396094
0.059939824
0.07997142
0.113606356
0.064112455
0.09632769
0.34885544
0.28600666
0.055437014
0.06307491
0.25171104
0.14144221
0.134124
0.070443034
0.08129105
0.07628474
0.072261795
0.06443795
0.10802221
0.07176299
0.052564397
0.06087185
0.11021935
0.07216705
0.12132956
0.027834702
0.054125823
0.052000273
0.069246985
0.04373006
0.05438475
0.08755906
0.09266524
0.17870158
0.24375571
0.071796335
0.14203668
0.13441885
0.123283476
0.11804319
0.088025026
0.086161435
0.04714565
0.048656806
0.037723877
