0.12297258
0.0530444
0.11790025
0.21840632
0.038066223
0.13154213
0.115504146
0.32284802
0.12644865
0.084057994
0.10364991
0.055298004
0.302576
0.0745997
0.09874649
0.18975163
0.17680721
0.5154499
0.054018017
0.06566608
0.23358616
0.09048204
0.18032959
0.051597085
0.04373234
0.06282011
0.076886654
0.07815723
0.25901887
0.18430655
0.13969503
0.044221655
0.16632093
0.046797838
0.198994
0.25665343
0.06458996
0.04999773
0.03653749
0.07299687
0.10890053
0.09578704
0.8094662
0.5446253
0.03597609
0.17251079
0.04196817
0.024962462
0.061629348
0.08986809
0.065163605
0.021693826
0.12703696
0.39602268
0.40324405
0.015392529
0.018763434
0.20651081
0.047393855
0.022876058
0.076204546
0.06236965
0.10238644
0.11831635
0.07501696
0.05529935
0.13657394
0.037563793
0.10477561
0.09971487
0.06058956
0.10934456
0.091585875
0.041557845
0.06520972
0.16068639
0.24338004
0.16089226
0.019533549
0.076276995
0.06520249
0.3593995
0.26379576
0.04072254
0.044263702
0.06814026
0.13880701
0.07570311
0.12390998
0.22306354
0.29700634
0.13183342
0.04051596
0.018744718
0.045865074
0.057183463
0.12977917
0.07905559
0.05529488
0.15067258
0.1003831
0.037066363
0.11224158
0.18555164
0.08919207
0.031787746
0.059543654
0.26755717
0.14312495
0.051163856
0.044074886
0.10751794
0.031744722
0.07408879
0.0641785
0.13675751
0.139384
0.071041085
0.09419602
0.15777905
0.04759305
0.041964978
0.029412441
0.102840215
0.046331473
0.0878319
0.229191
0.32380936
0.8236378
0.26966178
0.08397702
0.011628327
0.102688596
0.06612383
0.091278
0.08867943
0.043241963
0.1586667
0.14032282
0.09163499
0.0531621
0.054605134
0.11005327
0.13523985
0.16686763
0.075939015
0.06210894
0.16395786
0.05313483
0.011299493
0.03072299
0.053749874
0.13174088
0.40016538
0.30773187
0.09067772
0.23244104
0.018518813
0.16733938
0.031360023
0.021326995
0.083517455
0.10275181
0.039820176
0.1484591
0.108872876
0.079513684
0.8738188
3.371355
0.09580205
0.15098356
0.2455936
0.16287212
0.11362535
0.19616711
0.17083985
0.89695174
2.816323
2.920379
0.13455012
0.03350481
1.2641238
0.8378037
0.026921539
0.14652702
0.91369694
0.23989555
0.2042242
