0.29386353
0.07132393
0.09368877
0.03268776
0.028716635
0.16374971
0.23783876
0.17740719
0.174761
0.06475191
0.7786902
1.222102
0.02478045
0.0039555416
1.2989637
0.34775174
0.6972801
0.013108548
0.18524325
0.20258455
0.023081863
0.016920203
0.26908708
0.12642786
0.2949745
0.025300208
0.058922622
0.09850091
0.08308688
0.06516537
0.20335045
0.030940209
0.12430947
0.057131793
0.11613721
0.36136252
0.12315761
0.09139935
0.03408436
0.064164825
0.22712871
0.08897299
0.043153163
0.05435901
0.19780228
0.10217673
0.10468648
0.069855854
0.10507096
0.046963394
0.10553454
0.065744095
0.47654808
2.8937342
0.07254323
2.3067477
3.5043285
0.0530068
0.6134678
0.051532373
0.1688743
0.30182183
1.0503781
1.4954549
0.0063306014
0.3471648
0.021037884
0.04132299
0.09361833
0.28466994
0.23211561
0.16899616
0.12796798
0.04523378
0.035131074
0.049841553
0.051817566
0.078165144
0.041743677
0.10968499
0.10556583
0.052586257
0.1345216
0.07285373
0.06915882
0.083991505
0.20419592
0.08367704
0.105178684
0.108910866
0.12697338
0.10166848
0.13758549
0.3513513
0.42923796
0.106186055
0.14872624
0.09213198
0.023227349
0.04316764
0.15222801
0.25889447
0.1648521
0.01998961
0.05675056
0.092311636
0.05505793
0.044423822
0.02554898
0.20692432
0.06584919
0.19959185
0.09064334
0.06685114
0.05081188
0.037624452
0.0832771
0.08577721
0.10980931
0.049684934
0.090252906
0.31268328
0.1233057
0.13545394
0.04862312
0.06811215
0.08698025
0.062407404
0.1934107
0.20321096
0.1862137
0.12573963
0.05473985
0.07583066
0.19579895
0.32800096
0.05684738
0.13112539
0.09735027
0.09784084
0.014626712
0.048997022
0.07581954
0.034391165
0.095380284
0.048472546
0.07888765
0.106635116
0.08883451
0.044931185
0.16504467
0.07057783
0.07959075
0.03633689
0.5076914
0.5678571
0.17670944
0.07672826
0.18268143
0.017444145
0.043279916
0.06480253
0.43935755
0.5779382
0.019581072
0.0150760645
0.09671099
0.041485563
0.03062041
0.014607105
0.20020127
0.1835138
0.2610573
0.034029003
1.1683248
0.14927046
1.68644
0.023434266
1.5935309
0.14830731
4.2002573
0.07635671
1.4420421
0.7889819
0.020145267
0.07573935
0.06918604
0.24342915
