0.7444849
1.1527463
1.3574318
1.0852728
1.1657451
1.0292795
1.1498923
0.9726542
0.9804723
0.8884013
1.0076493
1.1369754
1.148051
1.1360395
1.1815085
1.3583372
2.0512767
1.7824697
1.4116791
1.229909
1.2542305
1.200885
1.575284
1.6755955
1.0820396
1.3011839
1.5332524
1.1654613
1.7182479
1.1953114
1.1411908
1.3024063
0.91036373
1.2350981
1.1109449
0.9847208
1.0661638
0.9825442
0.89205384
1.0905306
1.0766711
1.3114127
1.3509365
1.028558
1.0447936
0.91209275
1.248968
2.0078304
1.999295
1.2053725
1.0014822
1.2338285
1.2205057
0.8952143
1.2812848
1.0925745
1.0361178
1.2994123
1.2820123
1.0189152
0.8889103
1.0868587
0.9669845
0.9983871
1.2462964
1.16959
1.0533829
1.2847259
0.97772986
1.0027719
1.2306935
0.9129458
1.118857
1.0053251
1.0586302
0.9667407
1.0980633
1.1863792
1.3102415
1.4385421
1.3574759
0.9429409
0.9377631
1.2071977
1.2406673
1.259341
1.1088307
0.9449601
1.0696242
0.9943147
1.4925946
1.2411983
0.88715094
1.090049
1.1536455
1.1894096
1.0707583
1.0895936
0.9316117
1.2325946
1.1014318
1.1700544
1.0653319
0.90521353
1.0843003
1.1933265
0.8073639
1.2432945
1.4072952
1.0969573
0.8191867
1.0632129
1.0649674
1.0201782
1.2116892
1.1489775
1.0650158
0.85156494
1.0502383
1.6428107
1.3177806
0.95766544
1.1798146
0.9761772
0.9643227
1.2095056
1.4086256
1.0076544
1.0374271
0.9887588
0.9578604
1.0297906
1.2328255
1.02485
1.3913546
1.0867932
1.2276633
1.0208088
1.1469145
1.1509233
1.125643
1.1917069
1.0754178
1.1912771
1.1126426
1.1725929
1.0593807
1.0726612
1.79819
1.4851406
1.0487121
1.3824563
1.2119868
1.144011
1.0977114
1.0953708
1.0749193
1.1229037
0.9716504
0.9527508
0.9786179
1.1036658
0.896037
1.366366
1.5551579
1.2609397
0.922855
1.3267442
0.98506856
0.9412575
1.2732135
1.1910361
1.239996
0.8535944
0.9356171
1.1753085
1.0401647
0.96982014
0.87452453
0.9467348
0.95429426
1.007472
1.0573274
1.3108459
1.2131058
1.106266
1.1859505
1.0364692
