1.6120903
1.9246407
1.2464746
1.5767562
1.4108181
1.2137586
1.6566411
1.3494558
2.5424676
2.5613594
0.737283
2.4887974
2.3421588
2.0041075
0.9894211
1.5372473
2.9950895
1.4714708
1.1304383
3.7559452
2.7553847
0.6880851
0.7180766
5.370956
0.9072896
0.41762406
0.42930943
1.1249759
1.2081349
2.2191713
1.2025373
1.0123954
1.6616038
4.2232466
3.278897
1.9384501
1.2487221
1.9262516
1.6523882
1.6527319
1.6016691
1.9510835
1.6181245
2.5887551
2.6200976
0.88991946
1.0740944
2.2432961
2.1838927
2.1599426
1.5968237
1.929973
1.834648
1.5502465
1.0965729
2.5428996
2.448344
1.0443692
1.7416401
1.3345604
1.8391336
1.2965562
1.8101077
1.5051942
0.9782692
1.5204831
2.7940779
3.013082
2.2558198
0.73106813
1.8855441
2.3216567
2.65907
1.1745828
0.8426703
2.25956
2.0480657
1.4418329
1.4713168
2.028687
2.1227899
1.5608547
0.5405846
4.4850154
2.043625
1.3835359
1.048598
1.9929568
3.2429352
2.6101308
0.89849377
1.6464765
1.9511731
1.8605111
1.7359508
1.2683244
2.0531218
1.9108461
1.6992414
1.7364588
0.9861627
1.529999
2.2662601
2.655457
1.6834763
0.8259114
3.5424957
2.3899379
1.4980105
0.91337633
2.1184866
1.9784493
2.2266936
1.9144772
1.10835
1.9285142
1.8028364
1.857599
1.3134357
1.326409
1.846189
2.8121233
1.9090375
0.9891484
0.9283706
3.2705524
1.8135582
1.9169328
1.6869605
1.8637383
1.8523688
1.4891671
0.75965905
1.755611
2.0554395
2.0285027
1.958628
1.3202634
2.12736
1.6879113
1.3452903
1.552433
1.9651681
2.4114141
2.4318376
0.9985663
1.8434923
2.0121284
2.2408373
0.5126539
3.837008
3.365107
2.9079866
0.599085
1.7617646
2.7103524
2.5812957
2.6088922
1.8287778
1.8891587
1.8148069
1.3809278
1.6085138
2.1281576
2.072136
1.202648
1.5770895
1.8388791
2.3193073
2.1239696
2.0178
1.41294
1.7268102
1.9708736
1.1984159
1.5473504
4.012165
2.0365486
0.66391814
2.2411304
2.5453465
2.2699966
1.382761
1.662634
1.7406784
2.3201535
1.6930678
1.4767942
