0.53496176
0.5396698
0.68704426
0.59090424
0.8776747
0.62808764
0.6521138
0.6069149
0.8021657
0.660307
0.57095337
0.75716436
0.5910183
0.5504123
0.81685704
0.49553743
0.71056473
0.9834681
0.4623835
0.76931995
1.338554
0.9722449
0.9909028
1.0540364
0.37237653
0.7409593
0.87055635
0.5404993
0.6861186
0.5926536
0.65881133
0.77180326
0.43008757
0.8006952
0.54955035
0.73598784
0.9073174
1.2413642
0.62168646
0.71019495
0.8455184
0.6671241
0.54469633
0.5946349
0.7438823
0.5064239
0.594802
0.8309946
0.6558598
0.71387696
0.6129542
0.5164404
0.61040056
0.5224329
0.6611633
0.68833053
0.55346876
0.77581066
0.84164506
1.0540792
0.7677121
0.46708772
0.4067661
0.5608022
0.6256618
0.47007498
0.51500905
0.52310985
0.84257364
0.90390635
0.75302154
0.44560924
0.59732145
0.45639196
0.986145
1.4463912
0.7691829
0.56565577
0.65882605
0.50868684
0.7347096
0.48124146
0.63724744
0.8317518
0.68002236
0.41078234
0.46279162
0.5416157
0.40527552
0.6363493
0.5354081
0.6630424
0.63239264
0.4773085
0.48284173
0.64049333
0.67045933
0.58825356
0.3388486
0.7320037
0.95927906
0.8002198
1.2390836
1.9147859
1.1656467
0.72274745
0.9014169
1.3190043
0.76561725
1.0358248
1.3169472
1.4037144
0.6399579
1.4157174
0.79675484
1.2434314
3.040111
0.980462
0.8169781
0.8181284
0.6512003
0.655149
0.6693009
0.71029806
1.505156
0.38739824
1.1330771
0.8054533
0.92142767
0.5134878
1.2828029
0.9460466
0.91839385
0.8082671
0.6628379
1.1082608
0.4946502
0.8997401
0.6932978
1.871481
1.4190928
1.0029124
1.1999661
0.7317635
1.0441498
0.7435914
0.6805231
0.77572507
0.8357688
0.9167876
0.47034714
0.9793268
0.7826609
0.85357004
0.75496346
0.7131386
0.6487311
0.6139593
0.77358156
0.693246
0.89860415
0.7344884
0.737101
0.8159781
0.6203397
0.6514071
0.6796642
0.6179109
0.59107053
0.71275634
0.4225245
1.1152467
0.8763634
0.44445923
0.61621433
0.8165609
0.59556437
0.31828183
0.876673
0.6299283
0.5224204
0.56160814
0.7260231
0.5603422
0.57769483
0.52770436
0.97530913
0.7761413
