0.06500985
0.04374469
0.08949383
0.057495408
0.04948411
0.047582913
0.06981484
0.067977354
0.045770615
0.04823506
0.07356453
0.027951157
0.059887454
0.04739535
0.06428616
0.024121467
0.05929569
0.047669046
0.030656084
0.056829326
0.038774893
0.09507703
0.054696523
0.060772132
0.05000644
0.0658483
0.047994256
0.03426781
0.071028285
0.08429225
0.036826383
0.08972748
0.068849325
0.038778145
0.031844344
0.057750084
0.045638155
0.028975856
0.04906552
0.0407757
0.038748875
0.033293307
0.045202393
0.041560475
0.06355724
0.092491016
0.069766745
0.07012677
0.06205881
0.035830818
0.038055886
0.053211115
0.053442426
0.05511127
0.059094694
0.024304572
0.028527796
0.03787633
0.020325592
0.03253775
0.01586348
0.040870305
0.101566896
0.06081274
0.07719788
0.08025737
0.035116307
0.0528397
0.03622534
0.05554377
0.022461165
0.08846782
0.04950653
0.046975832
0.027429232
0.03196408
0.049523734
0.053271577
0.07187853
0.0927784
0.0205268
0.028494395
0.03563534
0.07379502
0.027798489
0.06413695
0.014006954
0.045116104
0.016530126
0.04790557
0.047123395
0.050708283
0.054117516
0.037887186
0.046554536
0.06569366
0.0458024
0.047705274
0.05982686
0.07863808
0.074793585
0.035695333
0.15566172
0.17624392
0.01591372
0.03503609
0.057552442
0.035297643
0.027395874
0.022463216
0.028362945
0.056905925
0.039098985
0.042438
0.113288045
0.18500413
0.07361778
0.056369107
0.015934924
0.031985037
0.058268107
0.044995215
0.2010734
0.26434746
0.22929189
0.06749175
0.0989127
0.030084342
0.20392752
0.026760947
0.11902927
0.04253358
0.04733629
0.10941373
0.029121274
0.059985243
0.049841926
0.099396236
0.051210582
0.060660157
0.07982339
0.05307324
0.085236594
0.021500384
0.025359105
0.061530545
0.06977045
0.042803235
0.084113784
0.041234314
0.061341874
0.025255866
0.019934898
0.07348125
0.031977247
0.0549295
0.021758728
0.040005293
0.03798242
0.035728678
0.06077067
0.06705275
0.036682084
0.11636127
0.0461106
0.09288396
0.052852087
0.043673933
0.048500367
0.027329043
0.050329577
0.022622315
0.058176454
0.037817437
0.061717715
0.047953792
0.03431866
0.050279483
0.07444379
0.038274918
0.041263763
0.09860419
0.053027928
0.04665885
0.08027307
0.023464885
0.040512912
0.026509948
