4.368048
3.7879677
2.7403162
6.3434367
5.997596
4.0526333
2.5856216
3.3452182
12.728338
8.508738
5.3278046
3.4035316
3.5446293
9.753767
8.919541
6.462803
2.8959455
4.227891
5.3294034
3.7876174
7.2484856
6.2380586
2.8128457
1.1129185
7.0092955
10.189083
9.078206
4.1190357
2.6209087
7.75822
6.897834
5.231124
3.5298905
2.341161
3.3981452
5.1933026
5.0172343
4.0173464
2.8007123
5.2257624
4.58117
4.049886
4.106551
5.4319925
3.1839242
2.7419367
5.719062
5.0343256
3.8646226
3.3166373
2.7580743
4.8985763
4.17704
4.2079363
2.3967934
3.8439994
4.035313
5.639739
4.2348666
2.9119973
2.3832564
4.6059523
2.2992349
10.1712
3.9483576
1.5625184
3.3455877
6.638474
4.660942
3.1006405
3.5802636
3.549863
3.8240786
2.4269109
2.466812
3.8904915
2.778288
3.37362
3.903498
1.8472904
2.9638214
4.3121853
4.761096
3.5565891
4.400792
4.008394
2.575457
2.8039277
3.3791215
3.8025556
2.2712739
3.8500748
3.7452223
3.2861671
1.5693022
1.7791553
4.89168
3.7021646
4.1556187
2.6980584
3.2574804
2.9767656
3.3247426
3.1605456
1.9114697
4.8130007
4.5703354
3.5745845
2.9475474
4.2973757
4.3238144
3.6796527
3.620191
2.519473
3.8972206
4.319232
2.2121549
2.2872927
10.169508
4.19934
2.0220954
16.890265
5.2448063
2.0897331
15.861103
9.630156
4.421947
6.080015
6.083473
4.8748837
3.1277204
2.1670716
10.184275
7.921474
5.9126005
3.322558
3.82133
3.5171926
2.947352
10.367073
8.113636
4.884757
3.3196602
7.338013
7.2973676
5.855369
4.0219054
3.25142
4.604722
4.70474
4.485897
2.8117533
6.015422
6.0183134
5.2690225
2.8573647
3.236082
5.0711384
4.978942
2.3881783
5.3875675
6.225867
4.7076306
5.0339127
4.7753043
2.4047506
3.1100018
4.221774
9.595086
8.261411
4.5590496
2.3421392
3.8872416
3.779426
9.265278
10.708184
8.488049
6.063298
5.339416
5.958014
4.4387903
4.699753
3.3037114
7.0689573
7.409848
6.71436
3.9899848
3.9983315
