1.6794829
1.3080575
0.81234527
1.4046628
1.4638761
1.9798248
0.6090465
1.992711
1.0468469
1.1315031
2.0064087
2.045178
1.3557827
1.0112975
1.0147972
2.2756732
1.502811
1.0038501
2.4450788
2.0414948
0.49480528
2.5324178
2.3130794
1.7386163
0.5683676
1.1119583
2.9449344
2.3842015
1.0318863
0.95457464
3.0411272
1.0690551
1.4867226
1.469914
1.6615815
2.575436
0.73817825
1.6576325
2.6199992
1.4996152
0.9683418
2.3199496
1.5381607
1.2598093
1.3479176
1.5850688
1.5598526
1.7122788
1.034176
1.860317
2.240117
1.5127478
1.2726817
1.6304178
1.9708056
1.5783129
2.0610218
1.0135484
1.095506
5.6603956
2.8542018
1.0304868
0.7509229
2.8116498
2.3720868
0.97781456
0.9262102
1.6314692
1.8279785
1.9358754
2.074336
0.30736965
2.6819353
3.646236
0.18785271
1.1627574
6.87247
0.5499836
0.9394563
2.7975922
0.17178404
6.255826
1.6904713
0.9559094
1.1420666
2.7354655
0.30627364
0.63174343
6.180732
0.7263218
0.72419506
2.6007776
1.9856224
1.1153693
0.5741552
1.8136039
2.7813048
0.37274098
1.8555014
3.138148
1.4638401
1.6354818
1.5254472
0.36411113
2.7740574
2.2574203
0.92313457
0.69177717
3.3257523
2.029935
0.8823762
1.3894916
1.7743412
1.6674684
1.0878274
1.6458006
2.3861651
1.250981
0.34668818
5.972741
3.5333767
0.73617244
0.8240365
2.3226373
1.3205663
1.1662256
2.151723
1.9512395
1.5657583
1.3101544
0.8288958
2.4727316
2.50041
0.8992211
0.7471823
5.0798454
1.9832993
1.2826177
1.1842992
1.7839198
1.7062267
1.3829547
0.98556465
1.670619
1.3392727
1.4679437
0.90945834
0.9642489
1.8622108
1.7055352
1.3167065
1.0373433
1.3971407
1.7343929
0.9024881
2.599111
2.2625203
0.33005407
2.3301425
1.6091367
1.2975492
0.9999937
1.6342962
2.1642594
1.383709
0.9320021
2.207243
0.76555145
1.6799133
2.809489
1.787681
1.0754633
1.80084
2.2121482
0.53737104
1.8840652
1.6676084
1.9728817
0.97464764
1.3705854
1.4209967
1.080157
2.2631269
2.106223
0.5666985
1.5210805
2.6004276
1.6711771
