7.0504427
6.9561653
6.190963
5.174159
3.401833
7.2717943
6.042703
4.7611246
4.2420855
3.828702
3.5619314
3.2256558
3.5463352
2.3070445
4.498311
4.3987937
3.5965745
3.2616365
1.2863038
12.603492
9.378992
4.697487
3.3262172
3.614691
2.4982967
4.6001368
7.7713547
7.504085
3.421029
1.0994432
4.4356556
4.5512924
4.5545735
3.6751757
3.8348036
2.6481142
3.4684231
3.5748563
4.2596374
2.2485263
3.1683955
4.343556
4.1027737
2.762738
1.9693782
3.8161561
3.9278564
2.4119782
2.9665303
2.95122
1.552359
2.6724725
3.0199764
2.3188686
2.3482585
1.469857
7.4469504
7.5861287
4.9857597
4.140334
1.9097664
2.1289663
4.2408376
6.3758307
2.8939426
1.3077954
2.101727
6.3762317
4.890908
3.2947385
6.288149
6.9871526
5.454895
1.9920119
2.349393
5.7981586
5.825308
2.3370857
2.6576843
2.7896066
6.2935977
7.512973
3.839519
2.3160763
8.170522
8.110044
6.6265306
5.285082
3.1330152
2.7245963
5.2182446
5.4261403
4.057675
3.9097197
4.1494765
3.804489
2.7105935
2.3214521
5.3018208
3.0075955
3.0102777
3.6435194
4.5939026
3.7418098
2.6332364
3.3878436
3.0864754
2.7024965
4.657364
4.2193384
2.047204
9.660866
5.040589
4.7550635
2.5985885
4.217716
5.605297
5.3427
3.214005
2.4366753
6.1005955
6.8124056
3.9560227
3.0733151
3.8566618
3.8849258
3.9173484
3.2414646
4.2370076
3.7928565
3.871502
4.5438976
3.00412
2.0062745
7.9113398
8.443247
7.361417
4.304002
3.3532608
2.752209
4.457391
5.382818
4.4427643
4.425619
3.791685
3.6651516
4.453326
3.5178838
2.5991638
4.8836656
3.4059615
2.8296475
5.0365896
5.455507
3.2816706
5.4788885
4.7190027
4.1265545
3.5301676
4.9927163
5.3093305
2.4291806
3.438503
6.8865776
6.6669426
4.2828074
2.1579146
2.7413535
7.6423345
7.594509
5.3932667
1.8556659
1.5632722
21.316938
17.845993
10.149762
6.692828
3.37028
3.708478
6.012269
5.5596995
5.5833755
0.5160998
10.156139
8.68013
8.599889
6.4644775
3.5785818
