1.6395063
1.491953
1.4064841
1.5370852
1.6736715
1.5417807
1.8083797
2.07784
1.6447618
1.4116104
1.6533064
1.7207989
1.7631148
1.5922341
1.560227
1.5034125
1.5839522
1.485734
1.7683082
1.8016491
1.6091874
1.4342849
1.4398935
1.5886489
1.5413972
1.7578999
1.6669235
1.620116
1.5785756
1.546392
1.4772542
1.3192654
1.500185
1.4914215
1.6344157
1.5482054
1.8008642
1.503669
1.5094976
1.663484
1.5788965
1.5506488
1.512066
1.3688393
1.383791
1.6124935
1.6409085
1.65276
1.4477407
1.5348661
1.6370974
1.6160133
1.4447893
1.4891539
1.4754617
1.335937
1.576711
1.5683959
1.5256379
1.6762072
1.4031597
1.7726761
1.7899618
1.882098
1.6423401
1.5812927
1.6443042
1.9322408
1.6967225
1.5353429
1.6358778
1.8503585
1.680309
1.5230663
1.9399323
1.5949483
1.6151013
1.5531487
1.4575188
1.5624393
1.5818233
1.7494068
1.7314456
1.6571419
1.501411
1.3667377
1.4683628
1.5551386
1.6195449
1.5393152
1.5694284
1.6759578
1.4395449
1.5230072
1.4626565
1.5512564
1.6525195
1.7738872
1.591326
1.5836208
1.723395
1.7245655
1.7233338
1.4958401
1.5531638
1.5187899
1.7200351
1.6767454
1.5100644
1.7886943
1.8594499
1.8340681
1.7683344
1.5871001
1.4771633
1.5601468
1.6339194
1.602844
1.5050619
1.4396161
1.4265684
1.5514991
1.5612452
1.4842191
1.5562823
1.5535119
1.4520568
1.5708259
1.5805968
1.5113688
1.4944285
1.7578425
1.8549762
1.4195774
1.6646509
1.8313415
1.4930801
1.6411769
1.7171526
1.5717973
1.4608285
1.4861028
1.5514092
1.5937619
1.535481
1.4807417
1.562142
1.5484016
1.7454543
1.5177767
1.5891689
1.6927352
1.603699
1.4753604
1.4986073
1.5423093
1.5460725
1.8089378
1.7780619
1.6214421
1.5341569
1.6464968
1.6740664
1.8103685
1.7466468
1.601103
1.4764044
1.5743704
1.4934787
1.5998404
1.4932828
1.5739043
1.7440015
1.5881137
1.6447469
1.6393517
1.5166142
1.5633781
1.5517306
1.6339127
1.6103001
1.6148548
1.6446373
1.5812173
1.495756
1.4909198
1.5356202
1.343383
