0.10491567
0.14808825
0.17333911
0.081327826
0.10586606
0.11235438
0.4146358
0.94593656
0.91043276
0.09544317
0.024606168
1.1268398
2.5464022
0.18357424
0.33758473
0.24781853
0.76311946
3.8356576
4.2880487
0.44375366
1.0930804
0.9866741
0.42287296
0.24944586
0.25476027
0.58346975
0.26436123
0.40717375
0.5044031
0.18228774
0.16221301
0.31898323
0.34401828
0.30619648
0.43406278
0.31960022
0.22809201
0.24040246
0.0778202
0.08041064
0.34495953
0.9568667
2.5871274
2.0987945
0.4081371
0.27620947
0.27106088
0.40230167
0.35990718
0.1957736
0.40833434
0.4623683
0.20659624
0.47977805
0.5933855
0.5558256
0.07698576
0.30751786
0.82961226
0.4575507
0.14961669
0.2872094
0.11758067
0.21321341
0.21078406
0.35337076
0.43673
0.25945756
0.2766621
0.22177804
0.2617761
0.1383775
0.18428987
0.43081948
0.32355773
0.1218074
0.48299932
0.41157964
0.21028586
0.08190088
0.20714211
0.20425105
0.64846057
1.2191799
0.48526138
0.310136
0.35641283
0.104592755
0.14378616
0.12710845
0.19494596
0.2105214
0.43063354
0.30570984
0.21788426
0.3538826
0.06184994
0.08440938
0.16738966
0.15184075
0.10693948
0.20669025
0.09196786
0.5435676
1.1880697
0.9671077
0.19248834
0.28904566
0.115614206
0.5692499
0.3765223
0.37722582
0.2843919
0.55777407
0.5335856
0.31711012
0.12730545
0.16389665
0.09275339
0.24625817
0.11627242
0.12148123
0.2686657
0.23019983
0.14322895
0.14043525
0.09851347
0.26494148
0.20531689
0.13699026
0.10887083
0.5538387
0.8529648
0.361648
0.30765802
0.31898686
0.11607258
0.15062152
0.09332916
0.1270512
0.23838517
0.122930594
0.39798838
0.3670919
0.094899334
0.2520722
0.14261965
0.115413114
0.112061694
0.1322394
0.15469106
0.43312973
0.18601584
0.16038756
0.16025028
0.23947985
0.10381566
0.051222347
0.05900433
0.09528065
0.12775317
0.29495442
0.07727255
0.108771876
0.09825526
0.20912099
0.17443474
0.17132714
0.15939608
0.14471945
0.2076286
0.0660627
0.23294559
0.14520316
0.11232773
0.1313246
0.18782778
0.119107
0.65221596
1.6313207
1.6907505
0.13994338
0.50893205
0.2369209
0.20677495
0.078715205
0.3599965
0.25565943
