0.89071715
1.2052691
1.3465438
0.7518969
0.7054975
0.6153753
0.9625726
0.48606443
0.7471932
0.80910337
0.63699657
0.79979354
0.89103913
0.99222314
1.6180897
1.6426883
0.393368
1.6420114
1.7077891
0.8958515
0.74353874
0.77996737
0.44464874
0.61274207
0.49085727
0.4878103
0.48336497
0.32444263
0.43147498
0.42458007
0.49226642
0.6348066
2.783502
3.874033
0.4722458
1.4620723
0.54934734
0.32259127
0.7420478
0.5936459
0.5432545
0.72321624
0.65331995
0.5818314
0.37132886
1.3464322
1.9653605
1.5674077
0.6474445
0.28325745
0.43248886
0.6089326
0.6215829
0.5614792
0.76193494
0.4983892
0.3253614
0.5300519
0.49923742
0.48638314
0.5489513
0.4019632
0.24840024
0.2164444
0.41019616
0.8482318
0.4616513
0.4266505
0.5385215
0.3601186
0.25550315
0.3110777
0.22380696
0.4160272
0.4246221
0.48343024
0.45012805
0.41447315
0.27725157
0.4548549
0.30061203
0.35114712
0.34532377
0.40096432
0.22596714
0.5707582
0.27777416
0.404027
0.63684213
0.6351922
0.42717847
0.35261685
0.4529671
0.12843058
0.30385843
0.35095456
0.20298293
0.21475539
0.19624464
0.121996716
0.24020404
0.36616215
0.118798904
0.22373962
0.3249365
1.3819665
1.3281742
0.38330686
0.9299344
0.7823993
0.38890055
0.3439591
1.1170645
0.5363941
0.19963567
0.33509225
0.2549438
0.18616733
0.3580058
0.5527233
0.2994361
0.32311052
0.12581499
0.21348426
0.3099486
0.21040355
0.18050888
0.16733134
0.2676029
0.30966395
0.19997591
0.21680175
0.22155942
0.2111671
0.123291954
0.19458948
0.118073605
0.17472446
0.17724736
0.124499634
0.1774374
0.1897945
0.50030184
0.38858813
0.11528247
0.18257973
0.36639774
0.36511797
0.47459146
0.59336245
0.07893737
0.888643
0.32201642
0.40159753
0.95296305
0.62959254
0.15843865
0.14579259
0.4811682
0.30869904
0.36692938
0.19759193
0.2017248
0.22762498
0.26742014
0.36247155
0.15178004
0.20631026
0.1988505
0.28713515
0.14354303
0.19524911
0.19059682
0.25252467
0.32301402
0.24163973
0.15560903
0.15385339
0.18194883
0.21498819
0.21468426
0.23268604
0.19434266
0.12339823
0.13461462
0.13994683
0.14530474
0.081533805
