0.07215194
0.060573317
0.1722342
0.09784998
0.12559147
0.104258
0.038813695
0.118465304
0.04948243
0.10568694
0.09127026
0.075747356
0.069138706
0.045215234
0.07289767
0.11848364
0.15049846
0.08658527
0.20387356
0.16379164
0.03860422
0.06170363
0.054457027
0.11710616
0.05936309
0.082274765
0.024951283
0.055345334
0.08435328
0.049148113
0.098718494
0.06861281
0.071264036
0.06606847
0.10823849
0.030851196
0.058515213
0.04896261
0.10531468
0.09233369
0.054763332
0.07839239
0.0640832
0.08407257
0.05498348
0.087820716
0.1323256
0.1646328
0.11741762
0.04865489
0.062422108
0.0913731
0.09696074
0.1434767
0.040706746
0.049188986
0.30978012
0.44686472
0.041232347
0.012479736
0.4831439
0.21392828
0.32033974
0.4367909
0.067493446
0.19822866
0.06467928
0.14363874
0.114076585
0.056919686
0.032711394
0.047525935
0.07368504
0.04923027
0.07798949
0.086409084
0.10757803
0.07283555
0.05968684
0.09836153
0.04775238
0.06627932
0.2322247
0.13712765
0.08477537
0.045834236
0.034656797
0.057035822
0.04031083
0.07431842
0.10282339
0.034430977
0.08773832
0.04224567
0.09204656
0.08052773
0.26688048
0.1516108
0.13834047
0.056067165
0.07487868
0.035976693
0.065469354
0.065194026
0.11520298
0.16082643
0.036450215
0.06559606
0.03954559
0.06493014
0.06689314
0.044075333
0.05819472
0.039889514
0.0697369
0.11738497
0.05640499
0.19902334
0.087324515
0.17012075
0.029637774
0.11749035
0.071781725
0.042102635
0.050404362
0.096814655
0.07245555
0.21784519
0.04623693
0.30255693
0.11162296
0.15883507
0.08389764
0.046971656
0.051193185
0.0983737
0.07786216
0.08897998
0.1250404
0.11006549
0.07177661
0.07228945
0.032426637
0.057449654
0.02841933
0.057874653
0.070555195
0.09591748
0.07485643
0.066849135
0.060932785
0.05360867
0.05363325
0.06639473
0.070770934
0.040716738
0.114317864
0.045106187
0.044624157
0.09786576
0.031370938
0.05952368
0.040437218
0.05521163
0.08718739
0.09808381
0.03091637
0.17400208
0.15349564
0.10804997
0.075838186
0.23545776
0.1268217
0.089325465
0.05722565
0.077461064
0.06741823
0.046669714
0.05820761
0.0811031
0.05931224
0.06476337
0.05896084
0.04158787
0.072945245
0.09548254
0.0331586
0.09689611
