0.11501393
0.037513852
0.07252741
0.18056843
0.115240574
0.056874495
0.032634318
0.07816245
0.42067397
0.5246232
0.037734773
0.022911368
0.049893856
0.27681038
0.0735144
0.21097466
0.024932336
0.12778823
0.030068433
0.035769083
0.15646912
0.059724838
0.3937926
0.2204379
0.2791646
0.24483964
0.14259742
0.3077683
0.09212156
0.25503743
0.036866073
0.081904896
0.017528333
0.07051597
0.09664721
0.08319685
0.033835426
0.06886326
0.06639908
0.14618172
0.07951833
0.019996287
0.092806056
0.039199878
0.042963147
0.071961574
0.17559685
0.123437725
0.07986001
0.015091009
0.038940065
0.11973582
0.06344757
0.03133475
0.1940054
0.13213716
0.031405672
0.10416908
0.11589355
0.022383627
0.08585049
0.095495336
0.200175
0.50457436
0.48041642
0.034768276
0.09877896
0.1814599
0.19346417
0.032595284
0.08198097
0.04391475
0.07284008
0.103535324
0.06109832
0.107602775
0.14174308
0.082222976
0.08114135
0.17067967
0.053437173
0.09602684
0.061105493
0.021076187
0.07828377
0.042138554
0.09308267
0.06501818
0.111893296
0.044528715
0.08562443
0.09475547
0.060919087
0.060095035
0.20514806
0.10395266
0.13008484
0.10110006
0.052910216
0.12017089
0.039886635
0.06662511
0.03584583
0.06637312
0.13111752
0.13057078
0.052439578
0.0871181
0.05446307
0.11032005
0.04499553
0.0596677
0.03421429
0.072313204
0.08887694
0.052549936
0.14460896
0.06279061
0.32195482
0.67402273
0.04173899
0.90420115
2.6692178
0.11195923
1.1014062
0.4681855
0.018256169
0.1519769
0.14773744
0.031697556
0.080593765
0.26271096
0.35953504
0.26820612
0.010150026
0.052334264
0.10076946
0.041850936
0.08832134
0.35578838
0.33872664
0.051960986
0.08058712
0.22552937
0.035371125
0.066116504
0.07554765
0.053999346
0.09515161
0.043210037
0.08139881
0.12826307
0.14173092
0.03754841
0.084415644
0.031751875
0.03820723
0.08899248
0.02853873
0.17583525
0.16276294
0.036463544
0.03621245
0.0964352
0.09593624
0.10289376
0.06294158
0.08809607
0.19227444
0.12584716
0.24814075
0.03942842
0.1106206
0.028534483
0.22708014
0.09390551
0.09721588
0.024915127
0.09544264
0.014222762
0.1157631
0.044242684
0.10461802
0.16242038
0.012999808
0.1474466
0.037711162
0.087170064
