0.1993499
0.200635
0.27907956
0.18580565
0.33015144
0.3850695
0.22024016
0.21721019
0.32181147
0.23713312
0.24573481
0.34625044
0.37274933
0.22644962
0.34887785
0.4301079
0.7044312
0.18488003
0.3280782
0.23390841
0.39040428
0.20525101
0.26783657
0.28957316
0.46151617
0.24789715
0.25312036
0.30841595
0.26179728
0.18537304
0.288976
0.20442128
0.22105363
0.24248499
0.28024507
0.22137864
0.26520944
0.19121957
0.15767798
0.32721248
0.31545022
0.29261783
0.26888436
0.20210524
0.2625085
0.27326715
0.1832145
0.23002234
0.16618386
0.35820764
0.5752975
0.33364573
0.83946615
1.8531871
1.5914992
0.56307566
0.3662123
0.30646294
0.3598929
0.17554748
0.9733799
0.318371
1.1652867
2.2840781
0.36503142
0.3662251
0.22505282
0.7429868
0.8182345
0.8216872
0.45035502
0.33014154
0.304406
0.30595136
0.37737665
0.38488808
0.18954544
1.0185015
0.7557717
0.19165733
0.6169389
0.3335175
0.37861216
0.26179394
0.4105472
0.38276613
0.1937365
0.37906927
0.2765762
0.358134
0.24077809
0.24672899
0.33591127
0.2808244
0.18106422
0.23580563
0.19865212
0.5803813
1.3652185
0.7802603
0.23920625
0.2914821
0.33890313
0.17204142
0.42753604
0.35521543
0.33034402
0.28434584
0.36624587
0.674209
0.27883595
0.27917898
0.24464883
0.32592902
0.15192446
0.8029358
0.53873426
0.23498166
0.46850815
0.24571213
0.31313223
0.34217304
0.27186584
0.16204354
0.6307382
1.1904925
0.31793502
0.3891093
0.32045585
0.5075264
0.7538804
0.20656574
0.5402826
0.3413666
0.26709455
0.25839913
0.5316903
0.25053298
0.8874632
0.36515963
0.37913343
0.32726386
0.22609703
0.27941757
0.24621141
0.46755683
0.40632814
0.22644708
0.24570404
0.22905634
0.16557384
0.36737803
0.34603244
0.1621384
0.4069927
0.21810552
0.14336157
0.22464916
0.47424534
0.24370816
0.39114812
0.44827947
0.29477572
0.30852836
0.14660503
0.24069516
0.31833786
0.26588798
0.1107419
0.167602
0.25652444
0.23926646
0.16557078
0.2918501
0.26004952
0.3190344
0.1768986
0.34224957
0.2908681
0.124070525
0.19121158
0.23482561
0.32201242
0.21782103
0.2249873
0.33754885
0.19868568
0.13035722
