0.60416704
0.39085048
0.011725276
0.06898379
0.13835102
0.070224576
0.2862932
0.42847106
0.080728054
0.03386659
0.7400983
0.8970105
0.14025787
0.011937752
0.0757672
0.4472728
0.108516954
0.114498936
0.17201042
0.06892602
0.05083196
0.25751144
0.37462148
0.10933612
0.71486026
0.76434845
0.021463566
0.1822206
0.07492435
0.1907996
0.091075644
0.17033955
0.12318902
0.13482873
0.09487787
0.05523835
0.09098587
0.10742205
0.10623849
0.15895922
0.26526046
0.014056217
0.12071213
0.01161149
0.045786943
0.18945065
0.04183025
0.1703487
0.045738146
0.34532338
0.036840018
0.31958008
0.059346907
0.00828449
0.32114545
0.07891314
0.08690725
0.10066252
0.05752559
0.21429926
0.060506403
0.046990495
0.096759036
0.42761162
0.23251922
0.089972004
0.11344894
0.046480045
0.14035638
0.04583474
0.044688176
0.13072872
0.37315434
0.9866026
0.017309196
0.33681569
0.1692381
0.008669064
0.5496913
0.89489937
0.15572995
0.41254568
0.07962213
0.16009857
0.009588515
0.059569057
0.046112962
0.079497
0.08545884
0.04732415
0.25491342
1.7148542
0.0593579
0.9983311
0.060857054
0.3725444
0.053559627
0.6851117
0.019262679
0.41514775
0.11484089
0.47370797
0.03636205
0.029021334
0.24660851
0.36594602
0.83675915
0.28011274
0.81862473
0.1745859
0.17879666
0.6180884
1.3569005
0.029644165
0.13434847
0.92999226
1.2363347
0.14079913
0.06205335
0.1935709
0.26948237
0.06718579
0.18599549
0.28155464
0.09287607
0.052828364
0.11876953
0.18468572
0.06646374
0.12980534
0.29526582
0.08242421
0.28166384
0.07546077
0.23791091
0.22666089
0.69647545
0.115866736
0.25350636
0.28293392
0.05046664
0.9324983
0.81246877
0.012834527
0.112404846
0.015820818
0.11351467
0.20834821
0.08618833
0.096794
0.097090214
0.36852822
0.03455293
0.042439584
0.0964334
0.13555679
0.20482197
0.038616907
0.058377907
0.15595025
0.968029
0.587527
0.61152697
0.009220887
0.01326981
2.2541041
2.830465
0.23324378
0.1491868
0.2843964
0.05363643
0.41951472
0.3978397
0.36188123
0.08431277
0.13352424
0.15923059
0.024723973
0.07230577
0.1523393
0.07721692
0.16207626
0.111279115
0.045877196
0.10549239
0.42577672
0.3726765
0.032439627
