1.1450053
1.1911461
2.3291302
1.2224567
1.5832344
0.41081494
4.2668295
1.2947636
0.7085024
2.9116971
1.4728947
0.41974902
4.1856995
1.3110545
1.0017195
0.64964694
4.2404428
2.7105055
0.28107652
1.5900276
2.0004358
1.7793272
1.0715594
1.4258325
0.90215963
1.4966745
1.5483882
0.84365094
1.0521209
2.392963
1.4184197
1.3702877
1.2372389
0.59098005
2.8772533
0.8595263
0.98575115
1.2758694
1.7582942
1.3066645
0.80153394
1.6867865
1.5949209
1.0541079
0.7011465
4.589012
0.24019301
5.140773
0.30964345
4.591861
2.0474706
0.22529498
6.2352076
0.07606937
9.001993
0.60510796
1.9687607
0.21848422
8.56929
0.62809646
1.2518997
2.1405718
0.728948
4.130686
0.5162125
2.953102
0.29694673
5.596305
0.2364817
4.3748283
0.73608726
0.9177813
3.617085
0.7088021
0.45534784
5.6609273
0.4698781
1.8745971
3.3502865
0.9301828
0.6419368
3.2805557
1.7201731
0.5972568
1.4525018
2.1519308
0.4985469
1.9484239
1.5642254
0.8034307
2.3320346
1.1631098
0.83014005
1.9723108
0.53600454
2.443233
1.4894775
0.7490001
1.7156258
2.283058
0.8021184
0.62498987
3.6155431
1.9028294
0.42762643
2.1011486
1.9823364
0.98923236
0.81293786
1.6254172
1.9880321
0.5934271
1.6257832
1.5509547
1.8701121
0.60819185
3.266941
1.9203942
0.80028087
1.7217634
1.8403225
0.7751294
1.1865492
2.025413
0.93235123
0.55489284
6.714216
1.7031552
0.45548284
3.2112646
1.5213974
1.3967416
0.8709028
0.5561397
3.5186634
2.2361526
0.72446895
1.2756517
3.012169
1.7215575
0.5609971
3.6833658
1.7050152
1.1173228
0.7386561
3.2278962
2.180955
0.41631824
3.7206075
2.129403
0.6142874
1.0186131
2.6753964
1.2874388
0.831548
1.867096
2.8422034
0.9125001
0.66007245
2.3757951
2.100873
0.36529422
2.5742638
2.5545778
0.96719617
0.73903286
1.9585756
2.0544262
1.2783029
0.776441
2.7307847
1.6949216
1.0583531
0.6562427
2.186802
0.8887696
1.4798698
1.484539
1.0441372
1.4169576
1.898103
0.92077816
1.2195411
1.3888786
1.70738
1.0282501
1.1990464
1.7864351
