0.049789123
0.09739247
0.20976932
0.12441991
0.26318333
0.5492313
0.61414033
0.047163848
0.07637734
0.3256444
0.024860725
0.13019714
0.1972566
0.23046452
0.2573005
0.03198885
0.27254105
0.09824507
0.095526114
0.13487042
0.17446983
0.18948768
0.29906917
0.3090139
0.13019153
0.061846428
0.07552247
0.18982728
0.060129303
0.15503648
0.1548845
0.09535092
0.2240372
0.18378812
0.22514822
0.018061737
0.22375631
0.1098136
0.04404497
0.10351018
0.15445861
0.10494739
0.19058755
0.07654475
0.106987834
0.37766173
1.141625
0.017361306
0.40029877
0.0035075159
0.0072820405
0.046169974
0.058395848
0.2504972
0.06182559
0.57568276
0.6142296
0.033456743
0.21552292
0.22538242
0.39884672
0.022559946
0.26951367
0.38489255
0.17576654
0.09128447
0.07571554
0.27659425
0.36885238
0.017335873
0.32167244
0.08730662
0.30786696
0.0504298
0.108216554
0.05730048
0.09173704
0.01694403
0.055180606
0.06160886
0.53031754
0.10199049
0.115895264
0.07477212
0.01759086
0.032116473
0.08618843
0.057418898
0.3899065
0.33030438
0.029978596
0.13695079
0.10249946
0.08328857
0.08884752
0.015136033
0.10167283
0.12060364
0.5265887
0.82140946
0.115061
0.02041065
0.41838336
0.025499588
0.11338561
0.030080846
0.26050758
0.25891766
0.02114303
0.26269758
0.08390313
0.04273065
0.12907016
0.18890285
0.016306402
0.038484454
0.08152211
0.20715673
0.104657866
0.11123458
0.009982625
0.121251315
0.0553415
0.033900607
0.12005307
0.046541486
0.19948652
0.49490649
0.46949825
0.1240573
0.086832
0.4280749
0.04740018
0.09620286
0.31337777
0.8716961
0.32341248
0.06307381
0.15421243
0.36656278
0.02917825
0.049739197
0.083860904
0.27932686
1.0272937
0.69048226
0.050298337
0.08209168
0.19030926
0.13316171
0.073778205
0.17094252
0.030211126
0.09047109
0.06941987
0.033720925
0.07861594
0.12258405
0.04115235
0.05481518
0.042458937
0.09193612
0.06834437
0.046159655
0.13420556
0.08216725
0.20179182
0.41087708
0.3356666
0.08955225
0.044446383
0.091129854
0.055628523
0.047284048
0.14011309
0.072147645
0.071644925
0.055517867
0.112963386
0.058580417
0.05831632
0.08269649
0.79123384
5.4697423
0.016224973
0.27479506
0.59174716
0.09713655
