0.9356334
1.0844142
1.1222489
1.1199415
1.2579954
1.228596
1.5305899
1.2720509
1.1948057
1.3425685
1.020408
1.6034454
1.5054386
1.7762768
1.5579693
1.3531685
1.0749259
1.4416004
1.4225385
1.527726
1.4489633
1.0709884
1.0796326
1.2910609
1.3216014
1.5861523
1.2125926
1.1457989
1.179734
1.2331729
1.136863
1.0840882
1.0971427
1.194175
1.0558268
0.9993874
1.4998261
1.3602314
1.2972639
1.1243382
1.0944611
1.2855011
1.3513416
1.5505286
1.4692576
1.359812
1.4307064
1.447842
1.3533787
1.2958127
1.1412436
1.2607834
1.1326315
1.1489768
1.2908992
0.9667001
1.2278478
1.2570624
1.2221625
1.4335011
1.1044515
1.1634539
1.2762388
1.321148
1.3391366
1.4694796
1.4400375
1.1651819
1.0854328
1.2282023
1.0325122
1.1543214
1.1447186
1.1664367
1.1554
1.4022565
1.5306765
1.2795033
1.2158432
1.0814874
1.1917948
1.3000321
1.1493971
1.2285599
1.0156472
1.3694928
1.4444861
1.2409911
1.1732954
1.2858422
1.3294003
1.1114508
1.2594507
1.1609882
1.3647451
1.4458541
1.0464206
1.329876
1.2051263
1.1962385
1.4987761
1.3035296
1.3962144
0.9700161
1.1787815
1.3619051
1.0294312
1.2414806
1.3736018
1.2485454
1.1960322
1.0298908
1.2414132
1.3200166
1.2856423
1.2954183
1.2045882
0.9270097
1.1519821
0.9474025
1.1606207
1.1180098
0.9198345
1.2038015
1.4980772
1.0814033
1.374671
1.1234074
1.6704662
1.3443432
0.989928
1.2106068
1.2839592
1.1038275
1.2141306
1.202024
0.9807854
1.2531286
1.4194692
1.1608839
1.0337561
1.2719165
1.3543963
1.2436664
1.4387879
1.432156
1.1211147
1.0755727
1.483265
1.7126193
1.3944288
1.1941197
1.1239429
1.2244272
1.2256358
1.2873809
1.3672487
1.5347749
1.0703728
1.2230029
1.1467048
1.2684778
1.1206702
1.3224857
1.4664412
1.2588136
0.9105486
1.1813357
1.3275615
1.2582669
1.5893673
1.5028327
1.6611843
1.239444
0.9956718
1.1566124
1.1453147
1.1294949
1.2220284
1.2398417
1.1165509
1.0202936
1.2168624
1.1308606
1.2034986
1.2320502
1.1230987
1.1043363
