1.3238719
1.6035774
1.3722279
1.5143265
1.4664361
1.4205241
1.3213875
1.4679072
1.4535348
1.8801312
2.0560617
2.074135
1.6183307
1.483618
1.415411
1.556785
1.5775645
1.5023799
1.5102942
1.6047744
1.5963423
1.4652119
1.5853324
1.5168018
1.372432
1.3200732
1.4616314
1.6201608
1.566952
1.5716698
1.4341209
1.3125672
1.3953032
1.436116
1.4110641
1.4272544
1.5318024
1.3509078
1.2913504
1.3774002
1.5230856
1.6674249
1.5962873
1.6057181
1.3854979
1.3854442
1.5100682
1.615174
1.2887502
1.3605433
1.356727
1.4749434
1.5783119
1.5691426
1.4202166
1.4500852
1.4849861
1.6071647
1.987216
1.6888655
1.3861105
1.435819
1.3590379
1.266092
1.4524987
1.3056364
1.4567184
1.8968816
1.5988601
1.5223522
1.4905701
1.3938508
1.4918622
1.4827082
1.5960803
1.349595
1.4254155
1.6289982
1.6089351
1.4026614
1.4439347
1.5150847
1.6588151
1.6357594
1.4145441
1.3438451
1.426453
1.4550334
1.4181857
1.3971515
1.4135827
1.4500233
1.3975402
1.4526756
1.578636
1.3925064
1.4044611
1.4532964
1.5774343
1.9513832
1.6254888
1.6014113
1.5828022
1.4762433
1.5051765
1.5246652
1.551698
1.4769807
1.5094973
1.4148166
1.4121444
1.5852373
1.4235882
1.4334855
1.6417371
1.7716494
1.4415586
1.5283715
1.5057137
1.4417652
1.3011514
1.5893638
1.5648623
1.3993322
1.2932715
1.439796
1.4213288
1.5232384
1.497495
1.4068542
1.3290194
1.3018867
1.4279544
1.5327531
1.4102159
1.5614762
1.4890541
1.5184745
1.4675348
1.3524127
1.5372335
1.5831805
1.521579
1.4924045
1.4842494
1.3986627
1.4861705
1.3709111
1.6304903
1.750553
1.4034661
1.618207
1.5980392
1.4435668
1.4973794
1.546534
1.4018948
1.3634746
1.542392
1.5176716
1.5038953
1.2984097
1.3524823
1.3886046
1.3292918
1.4614875
1.5687395
1.4362009
1.4730773
1.4377
1.6236928
1.4489613
1.658992
1.5092406
1.52946
1.414741
1.3612403
1.5188433
1.5020943
1.3322148
1.2725646
1.5512087
2.1572025
1.6180376
1.2826098
1.5277982
1.4896052
1.232204
