0.0648703
0.10297009
0.065542325
0.07355264
0.06304511
0.12406916
0.05839581
0.24159095
0.20072441
0.059467193
0.560869
1.2639925
0.08603686
1.3720324
1.3865886
0.69826996
0.20072894
0.815715
0.42317313
0.2108826
0.110760346
0.30496818
0.12924479
0.09683461
0.062522
0.08609194
0.1340328
0.1549402
0.20454225
0.07367079
0.080816075
0.14292563
0.06860197
0.100082174
0.13237315
0.1472872
0.15173066
0.120297305
0.05364695
0.14765462
0.26053512
0.23762967
0.51869845
0.24331276
0.08491696
0.13533194
0.08335005
0.13115487
0.4375922
0.71463263
0.10148753
0.085225336
0.12252029
0.11695169
0.1104192
0.17277008
0.04291704
0.19220115
0.15004125
0.19251062
0.090822525
0.11155665
0.15888086
0.10276061
0.050169997
0.061704785
0.06180746
0.115160964
0.18850577
0.081220314
0.0672427
0.06430124
0.11159778
0.087614566
0.17550625
0.1271041
0.045951553
0.09771456
0.083679765
0.13087851
0.07886055
0.19289036
0.053056538
0.07928756
0.06144197
0.018542819
0.10724983
0.052162968
0.11503486
0.042271286
0.09444068
0.028259471
0.18281503
0.047108546
0.09419513
0.13264799
0.097487114
0.04657518
0.073403545
0.08838968
0.044911202
0.07085047
0.08720416
0.102229595
0.10248421
0.053469528
0.06477423
0.03900221
0.038756534
0.18760704
0.07402348
0.20659755
0.066261575
0.18020733
0.14394963
0.14555375
0.08394002
0.19413078
0.116358325
0.201355
0.55240774
0.19171073
0.31249312
0.08078932
0.50343674
0.9532027
0.20716748
0.49270722
0.20229253
0.14094801
0.1930538
0.13701896
0.05756354
0.16047484
0.46005827
0.032049086
0.5866504
0.07081044
0.57055867
0.38192138
0.0732232
0.13215788
0.06788254
0.11377006
0.1511056
0.108519495
0.17529985
0.20096834
0.10294582
0.05381903
0.095312044
0.057978645
0.12785004
0.026284816
0.30329722
0.22899939
0.076056644
0.054307964
0.04984041
0.03292577
0.06921168
0.25919127
0.04530257
0.0752358
0.083086774
0.08074075
0.09459749
0.14323486
0.18582094
0.30993608
0.19944513
0.06696716
0.13759303
0.101600654
0.047098763
0.15456802
0.06120343
0.06178751
0.08779596
0.029663458
0.04732776
0.03269103
0.049328577
0.2051579
0.08726912
0.13393146
0.12247225
0.061469425
