0.2357394
0.4176917
0.39274317
0.62517416
0.7518964
0.41954684
0.5175736
0.7595996
0.3076486
0.46252996
0.51772463
0.65825677
0.36939484
0.8098698
0.78345954
0.30910993
0.45921224
0.39952195
1.1265442
0.8331611
0.5055056
1.1619056
0.44459617
0.6978504
0.6847479
0.54374313
0.4679501
0.5822365
1.0392668
1.0606581
0.45270443
0.325342
0.5875007
0.57858086
0.33534026
0.40343374
0.9138625
0.5466315
0.4485439
0.7303472
0.38569194
0.6935604
0.30495197
0.651363
0.6079685
0.33473057
0.36306596
0.64072305
0.7232798
0.33090806
0.7172707
0.4754191
0.6787456
0.41481945
0.5105543
0.7309315
0.6080692
0.79640776
0.3481228
0.6096274
0.5293897
0.2804307
0.54787457
0.36523694
0.47790092
0.36547017
0.3650115
0.37439373
0.62511945
0.8213016
0.70319796
0.4547227
0.4707546
0.4606402
0.5242841
0.3958875
0.41607904
0.3735988
0.6673947
0.63683057
0.2542524
0.6256527
0.6126016
0.30893975
0.4992512
0.43573022
0.35017616
0.5883484
0.35226402
0.44559085
0.43486392
0.54998815
0.40517253
0.66074944
0.36758876
0.6037662
0.52275085
0.47881383
0.3162276
0.67345995
0.52452487
0.26387736
0.39208734
0.5051617
0.96060884
0.8424042
0.41407895
0.5736972
0.39555627
0.6210722
0.60392195
0.2673391
0.8920708
0.69903183
0.36319208
0.74998426
0.48556432
0.72583634
0.35068017
0.675837
0.94280875
0.26439655
0.45680857
0.48916405
0.66472095
0.39816743
0.2677658
0.5136023
0.55535764
0.7427989
0.63199604
1.0518167
2.0574985
0.9208208
0.4145194
0.88154745
0.8674171
0.47484973
0.5060835
0.7801387
0.36874926
0.52311516
0.63362086
1.0241121
0.3440799
1.1418612
0.9471318
0.37888607
1.4927458
0.9348364
0.49175408
0.6906632
0.56702393
0.6165124
0.6685016
0.7046743
0.5979547
0.716757
0.35086298
0.5244371
0.7501099
0.5710176
0.7999569
0.4605129
1.0090743
0.7438084
0.6806584
0.7015625
0.4130502
0.4983223
0.5058107
0.4696485
0.679521
0.47321516
0.78763676
0.6672785
0.4810302
0.42561162
0.40872675
0.47397193
0.46436745
0.4646145
0.6519792
0.42167222
0.56563973
0.48281658
0.38363093
0.491864
