1.2394156
0.665943
0.7616793
2.1730287
0.5942416
0.87632847
1.4230874
1.6961429
0.5081274
1.5116918
0.79584503
2.2438848
0.84647924
0.56112087
2.465325
1.3015435
0.42462313
2.6715267
1.5274398
0.3707652
3.6136096
1.3033869
0.35209012
2.0541456
1.556945
0.31720352
2.0191154
0.96587706
0.49479634
1.4459007
1.5411165
0.39024818
0.5420812
1.6542923
0.9984209
0.86886036
0.23748928
3.176796
1.107005
0.37432948
2.0934238
0.948566
1.1003206
0.7363061
1.0557308
1.3051786
0.6793355
1.0628786
1.4607571
1.1446874
1.1930296
0.6558965
1.2943703
1.2563092
0.39950776
1.6283307
1.7846347
0.5072849
2.742928
0.50741816
2.0856078
1.3984852
0.9277139
1.3012358
0.72568125
1.3165814
1.0042057
0.9797201
0.6559753
2.9081848
0.6109307
0.7893077
2.096681
1.4095657
0.24939151
3.214333
0.8073101
0.61364436
1.0276166
2.084496
0.6038822
0.9039744
1.9893742
0.5764408
1.6700869
1.3910232
0.8992914
1.116236
1.0727115
1.87467
0.73854053
0.3143562
1.6149008
1.4099348
0.5759253
0.4781558
2.4147148
0.7927443
1.0677025
2.2088199
0.4258723
3.1968539
0.17401737
4.597364
0.5093319
0.765097
2.5480764
0.39887145
1.6719723
0.3355174
3.6127963
0.6390035
0.57808244
3.1838543
1.0149541
0.1637624
3.436307
1.252244
0.39981484
1.2650887
1.1181078
1.6790565
0.5821694
0.33244038
3.1330612
2.247366
0.55203676
0.53478897
2.2236161
1.6286433
0.36701518
1.0082042
2.819304
0.9838486
0.43032777
2.0322142
1.9939435
0.43044993
0.3835559
4.6399775
1.2755823
0.2674533
1.4486196
2.1391222
0.6635298
0.93789494
1.0236433
0.6005877
0.54226696
1.7862223
2.3996158
0.6055327
0.6065941
1.7467518
0.78321403
0.45954418
1.5108443
1.9768836
0.5929745
0.41970432
2.5732381
0.76478213
0.5677742
2.2657356
1.0107543
0.65526074
1.7235962
0.8074318
0.81462324
1.3705671
2.2298002
0.38500524
1.4105804
1.7681158
0.80311644
0.69112396
1.600699
1.6768417
0.53187144
1.3590419
1.6506138
0.7487863
1.38066
0.78474087
1.4863927
1.6813192
0.33730495
2.0310824
