0.026455775
0.032128077
0.056901764
0.063606635
0.06924002
0.42028648
1.624773
3.7610116
0.010131678
1.5406551
0.9872919
0.008980591
0.0062427614
0.16715495
0.25385395
0.20559525
0.19291596
0.96601546
0.5684766
0.26361075
0.09445713
0.10222954
0.2179227
0.021824485
0.037659906
0.054847013
0.16444314
0.3802896
0.81964165
0.030211737
0.21913496
0.07980883
0.03498308
0.06341325
0.050961114
0.24241038
0.11031611
0.20270315
0.25563762
0.09921865
0.07202852
0.20012861
0.33003426
0.25827816
0.13039215
0.039584085
0.61000395
0.55161923
0.08835936
0.013092648
0.02724242
0.19865516
0.038096365
0.057782095
0.09767802
0.162016
0.18359736
0.17164981
0.2464816
0.1478639
0.40730742
0.2634442
0.20813614
0.114900924
0.3206401
0.06262688
0.1210927
0.20634851
0.3532557
0.10935917
0.23267488
0.18883988
0.04909432
0.12620707
0.38625076
0.06304692
0.07212513
0.050503764
0.090064034
0.08970681
0.2195352
0.16775043
0.09908261
0.043263376
0.17942542
0.06304079
0.08930861
0.039982177
0.046871454
0.056296572
0.10163089
0.04979363
0.10857973
0.31280434
0.7874085
0.26096097
0.41029114
0.020327767
0.18135351
0.05567673
0.16941589
0.06732252
0.07878618
0.3582598
0.51938444
0.1765987
0.057671748
0.3706624
0.032738116
0.07185433
0.087447375
0.09848657
1.105333
1.3352426
0.36068836
0.009871404
0.35148042
0.13765787
0.026851643
0.042717732
0.122088864
0.14867039
0.0650789
0.07793741
0.045642048
0.050186954
0.23817387
0.19077599
0.1342048
0.06063942
0.056970123
0.08605176
0.3334677
0.18157987
0.06905689
0.16767399
0.4082424
0.09194133
0.111269645
0.12327799
0.3475964
0.21150953
0.04386069
0.09938316
0.0740526
0.07231272
0.15447
0.18267539
0.09933792
0.035937868
0.29071414
0.22416842
0.051817354
0.070358425
0.17081112
0.0989206
0.119813256
0.18832286
0.27348983
0.11008072
0.3222504
0.010945906
0.017520647
0.20392722
0.17270225
0.44849896
0.11150387
1.018981
0.4856517
0.025280371
0.1071047
0.018211005
0.055900823
0.055262327
0.14235474
0.07929577
0.09256981
0.089524426
0.078233294
0.05167858
0.065798886
0.045579843
0.09537726
0.041129358
0.058219656
0.1142931
0.06450878
0.052941345
