6.1175737
4.9503145
3.7973328
3.7498782
4.574803
2.4010434
4.9326787
4.2577686
4.8811913
4.609808
1.9646399
3.55829
4.419283
4.0405774
4.978058
6.491405
0.21049915
23.196281
19.589966
12.995426
5.7568116
1.6745207
4.7053776
5.1540194
3.3886971
3.6995583
4.7134476
2.5594416
5.3527503
4.854391
4.034772
2.7383318
2.8411403
7.6894407
5.19359
2.089902
3.090188
7.933232
7.64444
2.9259963
2.314952
6.107467
5.209797
4.0692954
0.8661093
22.037495
4.9685426
0.6248418
18.36676
4.780256
2.3475838
10.711651
6.9158754
3.5326314
2.109182
10.805839
6.0716796
2.1993716
7.654912
6.021675
5.1563625
2.7630138
3.6242898
6.9997005
5.5354595
3.1830204
1.8684554
8.377303
3.3178911
3.1959646
3.4253998
3.8547263
4.3338795
0.975177
11.807453
7.106486
3.5882082
2.2114935
5.988187
5.7554646
4.190588
1.0953007
18.54155
12.088364
4.0570617
1.5957094
10.535992
7.742899
3.5093155
2.9001098
4.2119675
4.5011067
3.5943513
2.9438798
3.2882695
3.19001
3.7632475
4.522185
4.144719
1.8078687
3.020838
4.6793437
4.252848
3.1570456
4.451479
3.8149028
3.1729274
3.0899167
3.3368015
4.1344523
3.8752396
3.8573413
3.627665
3.1131098
4.2890406
4.4383364
3.409727
2.7876716
3.8233364
3.737965
3.5838728
2.8102522
3.870638
4.1061907
3.612384
2.771645
5.3138666
3.9523158
3.0657103
6.6254663
2.758904
4.3517704
4.3365417
3.2360544
4.0693965
4.3126297
4.461438
2.8985972
4.1969256
3.5725932
4.0105195
3.005342
6.1925235
5.8981385
2.933447
9.561366
6.425283
4.5683317
4.891228
5.159898
4.6827593
4.1323013
4.585174
2.903458
4.017335
4.284136
4.440833
3.873272
3.1610389
5.817961
5.2595124
4.413325
2.8070161
5.49218
4.8756847
1.8788375
4.8890276
4.8341875
6.3389974
4.7454615
2.5611117
3.7973042
11.678656
4.4267282
1.6689106
17.492237
17.405079
10.11047
4.5691338
2.863806
10.171722
10.184925
5.100363
3.006207
3.966372
3.9246483
4.9324875
4.890134
