7.70916
6.896314
5.1438675
1.6952429
1.858525
10.310915
7.714592
4.2326264
3.540665
5.387898
5.1483088
5.10647
4.1307144
3.0165834
6.4468513
6.3330755
2.9389071
2.8797855
7.884035
8.5223255
7.8994713
5.044854
2.99512
2.9086008
8.530432
6.7769003
8.114839
4.18168
2.4665527
10.456616
10.239694
10.131344
3.4601862
1.5016662
18.311108
16.298485
13.932248
8.84643
5.0110893
2.884718
15.128469
14.546447
9.589155
6.447525
3.3643744
3.721229
6.1736536
5.528057
2.5816207
2.9639144
19.496748
9.116317
2.6853938
2.4464276
8.665934
8.124322
5.341045
3.0052571
4.44102
4.4548664
3.9393306
4.9264174
2.9912844
2.8670917
3.8468742
3.6277547
3.1120138
2.0678082
6.5079193
7.017756
4.2895236
3.8876512
2.7807775
7.701644
5.714134
2.8339562
3.2693675
7.5325913
6.7538986
4.8570843
4.2902164
3.3863363
3.2087882
4.3204365
5.2741776
4.7264094
3.4991481
1.4866413
5.193226
4.744024
3.82262
3.195468
2.7353826
2.783483
6.160963
5.487423
1.6811091
3.3438163
4.701658
4.5815783
4.7840004
3.0176
3.5715652
3.5887508
2.9885902
4.06112
5.0275335
4.1920652
2.7265422
3.7185926
4.8934517
4.950603
3.1485877
2.642319
7.9163904
6.8668003
5.316678
3.5043886
5.3473034
5.234104
3.3707886
2.6284902
5.8262897
4.743331
3.5698514
3.4982948
3.636362
5.1267147
5.479438
3.037623
3.4399824
3.738112
0.9982846
17.035637
10.585771
4.8610144
2.3113203
7.0046873
5.888772
3.1679778
3.283805
4.357445
4.604047
3.7676172
5.919981
5.774832
4.1529617
3.0864
3.5088348
4.8352885
4.6175737
3.3681922
3.950729
3.8724103
4.0714054
4.1200294
4.960388
4.869867
4.4861965
3.9433212
4.2214613
4.7676277
4.809888
3.972661
3.9136367
3.268034
3.799293
3.2101111
5.587472
5.3094454
4.1653013
0.94938415
7.603096
6.04319
5.417944
3.803568
3.4188442
10.120118
5.2072477
1.4674919
3.401319
4.469014
4.4450316
4.103378
4.0402293
4.260782
2.271696
4.998274
