1.2392836
2.2388442
2.0534942
1.6022716
1.0511413
1.942578
1.6721511
0.535566
3.0444288
2.5528803
0.19567916
11.618273
7.5269012
0.19444881
9.870679
3.3130398
0.2972272
7.5753384
2.7626045
1.1626638
0.647902
2.989363
2.0444894
2.6277719
1.1548039
1.5255632
1.1133882
1.1747653
1.4789551
1.5419018
1.8538319
1.5829357
1.6029823
1.0282701
1.0057299
1.3710313
2.0667408
1.2378175
1.4800484
2.4814458
0.8727632
0.5289838
7.128932
2.9921165
2.1459284
1.155396
0.95212305
2.2933717
6.8090076
0.801252
0.9149777
0.7264523
1.9791853
1.352471
0.9186497
1.8141909
1.9281169
1.1394706
0.4718289
2.3201714
1.6628861
1.00337
1.1537899
1.5528442
1.9427387
1.4672511
1.8455391
0.67021674
1.8100618
1.5118675
1.6414403
1.1765482
1.2285922
1.6897447
0.93134165
2.0577335
1.9083154
1.3937597
1.227428
0.6669036
1.3214496
1.6069716
1.7274929
1.6038659
1.4460394
1.8550689
2.007269
2.100721
0.9785708
1.6505027
2.032181
2.6280947
0.7139791
1.4557364
1.6101724
2.648335
2.8177762
1.6577859
0.959676
1.3590751
1.933356
1.4066044
2.2831318
1.4881688
0.786484
1.0642343
1.9437642
2.4134202
2.2066524
0.8802968
0.9227274
4.4367714
2.0103078
1.4703143
1.8363487
2.7202902
2.4896612
0.9434695
1.6840456
4.404256
0.4040962
1.3845546
4.6201377
3.518446
0.3855027
10.895046
5.556289
0.4638496
1.410716
2.7129805
0.9824593
2.214988
2.0503
0.6226363
6.8347898
6.045742
0.30072635
0.2323422
6.9881063
1.1477263
1.1733167
1.3744334
1.901931
1.6111671
2.840333
1.8015519
1.1687677
2.0536191
1.5491444
1.7223506
0.9473746
1.6431806
2.0316272
3.0348327
0.36360812
3.1112933
2.9979112
2.2460392
2.1659918
1.8281991
1.3829964
2.6012022
2.0301747
1.7987242
1.6033013
1.343678
1.6420107
2.3293986
1.6465931
4.2404947
1.8116446
1.2573302
1.110407
1.9389797
2.2271214
1.4376843
1.3023162
1.6888696
1.9553387
1.7714684
1.5349578
1.7659224
1.8159962
0.53830457
0.97359383
2.2985709
3.6436646
2.9975405
