1.7718318
1.8848903
1.9026041
1.8665109
1.8058197
1.7684444
1.817312
1.8505602
1.8403808
1.8280318
1.8767462
1.8140694
1.8400121
1.8934064
1.8121595
1.9152029
1.84928
1.938162
1.72065
1.832994
1.8828573
1.7844051
1.7755969
1.8585572
1.758278
1.8276807
1.9470448
1.974982
1.9006784
1.8338484
1.7605441
1.8549695
1.7855375
1.7705724
1.8724593
1.9031086
1.8941123
1.8428106
1.8337518
2.0116642
2.20693
1.9743439
1.9263326
1.8752084
1.7970462
1.9525892
1.8946779
1.8247967
1.8594413
1.8737125
1.8896217
1.8427081
1.8729529
2.0121832
1.8264836
1.8413641
1.8843237
2.0158575
1.9485655
1.8786905
1.8680744
1.7752813
1.92399
2.0028546
1.8695145
2.0317183
2.0022116
2.0839934
1.9147468
1.9379157
1.781532
1.7915813
1.8162963
1.8367089
1.9176123
1.9172298
1.93613
2.0046268
1.8166978
1.8853877
1.7408772
1.9426515
1.8686731
1.8923588
1.9688768
1.8810914
1.8613647
1.9979229
2.0770054
1.8845158
1.9443521
2.2027414
1.9473612
1.9714755
1.9376132
1.878425
1.8836672
1.7829287
1.8370714
1.9768924
1.9284941
1.8665131
1.8760331
1.892098
1.9047178
1.9081912
1.863666
2.020904
1.9625931
1.9069692
1.9168247
1.9168646
1.9518027
1.9337742
1.9056755
1.9475203
1.8679986
1.9351228
2.0167954
1.8832343
1.9051971
1.9481943
1.8384144
1.71372
1.8703784
1.9550595
1.8986349
1.9059498
1.8320234
1.9024822
1.9433694
1.9009572
2.0562599
2.004811
1.9341084
1.9687798
1.773747
1.8699988
1.9972596
1.9248706
1.9074244
2.0082996
1.9693775
1.9547697
1.9313526
1.7966673
1.9830209
2.056227
1.9622364
1.8705649
1.8983425
1.9235435
1.8369906
1.9681637
1.930492
1.786073
1.7703992
1.9036323
1.8703771
1.8895773
1.9804397
1.8082637
1.9043555
1.9034212
1.9342918
1.968389
1.9596701
2.0536723
2.0301728
1.943494
1.905622
1.8357968
1.8284078
1.8371423
2.0078778
1.9847703
2.2000718
2.0177138
2.0225167
2.0626874
2.3467069
2.0538807
1.9135599
1.9088867
1.8681946
1.9162893
1.9026693
1.8469746
