0.20197484
0.2001042
0.0898051
0.0996673
0.2468816
0.07722937
0.1841048
0.25418776
0.20757541
0.2679806
0.24418099
0.59743994
0.43490437
0.13083482
0.22716287
0.06877102
0.20349757
0.16961232
0.34044656
0.14332904
0.18140219
0.15518075
0.15002306
0.17405535
0.08084655
0.06963454
0.18852824
0.10808933
0.32663727
0.18080494
0.23629859
0.10917836
0.20663378
0.07445656
0.1733327
0.12574112
0.10773056
0.066490136
0.16308208
0.052343886
0.2159024
0.4671424
0.40237194
0.03993099
0.38122755
0.2422883
0.15791203
0.12585388
0.18599412
0.18422227
0.14371327
0.253094
0.2409847
0.07388329
0.11241354
0.14866507
0.12281722
0.18673623
0.09306607
0.0645021
0.114105955
0.2129644
0.11455949
0.107933216
0.099977754
0.13879192
0.26251096
0.07072051
0.21270165
0.17711535
0.5379799
0.0802409
0.35785905
0.10142373
0.24837276
0.045100965
0.0980197
0.22177951
0.11200333
0.24302174
0.116718516
0.44593942
0.32345548
0.09481831
0.10674642
0.11321726
0.0983129
0.124148384
0.06351137
0.073846266
0.11064982
0.08118963
0.08496977
0.1513556
0.13178355
0.129099
0.32174832
0.31213278
0.091208056
0.20757508
0.21905005
0.12111018
0.14599425
0.054624952
0.14107272
0.32723394
0.28385267
0.08259021
0.09783209
0.17114854
0.12164723
0.06764051
0.1231908
0.28519994
0.10293284
0.13171253
0.11400843
0.09324739
0.104308724
0.07110233
0.1153759
0.2660576
0.28256142
0.121092506
0.15953025
0.101678655
0.079311326
0.12824145
0.07986184
0.09788531
0.09672713
0.115781695
0.12168986
0.1525794
0.071292885
0.10165842
0.08526873
0.109012574
0.09850202
0.08291972
0.13815369
0.09216896
0.17757443
0.03541698
0.09342877
0.13054627
0.13216652
0.08733309
0.2198384
0.10379067
0.2074472
0.02633829
0.3883653
0.10640028
0.31484762
0.046965797
0.094889455
0.11339401
0.13184907
0.19104254
0.21531838
0.080363065
0.2098498
0.052052423
0.0928722
0.18461005
0.17104247
0.134202
0.12825489
0.10812329
0.13063543
0.054062713
0.076837614
0.068296745
0.16348912
0.11716856
0.111689255
0.09676094
0.19276339
0.16126925
0.076537624
0.13996178
0.2082231
0.11767091
0.18594345
0.08136694
0.07961379
0.06282138
