0.8453958
0.73824286
1.1059344
0.8679769
0.66621053
0.82596123
1.3542528
0.5051969
1.5446663
0.4610448
1.7853203
0.63981897
0.9747894
1.0239317
0.6769909
1.1486042
0.82161117
1.0481287
0.77805954
0.8059205
1.4294925
0.6967907
0.8321247
0.96853405
1.2420698
0.5937548
0.9456675
1.1378351
0.77035236
1.2955861
0.49190035
1.8337293
0.51888293
1.401226
0.40065807
1.3968282
0.9619608
0.6841415
1.1975629
1.083801
0.7588353
0.7206634
1.459496
0.60673225
1.2953514
0.5296726
1.1997354
0.75753236
1.114353
0.77546203
0.86202365
1.2118421
0.6895453
1.3295523
0.65083885
1.1602107
0.65341204
1.1031759
1.00258
0.55381596
2.3849874
0.56589663
0.7088968
1.386292
0.8159315
0.6534809
1.3722869
0.6768579
0.7704119
0.9832847
0.9707178
0.9230864
0.8318783
1.1431842
0.6225877
1.648233
0.940171
0.56111985
1.5507263
0.8304409
0.7121153
1.1797893
0.8429731
0.854568
1.2487632
0.7772049
0.7547194
1.1283036
0.7949638
0.83348536
0.77502537
0.84347355
0.9986202
0.8175972
1.1541135
0.6757276
1.2622075
0.65949833
1.6471071
0.615983
0.71060526
1.5192852
0.5972871
0.9784703
0.86160994
1.2009234
0.5907561
1.2989997
0.8632765
0.8795891
1.117831
0.58266497
2.1487105
0.5252323
0.8487201
1.0702926
0.9743204
0.81817853
0.6761551
1.3288044
0.9273756
0.59888065
0.85750055
1.767803
0.5642592
0.74881566
1.5741746
0.7440915
0.67265856
1.3198428
0.75716794
1.0625248
0.78773004
1.1089628
0.7753096
0.9371476
0.937802
0.63877326
1.5774766
0.5590714
1.112406
1.2114618
0.52824116
1.340007
1.0359728
0.94354695
0.63798153
1.4346979
0.86224127
0.8872099
0.8031571
1.6619496
0.62312615
1.0416951
0.8599518
0.9880339
1.2342848
0.5624008
1.3891494
0.44477654
1.433102
0.89037836
0.6396021
0.9614229
1.3573195
0.49706328
1.0866926
0.9014789
0.93561053
1.1390762
0.46995738
1.4474444
0.95569956
0.59583133
1.2544677
0.75987446
1.0724466
0.719468
1.4367638
0.3707049
1.729773
0.5409092
1.6238258
0.59884465
1.072829
1.0798502
0.66110206
1.0136347
