1.1846987
2.359624
1.6183479
0.7721474
1.0901456
2.2727368
1.3544383
0.51210606
2.4051485
1.7674738
0.68658835
1.0676535
2.2319376
1.8752377
0.7872548
1.4538088
2.7153978
1.9789327
0.7702384
1.6631137
2.418456
1.3593835
0.59328926
1.0848815
1.3290564
0.71912277
0.682373
2.2606747
1.0311898
1.2900746
2.4181771
1.3529792
0.7028965
1.3680036
1.7537202
0.7287059
1.136844
1.5798478
0.6824439
3.3471675
1.489084
0.80140644
1.5788947
1.9210296
1.4502671
0.9222628
2.0534453
0.8063663
0.8915124
1.5689449
2.4069357
0.64116085
0.711492
1.6088562
2.6019962
1.5500385
0.15163416
6.6570225
2.1212287
0.23344202
3.7092881
0.7600599
2.9172547
1.2925122
0.82732034
1.2515334
1.3297052
1.3636062
1.0728538
0.79751146
1.2681427
1.9794158
1.2855364
0.3477471
3.9509814
1.7357353
0.24629794
4.9338827
1.4461961
0.39123976
1.9403234
2.27175
1.1094823
0.3476458
2.5260491
1.1386465
0.86510164
0.90190506
1.6272669
0.9160294
2.414498
2.8128357
0.69275343
1.1744561
1.6201619
2.1616547
0.37324893
1.5006076
3.5614152
1.5395937
0.17409629
5.386922
1.0894085
0.95379496
1.1478107
2.3760333
1.7525878
0.3651982
3.2293754
2.156148
0.86325115
0.43886274
2.7458878
2.1026382
0.31606406
4.2107344
1.4216304
0.6735563
2.1860647
1.7510178
0.9975027
0.7601831
1.9040058
1.7684443
0.6039418
0.47561303
2.8030705
2.3997374
0.4270267
2.012793
2.2985196
1.0844755
0.39877748
2.5186195
3.1400213
0.5783795
0.38896987
5.703173
1.8870199
0.64421874
1.5622438
3.3200212
1.0457587
0.17792289
7.300185
2.1436234
0.3447734
3.2096703
0.5900481
2.0779438
0.51700675
3.627531
1.314696
0.49852425
2.4153333
2.0700972
0.76494724
0.6030822
2.112702
1.9039203
0.9164159
0.77549624
2.3170967
1.2707444
0.51976633
1.2151184
2.13477
0.682434
1.4074994
0.88287586
2.015145
1.3454542
0.37754422
1.8907642
2.0757961
0.92603064
0.99420124
1.1853402
0.51542056
1.9132538
1.8327384
0.57543063
2.0569491
1.9112259
0.8534695
2.1707032
1.3533708
1.2600448
