2.0517716
2.3341174
2.4186926
1.4528768
1.2900202
1.8967704
1.8635544
1.0023896
1.3280001
1.9387472
1.6164087
1.744887
2.3597112
2.4446135
1.7301521
1.6746823
1.9548227
1.9887264
2.062132
1.1546967
1.0977061
2.0155606
2.5188875
2.202833
2.1496596
1.7415929
0.86663324
2.2542062
1.9548421
1.9523358
1.8440948
2.2592926
2.1030712
1.4555893
1.3244133
1.2611299
1.3770232
2.805748
2.7985344
1.7136207
1.2793865
0.6951103
1.2706835
6.605588
5.112033
2.1395018
0.3598907
3.4860916
3.7647417
4.3917317
4.3297634
0.6691004
1.4244449
2.302293
2.1905022
1.6285522
1.6943183
0.35021362
8.103165
3.9679382
3.5823622
1.91971
1.3034065
1.4451358
1.7150514
2.0318856
1.221244
1.8673203
1.8944168
1.9311017
1.2928022
1.4389671
1.4122682
1.8774288
2.0558672
2.3871958
1.6449788
1.5581658
1.9597571
2.2254515
1.6667545
1.1378816
2.0737257
2.589166
2.1171799
3.8408444
1.7166226
1.7861689
1.6732525
1.9700425
1.6899034
2.1444514
2.1302524
1.9777431
1.5296143
1.648082
1.8698101
2.1023498
1.3732872
1.56902
1.7882766
2.103513
2.1808147
1.6355922
2.0182884
2.086268
1.5278296
1.7118704
1.8624464
2.1774883
1.0689142
2.1413686
2.2335312
1.8623886
0.9637899
7.8442264
5.7724214
3.1686969
2.4103441
1.8802834
1.8025908
2.1886082
2.189402
1.6324747
2.0852432
1.9597886
2.5871778
1.9758397
1.103293
1.9252025
2.1812046
2.2023253
0.985989
2.3013263
3.2449276
3.7314854
2.6198423
1.8311393
1.6262872
2.1674798
1.9457499
1.3300308
1.2916979
2.5333548
2.2264552
1.7101676
1.2631762
1.6264188
2.507612
1.8753242
1.7346861
2.0026495
1.6907487
1.6846344
0.99413997
1.5352414
1.9131984
1.8634319
2.800499
2.3172336
1.1965045
0.59256685
2.6557784
2.5574198
2.1316047
2.2503695
1.5155404
0.43286723
5.188302
3.9274008
0.69566315
1.1541603
3.3587723
3.1617956
2.8858886
1.4034255
1.6699414
2.453959
2.9393182
2.1290374
2.5052726
1.8268442
1.2266212
2.1865325
1.7107162
2.3338828
1.9734826
2.0944157
