0.13900678
0.08363248
0.084229805
0.21310616
0.07981151
0.06868976
0.06863507
0.2618143
0.15717782
0.06417739
0.03485906
0.16412102
0.29029915
0.11888741
0.4195915
0.01682783
0.060529325
0.6343812
0.12083475
0.31357604
0.048856813
0.008627431
0.05259586
0.60246277
0.8317047
0.02917303
0.19054326
0.08413026
0.03703745
0.05192705
0.20851606
0.056906898
0.020110518
0.09243133
0.060639717
0.16665576
0.048852198
0.0643477
0.036061864
0.22659773
0.12181129
0.08924098
0.08283815
0.039299756
0.23209773
0.06540157
0.13928454
0.06520052
0.048956957
0.07773111
0.04776695
0.0870076
0.1547821
0.034520224
0.24915531
0.31374627
3.6983182
1.134191
0.6963412
0.01566569
1.2567009
0.14279227
0.4549623
0.016131807
0.22208074
0.112739
0.1963434
0.113791585
0.2828298
0.8247215
0.19867922
1.0005164
0.105289675
1.2366433
0.7299294
0.19942819
0.04826435
0.04664487
0.8612569
1.1271424
0.076200575
0.032830276
0.117988415
0.06688004
0.24117188
0.2342427
0.067770325
0.07917267
0.07918392
0.062681526
0.038715366
0.12002301
0.10212833
0.09088862
0.08127831
0.16840792
0.11593512
0.14169347
0.018939491
0.046034247
0.05522807
0.079254255
0.19416365
0.023018662
0.66609377
0.25202394
0.14960909
0.028000293
0.04206201
0.050170653
0.042090327
0.13379267
0.076699905
0.07243204
0.08931673
0.10411289
0.12470557
0.05513254
0.21196184
0.03947941
0.07753805
0.19949473
0.041935865
0.13927115
0.047542185
0.09863181
0.10083763
0.07067338
0.12538847
0.063777685
0.08391497
0.111904845
0.23454459
0.28409553
0.01614128
0.030936003
0.06822092
0.18776017
0.36245713
0.17305294
0.020559324
0.02202481
0.042031407
0.119726226
0.094052054
0.061182633
0.19550973
0.13854922
0.08162041
0.08587617
0.22846611
0.046006992
0.10433855
0.12574382
0.031008748
0.021835515
0.064269595
0.105158955
0.20414585
0.23508757
0.044890378
0.07101098
0.027011376
0.15274547
0.09159292
0.10896534
0.06292725
0.5475684
0.8629849
0.006108611
0.104087025
0.03383262
0.05264944
0.062359035
0.092423804
0.051561166
0.019423217
0.043210648
0.052201428
0.15420707
0.02474707
0.40447345
0.07970856
1.2119073
0.11770457
1.7898155
0.012815419
0.014766623
