0.94375694
1.0178006
1.0338132
1.0454862
1.0596118
1.0031711
1.3612487
1.0957814
0.8229263
1.1318806
0.97320116
1.2994974
1.0506245
1.1014943
0.9925511
0.9632849
0.8912288
1.0298957
1.0418863
0.95408493
1.1326025
0.9979818
1.428332
1.4198873
1.4031332
0.9840505
0.91072583
1.1665499
1.452567
1.25145
0.957002
0.9346875
1.0444492
1.2063916
0.9574749
0.953722
1.2942141
0.9793828
0.82977057
1.2252364
0.9677556
1.0869932
1.0663619
1.1407039
1.2048033
1.0704772
1.0090917
1.0879887
1.2114398
1.1786876
1.3412417
1.188508
1.4016836
1.0371842
1.023323
1.2842376
1.2586
1.1611507
1.0300772
1.0445865
0.92541045
0.97349876
0.786795
1.2415328
1.1095812
0.99937797
1.032446
1.4630859
1.0262256
0.96317637
1.2595854
1.3162688
1.3001034
0.80648327
1.0624847
0.9543152
1.073742
0.9918363
1.0220853
0.86556387
0.975953
1.2463559
1.4832815
1.2500312
0.99039304
1.0010254
1.1940234
1.0459597
1.0644834
1.0535855
1.1322149
1.277823
1.0230415
1.0124867
0.9505829
1.2608404
1.331296
1.7350267
1.0213503
1.0865335
1.0759065
1.0485348
1.0461797
0.863016
1.1358612
1.5570886
1.2203019
1.2732382
1.0990782
0.85629326
1.3507726
1.1801054
0.85031855
1.221836
1.3277891
1.370312
1.0638664
0.8706992
1.55255
1.1371486
1.2465296
1.573185
1.0738236
1.3024118
0.69497037
1.097084
1.0489306
1.5534756
0.8833324
1.220915
1.1622925
1.0279157
1.3215351
1.226878
1.1389072
1.0839856
0.97738856
1.1318779
1.2322286
1.0725849
0.8984057
0.85857844
1.1130819
1.346455
1.2989119
1.2880859
0.86103034
1.0493348
1.7982031
1.1402174
1.1593215
1.482993
1.120487
1.0300809
1.1323187
1.219038
1.2660291
1.1706288
1.0043111
0.90346515
0.9834707
1.3618084
1.3329556
1.2755668
1.1027589
1.0996323
1.0695139
1.2792121
1.0886593
0.84042394
1.2034383
1.346343
1.1883345
1.0333519
0.9898913
1.1357813
1.0454184
0.8061737
0.93267924
0.99763477
0.9630271
0.9714733
1.1381876
1.3003596
0.95216846
1.1132282
1.2298722
0.85225904
