0.1935818
0.059470396
0.22644518
0.42556596
0.11805726
0.16437103
0.19068012
0.11433118
0.46606317
1.0098467
0.15121488
0.14369567
0.096390754
0.08380533
0.48236746
0.37075335
0.17384526
1.0981297
0.8389391
0.17188701
0.37868825
0.20433494
0.27942616
0.25815973
0.23831098
0.25743225
0.22457284
0.1795311
0.2817333
0.2052054
0.18573642
0.30153406
0.21020131
0.109608665
0.09029429
0.08964857
0.14278099
0.22285554
0.16123861
0.17495775
0.14639851
0.18298687
0.0686909
0.9715424
2.835325
5.8332496
0.21332435
0.72000283
0.21171276
0.41922614
0.18021315
0.27113292
0.37707928
0.43973714
0.54722786
0.14841719
0.4297174
0.56767416
0.26318043
0.24817497
0.5358947
0.07323858
0.20849633
0.12764831
0.16597642
0.18256292
0.23605838
0.5605026
0.26940393
0.43790233
0.3093371
0.63331497
0.7966978
0.064786434
0.24105836
0.1290598
0.15068938
0.07708113
0.24441117
0.2318474
0.10789515
0.19493124
0.20595655
0.13365835
0.16115433
0.32087874
0.09966495
0.2874004
0.23357572
0.21694711
0.13363297
0.33954003
0.095275864
0.5575181
0.1433906
0.3873768
0.08950608
0.33303064
0.20193651
0.11136898
0.09239436
0.15351552
0.13122971
0.08327097
0.08387704
0.18171966
0.29266512
0.13634366
0.09599798
0.064737394
0.11341393
0.09744765
0.1188703
0.1596204
0.108679
0.20927295
0.23783109
0.08447011
0.16656713
0.07139954
0.026729379
0.27330247
0.38411996
0.08852181
0.24266502
0.16922079
0.09635423
0.021834496
0.2679131
0.19108538
0.16457918
0.17387374
0.32832056
0.37500328
0.07546513
0.06309265
0.19669025
0.06861357
0.12682368
0.07998418
0.1553851
0.122586526
0.0936452
0.056326743
0.076863945
0.0657354
0.18369606
0.23589635
0.19691938
0.06871541
0.10330379
0.13877438
0.08096205
0.049203433
0.08761526
0.10198975
0.08017961
0.26641163
0.18761596
0.12645768
0.050225873
0.11561297
0.11605908
0.05877328
0.17903656
0.13047607
0.09616822
0.20477557
0.05889137
0.7061517
1.1296381
0.6131795
0.0872211
0.15491623
0.42236495
0.17546184
0.4013171
0.27495092
0.15218174
0.09154071
0.15163125
0.038431384
0.08682822
0.10692089
0.090615794
0.12501432
0.06917761
0.17407295
