1.8070834
0.61149085
0.74911547
2.3289638
1.3293283
0.6259692
1.6895049
1.0128002
0.9717319
0.8162448
0.9920892
1.249399
1.1644906
0.707199
2.100574
1.1295781
0.690308
1.6441393
1.136163
0.44837326
1.7502635
1.8473387
0.35732055
1.7940469
1.198448
0.7865026
1.1829975
1.3258777
0.5712745
1.9676795
1.6149957
0.8870927
0.86507535
0.7014184
2.184342
0.6216967
1.4136741
1.877525
0.6469542
1.1563708
0.56037986
2.4946067
0.8831063
0.89031714
1.5613227
0.870805
1.1016879
0.81438214
2.6688042
0.9936247
0.4692285
1.6067576
1.3194952
0.8191752
1.0610486
1.2273602
1.1187496
1.1169372
0.79232335
1.9981962
0.45800442
2.9860008
1.0478194
0.5432314
1.9669762
0.781076
1.545722
0.5856916
1.4356704
0.5285346
2.041573
0.43069926
1.6728171
2.3339105
0.34397233
1.6797072
2.7335675
0.24398664
1.9595311
0.76763546
0.92688304
1.4868102
0.45013252
2.2288184
0.9020941
1.543668
1.1562853
0.8553977
1.2258656
0.81147516
1.8948588
0.43219405
0.5099636
3.7701354
1.111774
0.76375353
0.6275233
3.5878077
0.6106196
0.518036
3.4934292
0.4188623
1.2439806
1.1139301
1.6480457
0.47553822
1.978814
1.9487431
0.41845143
1.9739394
1.0608375
0.9836207
0.2999655
4.0638657
1.4466636
0.28405634
3.2987008
1.8566985
0.56557006
0.96557355
1.6040804
1.5510482
1.0466365
0.30495584
2.1098769
3.0470505
1.063735
0.44543442
2.7515779
2.016019
0.5464771
0.42182702
2.8485737
1.431689
0.45578393
0.66249096
2.69276
1.4779668
0.2179782
3.20537
2.0740018
0.3794257
1.2065623
2.0809293
0.7879639
0.75285923
2.3285275
0.6747476
0.6999029
1.5500908
2.5649366
0.69070506
0.60191834
2.5356777
0.72045064
0.8945308
1.7029757
1.4075223
0.6515962
0.763806
2.2110806
0.74535847
0.5285184
2.5045648
1.4720795
0.42275548
1.4356774
1.4022989
0.63152194
0.8144944
3.288117
0.6743311
0.58839726
1.9529171
1.557622
0.42401746
1.8075886
1.7953377
0.9464306
0.7970567
2.1121774
0.65039116
1.505693
0.9802123
2.0155437
0.93633044
0.84415185
1.2190032
