3.6641908
3.1075945
5.0158
3.8276844
4.442379
4.618554
4.072627
8.16045
4.235703
2.4149694
14.73168
7.0507774
3.584506
7.843502
7.097536
5.2596273
8.219285
5.103717
3.2043023
7.094266
5.073069
2.9209492
17.510555
15.063625
8.85226
3.3288662
21.43018
12.325359
5.9191756
3.0796113
12.760861
13.330326
7.8220925
3.5720503
17.656628
16.186665
10.172167
4.0408154
12.489674
10.989131
5.946848
9.207445
5.1860743
14.598507
12.204846
7.269622
4.877061
12.055439
8.578423
11.09929
7.8017483
1.3789979
40.1369
19.013329
0.3667423
34.608597
26.288624
12.944351
1.3197808
29.579206
19.027973
3.8118327
25.281382
12.365677
1.8122896
18.433342
10.46961
1.73553
16.001673
11.472601
4.8009524
10.607511
5.4072447
8.980549
6.21091
2.7860465
12.527672
7.9106884
4.5072007
11.889292
11.840162
7.9049172
1.2551271
12.457184
4.173332
8.300129
5.5341015
3.021336
16.332245
11.565263
2.8008757
7.528213
6.8581667
4.776784
7.2605968
3.65499
7.6605387
5.198557
3.5300531
2.8240652
7.3284025
5.1288266
4.626702
4.8830886
4.120841
4.639595
4.4992614
5.707346
5.142214
3.7099338
11.732587
6.861964
1.8460221
31.353687
13.270781
4.6744933
4.6072025
9.018687
7.6960254
3.9538755
7.433301
4.3299723
5.541905
6.585397
4.917596
3.949304
2.4719493
17.178669
11.925762
4.509467
1.5510542
19.371593
17.633055
12.770058
8.762056
3.8808713
7.54123
6.274892
5.243312
5.8201127
4.5387955
5.024428
5.2275395
3.6504362
6.6869774
5.06898
4.1548576
11.547882
8.686092
4.39744
3.599092
10.248203
10.446249
5.4372034
3.563306
8.066307
7.1103373
4.0678234
1.8618743
15.142842
13.693
3.1599426
6.5629663
8.187549
6.758081
3.1510205
5.4717917
3.5726666
6.743881
4.8131723
3.89205
9.037285
7.595004
3.6106443
4.4586277
5.5575237
4.7083173
3.4614437
9.960342
8.767517
3.5179572
4.2693872
12.068682
11.828909
8.824483
2.9005246
21.75632
20.551544
