1.4182932
1.7745073
2.6678748
0.48287904
10.915452
0.103163056
11.459971
0.21578263
14.227354
0.07179786
12.028481
1.9104078
0.23244596
6.552019
1.0175217
0.8744246
2.9939637
1.3989501
1.9680873
1.3530236
1.4374757
1.958024
1.0639765
2.1978493
2.7298636
0.86029243
4.5744696
1.3463898
1.1232848
4.878188
2.1149893
1.2981482
2.0914621
3.8562622
0.28706366
5.952445
1.0347316
2.0236568
3.80521
1.6849477
0.23535445
11.9831505
0.718672
3.0881839
1.2736983
3.2927346
1.1694766
2.3910222
5.363794
0.91093755
1.481662
5.552556
1.8492327
1.0702808
5.621681
1.5468426
0.34468478
8.842726
1.572666
1.2124971
2.5023365
3.7621922
0.9810399
1.6211448
5.4824524
0.6937662
5.4228935
2.6918802
1.636518
3.3362472
1.6869047
1.3685751
1.8312875
2.413484
1.5208261
0.84559596
2.6051419
1.0107765
2.0515292
1.591877
0.24216594
8.471895
0.33819675
0.86820805
8.182125
0.63717175
2.2283335
2.443781
0.30874947
8.631664
0.98380506
1.3682449
3.0117621
2.576112
0.6895735
2.1279736
1.6908656
1.9657489
2.50212
0.15698752
11.233517
1.5251987
0.6615163
6.2236023
1.8113761
1.3121289
2.3648286
2.0544248
0.4295712
3.7607436
2.093986
1.5784981
1.7029587
4.2142105
0.2648039
6.5974855
0.87487066
2.4639509
1.9129593
0.9489441
0.8857051
3.9600694
0.35191065
3.0964303
2.7621598
1.1288903
1.5180702
1.1629286
3.1772819
1.5284356
0.31876945
3.3040698
2.8421335
2.4561818
1.5536829
0.8436477
2.549708
1.9010042
0.81389844
0.67413676
5.5672183
0.5679922
2.0283728
2.9252806
1.9670312
1.6782818
1.8992125
0.6028743
3.6186447
0.33470076
7.7963843
2.0569217
0.3824712
1.9512254
1.8067777
1.5792122
0.86774373
2.8170462
3.1499972
1.6669604
1.2776397
2.1416845
1.171502
3.6933742
1.0646303
1.7898586
0.7057868
0.93699074
3.3366516
1.5820657
1.4954153
3.8423982
1.579041
0.8097296
1.1698495
2.940222
2.074522
0.18094626
9.049735
1.565487
0.42582667
3.3966365
0.6248816
5.056293
3.4001899
1.3413914
1.2644174
1.3087772
