1.0573281
0.8792503
1.1658945
0.8260851
1.0690541
0.87873983
1.1223011
0.7578622
1.0845397
0.89954656
1.0416578
0.869256
1.1119881
0.77431554
1.1335709
0.7541132
1.5772204
0.73046696
1.0056889
0.9774041
1.0068483
0.7497265
1.1657792
0.9355431
0.9186429
1.1186447
0.853156
1.099484
1.0181963
0.8744723
1.0650526
0.8201479
1.1293011
0.9494152
0.91917694
1.4493737
0.7493975
1.0448253
0.8214643
1.4312936
0.7615062
1.0105529
0.8999323
0.9243063
0.99769604
0.94720113
1.094399
0.83158517
1.2090929
0.8378486
0.8403533
1.207269
0.7057779
1.3697008
0.8982598
0.83980453
1.166346
0.94663143
0.8766439
0.9665631
1.0042119
0.82952243
1.298848
0.66623354
1.5034857
0.8150969
0.9470986
1.06598
0.8631561
1.3885485
0.73811203
1.1889169
0.7414561
1.1225595
0.9169071
1.1842227
0.9638635
0.94267297
1.0736428
0.90319765
1.2923701
0.7945051
1.1159577
1.0054452
0.9667778
0.96461505
0.9117906
1.2200913
0.77814484
1.1324832
0.93847615
0.97459084
0.8930323
1.1275259
0.74778616
1.2669764
0.7893541
1.1142559
1.0336217
0.8258589
0.96641624
1.1095357
0.9129925
1.0790851
1.1868073
0.74990946
1.4770328
0.75289845
0.9821964
1.0534688
0.8132315
1.1400465
1.0254002
0.9071686
1.0358377
1.065166
0.7689706
1.3886973
0.70263726
1.364748
0.83144605
0.8807363
1.0464308
0.81538117
0.9207517
0.9250808
1.012693
0.97091997
0.81513655
1.1590798
0.7590759
1.4083977
0.7105894
1.2717987
0.7262996
1.2416173
0.9028946
1.039356
0.90888524
1.1286108
0.9006876
0.95524716
1.133049
1.0867409
0.7475762
1.2245303
0.8470727
0.9520076
1.0357599
0.8691731
1.1106548
0.94155777
1.1076424
0.79167104
1.4485487
0.6127982
1.6252135
0.6351018
1.0650897
1.037323
1.0972929
0.9502264
1.0364134
0.83629555
1.2705112
0.8302801
0.9720677
1.0436094
0.81878996
1.0263541
1.0093772
1.0231421
0.91249496
1.0154538
1.0248258
0.6439216
1.3944783
0.8414757
0.9249774
1.2158267
0.73645926
1.2678279
0.8433318
1.1211808
1.0267628
0.73986536
1.3423352
0.7547749
