0.07500438
0.117241636
0.09172844
0.19786993
0.2863882
0.116022214
0.2139941
0.1592148
0.16221634
0.19565038
0.13895267
0.22788358
0.158581
0.23105046
0.17729855
0.14670455
0.14972481
0.15865046
0.14282471
0.11649624
0.11888461
0.13323098
0.113875866
0.1531894
0.1677726
0.06967298
0.12188994
0.09984211
0.15824437
0.31632268
0.55924845
0.6567025
0.26288924
0.32178998
0.2859395
0.1563073
0.12350291
0.10490824
0.15375453
0.100808375
0.1161449
0.13692224
0.16588075
0.12709951
0.08631985
0.18559189
0.26589543
0.19086966
0.124532625
0.101735614
0.2137472
0.11690259
0.14176217
0.066305116
0.10794668
0.12379202
0.11464268
0.10298176
0.07872003
0.21278696
0.12749141
0.08558397
0.1130168
0.12369934
0.1873746
0.11493612
0.045809392
0.5999797
0.7936471
0.12092293
0.28842646
0.1702623
0.22094646
0.12727876
0.22943388
0.13884577
0.08686501
0.10514012
0.11782453
0.10008282
0.22574578
0.23832676
0.41937983
0.15251186
0.30244547
0.10829694
0.122739054
0.11318751
0.07777874
0.094158255
0.11456461
0.0640699
0.41365194
0.5643724
0.19795844
0.13970073
0.17533723
0.27945495
0.08438881
0.10474928
0.116416216
0.14933872
0.14469531
0.11568807
0.16089071
0.31401473
0.22012301
0.12091759
0.102810636
0.11679039
0.13447735
0.08486835
0.22778954
0.13447821
0.2009593
0.09188759
0.35531643
0.4298251
0.18147622
0.21369135
0.13886079
0.08136669
0.06583777
0.13066727
0.1224525
0.08494126
0.06403366
0.16182974
0.097541474
0.09456472
0.036242347
0.19292817
0.2435387
0.22096331
0.12717593
0.17355537
0.08121561
0.1619302
0.070945755
0.06755258
0.15849589
0.08816169
0.20305112
0.450908
0.3740316
0.12006569
0.16613199
0.05428861
0.12685306
0.10132224
0.092872865
0.093814515
0.15333809
0.11496726
0.08141723
0.14815252
0.103351526
0.17253472
0.06451389
0.1029225
0.06610167
0.10166509
0.1649566
0.10902791
0.1342212
0.13844255
0.09855354
0.17462355
0.07462436
0.17624605
0.17052591
0.064810425
0.055500913
0.15888928
0.100927524
0.10786162
0.04648979
0.12325883
0.15191719
0.09054014
0.09196307
0.14593434
0.18772924
0.04218549
0.32056397
0.10263847
0.3061248
0.34960854
