1.7593725
0.84760857
2.4097073
1.304544
1.0847523
1.5909154
1.1807327
1.2623066
1.6349609
1.7706168
0.90904224
2.6409183
1.6087551
1.0496342
1.3325343
1.8107387
1.4535997
1.1797526
1.7978044
1.5759737
1.1599658
0.81603277
2.0678747
3.6191864
2.3692508
0.20972429
7.496092
1.2934343
1.0231664
2.2630262
0.84688
3.3253293
1.1242812
1.007214
2.3634803
1.8910613
1.1685658
2.3444953
2.374406
1.0927858
1.6370319
2.5156453
2.2663336
0.55718505
1.673136
1.7718124
1.0623103
1.5339849
2.2969055
0.876568
1.1172502
2.67972
1.2938529
0.87321985
1.8946522
1.4105424
1.7085906
1.4841652
1.378202
1.2331042
2.9757807
2.9657664
0.34630224
0.56016755
5.418055
1.7109187
1.3263831
0.89827085
3.3773832
2.4594154
2.310136
1.3919115
0.8472948
3.9653823
1.2999204
1.5044789
0.8774961
5.4903603
3.245397
0.40043843
0.6665857
2.7863204
2.2519455
1.757235
1.1505497
0.9474701
1.4755034
1.6429188
1.7569367
1.4394875
1.452132
2.2620718
0.85117763
1.723003
2.1726213
0.8917619
5.0365295
3.0588808
0.19822508
3.1195345
2.595447
1.910732
0.8909415
0.852406
1.4951658
2.0189185
1.0104226
1.3589888
1.4657791
2.084311
1.9490658
0.708386
1.3184794
3.1642575
2.4772072
1.406545
1.70868
1.9000351
1.6146313
0.93663776
2.392531
1.6947045
1.847435
1.8543144
1.4377942
1.5337625
1.783437
1.9272847
1.2806166
1.6650174
1.085855
0.92978346
2.6533568
1.404814
1.0650313
1.4395564
2.5852847
2.277757
1.477447
0.9498569
1.8968745
2.2200656
1.2411035
1.2998936
0.93397367
2.1584227
1.6364954
1.4885366
0.8218105
1.7776239
1.9687643
2.125243
2.015966
0.879632
1.3919308
2.1854093
2.3010216
1.7568872
1.3194427
1.5813088
0.9577451
1.2892642
1.6120801
0.84673995
1.4960533
1.7210088
1.5969698
0.79951835
1.8164737
2.6957233
2.0919209
1.5835032
0.909667
2.3373811
1.6270771
1.2507915
1.0049708
2.6265268
1.8123238
1.2688769
0.8704264
1.5019642
3.0429866
2.4008512
1.1622455
1.0584944
1.9266394
2.0297923
