1.1614801
1.2456784
1.4846802
1.4369509
1.178476
1.2467483
1.2911496
1.6341518
1.9862502
1.5175319
1.4517677
1.5738094
1.4853743
1.2061043
1.1184313
1.365771
1.34978
1.3163812
1.5398129
1.6125679
1.7036421
1.368863
1.4690893
1.4731104
1.4024081
1.2556392
1.2938745
1.6709279
1.3471934
1.3102348
1.341996
1.2151544
1.2558208
1.3246598
1.4288617
1.331238
1.3378458
1.3772521
1.2960186
1.3021688
1.3062725
1.4031588
1.1657498
1.040887
1.2288854
1.2377205
1.1390464
1.2969536
1.165262
1.141026
1.6447384
1.7754327
1.5060325
1.2991381
1.4865432
1.2413487
1.346992
1.3822857
1.3040109
1.4344963
1.261353
1.2129183
1.2234225
1.3802233
1.3102504
1.2711152
1.3189111
1.400851
1.7087309
1.6038125
1.2583153
1.292815
1.3614776
1.4482875
1.4058769
1.4317327
1.3512175
1.4822279
1.4538211
1.4351904
1.3989708
1.149833
1.2035224
1.4802237
1.2940089
1.1931802
1.1991973
1.295932
1.2890685
1.1756163
1.4200144
1.4894445
1.1712863
1.283524
1.3120537
1.4592352
1.2015387
1.3950875
1.5021867
1.2949843
1.2991796
1.3116795
1.3700962
1.2285913
1.2764626
1.539602
1.6381792
1.4128081
1.1552325
1.4128295
1.2582996
1.4815786
1.4402989
1.2659438
1.2014736
1.5160553
1.3517698
1.3792574
1.4369626
1.353127
1.0923961
1.3256344
1.4542544
1.204395
1.5982453
1.4630584
1.3114079
1.3509835
1.5014699
1.3834711
1.1705183
1.0972629
1.3233141
1.203788
1.3569646
1.267263
1.3180746
1.3211317
1.4978049
1.272788
1.3447843
1.3693147
1.4276685
1.4043576
1.2877735
1.1647301
1.2961894
1.3994104
1.3594955
1.1644316
1.2497983
1.2232352
1.4150677
1.6791556
1.7244365
1.4290235
1.1984227
1.1697319
1.2742208
1.4986928
1.2474432
1.2130027
1.2020632
1.2323346
1.383522
1.3481503
1.2388155
1.2916231
1.4099598
1.5983224
1.5425854
1.7052892
1.4327004
1.2985542
1.178792
1.3760486
1.1679755
1.2421633
1.384202
1.4102569
1.2661052
1.258996
1.3498341
1.1471227
1.1906844
1.2924906
1.4177141
1.2485148
