1.5468194
1.675461
1.5861734
1.6122701
1.62752
1.8264593
1.9991274
1.5717754
1.426831
1.6455235
1.5174859
1.7703094
1.6973286
1.7174773
1.8246217
1.7138922
1.5171316
1.5757318
1.6472809
1.5472851
1.582725
1.6009512
1.6340151
1.7200179
1.6612604
1.5910285
1.8077383
1.7857747
1.7519686
1.591757
1.7369727
1.5659819
1.6581342
1.6601802
1.7688673
1.6535063
1.6929722
1.5356735
1.5715201
1.6518073
1.6325978
1.6218035
1.6677643
1.6767764
1.7386665
1.7736886
1.6613798
1.6495504
1.6021941
1.6324226
1.6749079
1.5885527
1.7153506
1.6451529
1.6693624
1.5778598
1.7011203
1.655194
1.6009507
1.5496101
1.5833156
1.9068682
1.8246782
1.6992109
1.5470855
1.6198246
1.5919228
1.6062604
1.6341326
1.5128014
1.6993726
1.6113871
1.7360607
1.6677125
1.5902348
1.5078496
1.7457294
1.8408934
1.8201128
1.5854838
1.5378053
1.5411766
1.6091285
1.713887
1.7159042
1.5369918
1.6153014
1.6461773
1.6059349
1.7292069
1.8728929
1.6903999
1.5616565
1.639466
1.737436
1.8256924
1.5879617
1.6256757
1.584332
1.6842437
1.6593914
1.7159526
1.617459
1.5890498
1.7285419
1.551393
1.6376125
1.7506516
1.6589684
1.7675463
1.6946838
1.6535773
1.6046584
1.5465481
1.5861863
1.6217082
1.6288583
1.5258377
1.6488217
1.6299391
1.6746986
1.7775581
1.8527195
1.6077793
1.689891
1.6304038
1.5778128
1.5921639
1.637456
1.709681
1.5527308
1.4448255
1.6031368
1.5599854
1.5815198
1.6051129
1.5099723
1.6216673
1.6764064
1.6367133
1.7094493
1.9386458
1.7137322
1.6422575
1.5453615
1.5667579
1.6477373
1.5613165
1.6380152
1.5899913
1.6349584
1.81456
1.7342758
1.6712847
1.7634681
1.8061521
1.6982783
1.5705448
1.7973654
1.5952353
1.4909184
1.709287
1.6772343
1.6477144
1.5072417
1.4274184
1.6977766
1.8750079
2.0310702
1.8350234
1.7938492
1.5586753
1.6078992
1.7617805
1.8127961
1.8733118
1.7217951
1.5628066
1.622617
1.4847524
1.6252062
1.6914718
1.5589578
1.5631208
1.6948242
1.6110084
1.5148997
1.4393542
