1.0387962
1.083431
1.0399706
1.0450802
1.0509627
1.0436457
1.2098882
0.9128499
1.4208434
0.86968374
1.0137826
1.2139049
0.91602063
1.1381435
1.0661248
1.011796
1.0086143
1.2051907
1.0691888
1.1528523
0.9879369
1.1935732
0.9538684
0.9585148
1.1854115
0.897128
0.8976103
1.2313433
0.9408548
1.13156
1.0122349
1.2670388
1.0054293
0.9521631
1.1287665
0.99844944
1.0639625
0.85316956
0.91502833
1.2615123
0.7697397
1.1989329
0.8582163
1.1048598
0.9262614
1.0832783
0.85005677
1.1674752
1.02824
1.025201
0.901778
1.2582589
0.8908317
0.9913854
0.9521173
0.8965056
1.3199155
0.80399114
1.313581
0.8889459
1.1379719
0.76768994
1.2522554
0.6962786
1.0836604
1.1094311
0.9336354
1.1672363
0.9456713
1.0663841
1.0853562
0.9295433
0.94932824
0.96508825
1.0380781
0.95705914
1.1321199
0.9072126
0.9644875
1.0835005
1.0808424
0.80030966
1.1444578
0.9092963
0.9595059
1.0880774
0.74516636
1.4442356
0.8620002
0.99617696
1.3664651
0.68805444
1.1064678
0.9185418
0.91324866
1.1125367
0.94846505
0.93873405
1.0378091
0.76020193
1.1836114
0.9291455
1.0581558
0.92011964
0.8822246
1.1175909
0.8127898
0.9645847
0.8916049
1.0653687
0.8689626
1.1252759
0.78284067
1.0506854
0.96435606
1.0227473
1.0045943
1.1212339
0.87234914
1.01771
0.9374642
0.88680637
1.047485
0.96923167
0.8673036
1.000144
1.0036023
0.902236
0.988289
0.7917686
1.0507479
0.77233154
1.133966
0.90742135
0.8000412
1.1572871
0.9483117
1.0019035
0.8225435
0.97982943
1.084573
0.7355385
1.3945711
0.859712
0.95422864
0.97030014
0.9179088
0.9498657
1.118406
0.854581
1.0663729
1.0435061
0.93409157
1.0026958
0.85502005
1.1785295
0.88660485
1.1180001
0.8609828
1.1302311
0.78855145
1.0319526
1.1182214
0.9567671
0.9798696
0.73949456
1.0311067
0.92764306
0.86967194
1.1152537
0.91246134
1.0757359
0.8720893
1.0029798
1.3421655
0.6065956
1.5990374
1.0438038
0.6987824
1.7829243
0.80965126
0.9647169
1.0883422
0.9769188
1.052408
0.91738737
1.0851319
0.93094015
