0.26708335
0.3244105
0.49929416
0.62960243
0.43091065
0.28127223
0.3006983
0.6336661
0.64452
0.40866017
0.44548777
0.61634696
0.20269082
0.5307799
0.46679276
0.47423193
0.51297307
0.37421417
0.32955655
0.54235816
0.52653736
0.35271865
0.43988797
0.2462188
0.63707274
0.87162
0.27085274
0.38377297
0.3194149
0.42595688
0.34908634
0.31962174
0.35041836
0.42933816
0.58267057
0.5154315
0.6081361
0.4062566
0.4595778
0.28496864
0.5526088
0.6920156
0.29790956
0.23667306
0.4579508
0.5789467
0.67003214
0.4633643
0.4285087
0.37546206
0.22890392
0.30854946
0.41020125
0.78371096
0.487307
0.8613243
2.2275064
1.4449828
0.4799639
0.6352495
0.7819502
0.73550826
0.83737445
0.40450934
0.29316592
0.46927327
0.44556725
0.5055693
0.53773856
0.49065796
0.4063491
0.5714907
0.44060445
0.46046066
0.33064938
0.38744092
0.4146703
0.32854742
0.8471183
0.81384474
0.4492294
0.31786636
0.47772992
0.5204106
0.38350314
0.337605
0.336566
0.3808563
0.8236197
0.6766449
0.2799266
0.3254605
0.33606797
0.5733192
0.33925968
0.30783296
0.33577654
0.5202118
0.26899773
0.20062089
0.7096257
2.1368709
0.8843073
0.5190809
1.2209576
0.733696
0.48513317
0.5894273
0.41796905
0.9255095
0.42974734
0.4368131
0.40704703
0.4851423
0.9845573
0.56974715
0.64043844
0.87586176
0.32065257
0.5251432
0.4840519
0.5185903
0.28910172
0.50465953
0.626275
0.46432418
0.19724803
0.7647241
0.46169043
0.3202232
0.25543958
0.35442448
0.91934437
0.92007804
0.49808726
0.7260206
1.1436707
0.24854127
0.98450804
0.58791506
0.58165836
0.58527666
0.5832829
0.68423694
0.51774275
0.4999621
0.7036886
1.0045117
0.37598938
0.8759623
1.1502571
0.24184272
0.9857065
0.5791055
0.73114944
0.7234091
0.40569478
0.6952736
0.3717528
0.5603
0.6425617
0.7975837
0.37381983
0.52191633
0.40210086
0.7693243
0.6278368
0.6237562
0.84038347
0.34264612
0.67053
0.36324406
0.42243516
1.0170885
0.70559406
0.33873028
0.8421735
0.657031
0.23161772
0.2863485
0.49743986
0.6274534
0.26843196
0.47001067
0.4013378
0.6600795
0.679147
0.30918005
