1.3251302
1.225956
1.4349408
1.1543612
1.473547
1.4708214
1.2359545
1.2749919
1.4558699
1.1125815
1.1026926
1.5084034
1.0866101
1.602766
1.1299406
0.9105742
1.3458855
1.1497074
1.0095475
1.2296369
1.0156412
1.0652866
1.2624619
1.0646758
1.0299642
1.179876
1.120899
1.1104593
1.1369085
1.2569082
1.1287646
1.1594687
1.1001734
0.9834366
1.2666516
1.1408987
1.0125858
1.1953964
1.142126
1.198987
1.2331359
1.0746151
1.1852834
1.0753925
1.1053102
1.1079515
1.3568405
0.970555
1.2474108
1.2215546
1.0814192
1.1922221
1.1169312
1.0967276
0.9288355
1.1080403
1.0361578
1.3006368
0.96683186
1.1867242
1.167887
0.90755
1.445472
0.91651154
1.2566218
1.0138412
1.1031086
1.0255787
1.1247437
1.041544
1.3524203
1.1505277
1.0441154
1.2861028
1.0150404
1.3058584
1.1425767
1.0959926
1.2603412
1.0076828
1.2647705
0.9675175
1.3739586
1.0328681
0.97172034
1.4628024
0.935861
1.43026
1.0501091
1.0021842
1.1021793
0.92648107
1.21609
0.931657
1.1954846
1.0714059
1.0622749
1.0452068
1.1328703
1.0066237
1.3247695
1.1103235
0.9866396
0.87198323
1.2986698
0.7800157
1.1894283
1.0171803
1.1494181
0.9216342
1.1054918
1.1539772
1.1251829
0.9976069
1.068551
1.0263679
1.1375055
1.0578763
0.92185926
1.122052
1.0919968
0.90619755
1.1071655
1.1168175
0.95881045
1.1718966
0.91955847
1.1481279
1.0128405
1.1439915
0.90332264
1.1240671
0.97930753
0.9223956
1.1140667
1.1740456
1.1220398
0.8659395
1.3781359
0.93903303
0.9538686
1.1335275
1.1864793
0.9802621
1.0836163
1.024385
1.0234754
1.0850679
1.0019209
1.0538316
1.1239486
1.1420457
0.9308922
1.1238894
1.147484
1.0542778
0.8821457
1.0587692
1.1997691
0.8229295
1.004975
0.9012946
1.2011325
1.1015683
0.8141898
1.0676522
0.89590657
1.0061834
0.94381666
0.9539777
1.03076
0.87779236
1.0375848
1.024504
0.9465809
0.92382556
1.2172854
0.877981
0.8544307
1.3455694
0.7938762
1.1211772
0.9249964
0.9575813
1.1503875
0.92936975
0.980431
1.0708032
