1.301976
1.380204
1.3528477
1.2717474
0.3855347
2.001228
1.9886324
0.48722357
1.9042282
1.4704521
1.1188998
0.99945134
1.8981673
1.4226005
0.6320119
1.242929
3.0934074
1.3559396
0.5175215
2.0462306
2.5511484
1.3421143
0.9235276
0.7725277
1.873549
1.884835
1.0957842
0.6017184
2.903975
1.0208012
1.7525543
1.4835062
1.0548512
0.87408376
1.3749962
0.9286077
1.8138611
1.2139277
0.8919488
1.5893327
1.8998297
0.6521896
0.21279296
2.0725327
1.5274814
0.48568672
2.624072
0.94341797
0.59112716
2.7042637
2.1121817
1.077966
0.9909677
1.4796968
2.1161618
1.254192
0.6024392
2.4066346
2.3449574
1.0718234
0.5115222
3.4496534
1.5996577
0.655607
1.0691912
2.2658563
0.83181536
1.3939631
1.9189339
0.9382237
1.1610613
2.4754508
1.1138871
0.7970285
1.4432395
2.2141666
1.1821777
0.80604994
1.961036
1.0450385
0.84839296
2.6500158
2.2182953
0.8132783
1.2670362
1.7005718
0.80661315
2.2645125
1.2493773
1.2833066
1.2528455
1.7214785
1.2526041
0.7434688
3.5216737
1.7303147
0.39636362
0.73322594
4.403004
2.6586132
0.4130149
4.487236
2.288297
0.5441047
3.1012368
1.8788272
1.146522
1.0259582
0.7633054
1.9087744
1.8502226
0.30506304
4.0535116
2.2565622
1.4751729
0.70593303
2.8919349
1.4406381
0.6452693
3.5122645
1.7237924
0.59021854
4.0848894
1.1325109
0.4844839
2.9518445
2.1337707
1.1171823
1.1918669
0.9373627
5.3085113
1.2604063
0.6352627
2.4483228
2.222651
1.1574595
0.23443896
4.9958267
3.2978773
0.7427588
1.1720495
4.9020166
0.54462886
2.1599436
1.7926685
2.066872
0.58194715
1.1938944
3.8085637
1.8128337
0.5481875
2.6444533
2.426437
0.603057
1.0378565
2.1621282
1.365268
0.5805516
2.1896684
2.3100438
1.3341806
0.7166455
2.5313156
2.127158
0.82104826
0.6299094
1.9081705
1.6100128
0.30953744
4.2724066
2.459836
1.32778
1.0142417
1.0880659
1.442652
1.9255335
1.3922491
1.2033348
1.420353
1.552407
2.044605
0.61035526
2.294146
1.9618075
0.90184087
1.429419
2.460899
2.3669746
