1.300271
0.81974465
1.5159717
1.0314575
1.0549271
0.5527259
2.2738554
0.4950085
1.5290606
0.9193882
0.92073905
2.0634408
0.430903
1.4907334
1.9727061
0.31663433
3.406016
0.6846483
1.1637334
1.109227
1.2292547
0.79375255
1.1533413
1.5065823
0.564912
1.6942923
1.4630892
0.37301695
1.3255212
1.4311941
1.2517793
0.38719782
0.54658234
3.8029037
0.44407186
0.62250143
2.2916474
0.8036655
0.4636597
1.6318196
0.588321
1.3006172
0.8981074
0.8486281
1.307033
1.8399339
0.3865195
2.4850926
0.8284296
0.828233
0.7922802
1.4769967
0.7794032
0.92609555
1.0417641
0.70847344
1.6480435
1.1194847
0.73856544
2.0373366
0.30526754
2.7248
0.79519165
0.3417753
2.2989726
0.9971765
0.67645234
1.2836049
0.74181116
2.8967612
0.2433837
2.9205217
0.8645151
0.82294583
0.7160442
2.1740391
1.172632
0.4317807
1.8540446
0.8049154
1.2243805
1.4358997
0.73204124
1.8842406
0.8186586
0.89223146
2.48625
0.52320313
1.1598816
1.8783259
0.503462
1.4570333
0.6479713
2.0030584
0.93934214
0.577909
1.6365817
1.4583104
0.40724775
1.659508
1.7316518
0.3015188
1.5628343
0.86978936
0.8725138
0.5984632
1.1175625
1.8647249
0.28382653
4.492002
1.2842118
0.43590224
2.9013925
1.4384062
0.42673993
3.1836607
0.7091886
1.0639706
1.3677678
0.44691658
2.3844335
0.806721
0.59121275
0.624575
1.8846543
1.8272458
0.5447181
0.36610836
3.546186
1.2240348
0.4724244
1.9801643
2.011456
0.52513874
0.844688
1.934742
1.3519453
0.24474165
2.2517362
1.9739441
0.7516121
0.84671867
1.6055017
1.1445081
0.96994615
0.70679915
1.6806415
0.52846885
0.8450674
3.593481
0.83168995
0.7189953
1.1930977
1.8770013
0.4842373
1.4381804
1.3328555
0.9435667
0.65444326
2.083668
1.1830789
0.40247685
1.946739
1.2826877
0.72317743
1.1100056
1.2178813
0.8707812
0.37736505
4.2797384
0.91383386
0.4847355
1.8216306
1.3802372
0.5125954
2.2091053
1.2219089
0.41966695
1.5897505
1.2485073
0.56393564
1.3608544
0.6907877
0.9456507
2.5855584
0.7864921
0.47743022
2.9933422
