1.4634359
1.5657452
1.532172
1.4579128
1.4364427
1.4238646
1.6100947
1.6654445
1.7951905
1.8514386
1.5398221
1.5390022
1.4954116
1.476896
1.6775913
1.609118
1.5190635
1.5140797
1.5868073
1.5147786
1.5661819
1.8125334
1.6019051
1.5074397
1.648612
1.5910429
1.4546766
1.6032994
1.5486534
1.5778081
1.570096
1.4885526
1.4222218
1.3008358
1.4212269
1.2860608
1.4825717
1.5721711
1.8737706
2.4025927
2.9552925
1.790777
2.2629833
1.5175997
1.6283698
1.5658364
1.5371644
1.6732223
1.489991
1.4417176
1.4399142
1.3750618
1.5150585
1.561374
1.4303209
1.373695
1.5841084
1.6605593
1.6213477
1.6115353
1.5702448
1.6985853
1.5712242
1.6253207
1.7577026
1.4985933
1.4796548
1.6288263
1.622425
1.4574348
1.7171085
1.5681973
1.5294386
1.614675
1.6138132
1.4103122
1.7042584
1.6200123
1.5991268
1.5424526
1.4184859
1.5073788
1.4931933
1.5214491
1.4642134
1.3184386
1.5163379
1.7965956
1.5093265
1.5418134
1.5711932
1.48388
1.5173833
1.6644069
1.7490969
1.5449684
1.4534626
1.8367529
1.7191153
1.6107671
1.7462256
1.5204127
1.6287116
1.4523945
1.5313181
1.576028
1.5977721
1.4749871
1.4768157
1.6726775
1.557631
1.6293185
1.4819968
1.5232646
1.4845816
1.4389733
1.5634598
1.6363533
1.3921795
1.5325322
1.7699649
1.5539097
1.6008527
1.3940964
1.6453421
1.6990674
1.5815129
1.6499195
1.4140786
1.421746
1.3253965
1.4613243
1.668649
2.0229163
1.9096216
1.5046886
1.5056621
1.7048485
1.7552277
1.6903474
1.5028375
1.4966065
1.5504588
1.4869128
1.3751848
1.5010033
1.55652
1.4405427
1.6488684
1.5912712
1.4704938
1.5578161
1.5444419
1.8339
1.7623167
1.5712597
1.53019
1.5086399
1.3743256
1.661958
1.9275098
1.8627889
1.6305573
1.71775
1.6130565
1.6441128
1.4241998
1.402835
1.5284995
1.8038261
1.6912245
1.696531
1.6723895
1.4451162
1.5243464
1.4137791
1.5343647
1.5260376
1.463152
1.4513451
1.4737705
1.3974991
1.3618522
1.5038264
1.5369277
1.4891729
1.4526023
1.3783176
