3.9642265
5.0510306
3.038415
9.772631
8.052836
4.353636
3.0465875
5.5579386
7.673339
10.583816
8.32147
5.603549
3.868918
7.4393473
6.514776
4.564708
3.0170527
3.6771443
23.391361
15.400278
9.270689
2.7213387
10.494785
9.628782
4.736927
2.7599237
4.1673627
3.7280483
5.5423765
5.5683227
4.5149436
3.914472
3.5685854
3.073959
3.4695873
3.7909803
4.0209684
3.6810465
3.1224835
3.2164211
7.7783957
5.6739235
3.6612341
3.1802344
9.32541
6.868245
5.1358
2.1197875
4.6808624
5.257484
4.426862
3.8788261
2.9806495
8.400732
9.140518
4.9387484
3.1014056
9.393317
11.002027
6.844678
3.8090172
2.455616
7.638117
4.892473
3.4211175
3.1527963
11.986961
10.974577
8.05872
5.5030575
2.756495
3.6552203
6.4751425
6.9419727
5.282606
2.8159738
6.298486
6.069223
3.974208
2.841646
3.164322
3.4437912
3.5483224
3.6520493
3.5698032
3.4688144
2.508472
4.683616
3.953018
3.676166
2.9435484
7.058609
6.7254634
3.922895
2.1927397
2.0912087
7.1828256
7.2752676
5.874525
3.09875
2.6931849
3.8626919
3.567074
3.3918798
3.345248
4.250044
3.0864174
3.3696392
3.767747
3.3768504
3.7430272
3.9359446
1.5776083
9.912448
10.084256
4.61158
2.5197978
4.7481127
4.8355417
3.8070638
3.4513097
2.6349282
3.773675
4.164907
3.5024915
4.8488855
4.021126
3.2017484
2.8541646
11.272156
7.559593
5.75485
3.434097
6.206617
7.161891
5.7271476
3.366391
3.3100493
3.7272904
3.7110171
3.4520502
2.7054513
8.483651
7.711069
3.2036476
1.8808632
6.694345
6.0162916
2.7914643
2.5948365
11.842179
9.607296
5.7932463
3.1470838
4.324206
4.0853176
4.236248
3.6060724
3.2267275
4.497526
3.8847213
3.3102756
4.1366034
4.723636
0.873713
10.328588
10.717365
7.315931
4.289114
3.5511723
4.3799067
4.3788147
5.8209524
4.6954064
3.007614
6.2079
6.905698
4.1051054
3.1928139
3.5106556
3.782393
4.349243
4.880477
4.0991454
4.207571
3.8988404
4.448737
4.599023
