0.036869198
0.18991119
0.11663126
0.31079638
0.83665687
0.19226207
0.2322117
0.18253522
0.05134082
0.10297638
0.048829198
0.22350919
0.26737097
0.10211547
0.7345348
0.626588
0.036179043
0.13138047
0.030553324
0.042281814
0.0834659
0.05429943
0.14189254
0.13927773
0.05211927
0.13213445
0.109216824
0.081860706
0.14024743
0.09097719
0.0918843
0.093540475
0.10238796
0.030823886
0.06883478
0.04867845
0.13035403
0.12125999
0.06912178
0.041005693
0.08687703
0.073595285
0.18473192
0.5098305
0.07155183
0.8644677
0.2018496
0.6261556
0.8542626
0.23647748
0.21218143
0.5638644
0.13647236
0.18511459
0.11364128
0.048194386
0.03454965
0.15342379
0.09165967
0.14173771
0.08768533
0.14110225
0.05384881
0.11791166
0.12361048
0.10321093
0.10656945
0.089075886
0.07640756
0.0971673
0.11157013
0.06393015
0.19570431
0.10020642
0.046858534
0.070589334
0.056945294
0.12612651
0.15822527
0.07446789
0.061627686
0.09800869
0.30333945
0.090547174
0.21593075
0.05905166
0.12601472
0.04001972
0.04669909
0.077152684
0.119414665
0.0679791
0.13546085
0.03705032
0.16649298
0.12804233
0.04802392
0.086977795
0.11284577
0.07327363
0.0733069
0.109285295
0.0403527
0.06327516
0.12927003
0.09570502
0.052808017
0.07808576
0.05329536
0.09138538
0.06494695
0.1138502
0.192901
0.05273635
0.57842433
0.79064155
0.124030754
0.3227308
0.043915376
0.20561703
0.030730538
0.07431868
0.08865992
0.06778087
0.024239797
0.11746225
0.089391835
0.06306305
0.24803872
0.06435996
0.22330673
0.2617678
0.055499986
0.07730097
0.18334503
0.035393015
0.03421084
0.32359156
0.17168932
0.23369087
0.11906388
0.21167687
0.08843434
0.11540631
0.031768795
0.041421674
0.05376543
0.09122893
0.03432382
0.0774122
0.10389545
0.055781536
0.079631515
0.040139146
0.10854715
0.06851966
0.06031816
0.07593103
0.029295653
0.09468425
0.054414652
0.091040984
0.09054805
0.084600456
0.10062781
0.09479086
0.120386675
0.043360934
0.04375419
0.109950796
0.039814197
0.09527774
0.07343194
0.12323728
0.050426174
0.088064864
0.02651429
0.06391675
0.038454965
0.044132717
0.065304875
0.04644808
0.06169642
0.03969475
0.044490542
0.047466494
0.051011145
0.026754009
