0.02721576
0.050420992
0.09139006
0.092278205
0.09154597
0.13660376
0.06642633
0.1071067
0.108390704
0.12606001
0.047659956
0.07946017
0.09034799
0.12018874
0.63042295
1.77486
0.910814
0.19810061
0.3075995
0.15171853
0.30413064
0.13386069
0.17904478
0.096410364
0.085194096
0.19973567
0.17563754
0.11078049
0.17198005
0.0984796
0.11724409
0.31464368
0.2077659
0.07759503
0.176861
0.07630654
0.09605783
0.11483319
0.109129064
0.06838608
0.22224092
0.11981267
0.119111784
0.09731906
0.12631191
0.24189936
0.31251836
0.085090436
0.62873495
0.26036447
0.69493926
0.16646378
0.37524563
0.056231298
0.25479773
0.12319796
0.10345587
0.09544298
0.17344506
0.08062911
0.06581269
0.42120776
0.769739
0.13899568
0.3300271
0.052506242
0.16803873
0.12364803
0.06838283
0.09630715
0.17436051
0.1142353
0.15380447
0.19132966
0.08201413
0.22881258
0.12556383
0.14014748
0.061726674
0.05762168
0.13470341
0.13622537
0.11855164
0.043156326
0.030360382
0.2853445
0.1211533
0.18122081
0.07649049
0.10688537
0.1113691
0.06914595
0.09997967
0.062161054
0.13039903
0.06617968
0.075545
0.11184876
0.16312718
0.2207449
0.07086232
0.09413379
0.041203596
0.08629459
0.086736806
0.05864887
0.09053988
0.046788264
0.0590241
0.05555793
0.09232443
0.14499786
0.10384743
0.10066044
0.17739901
0.11496818
0.14519253
0.04860021
0.15588018
0.08699187
0.08393598
0.044372283
0.1847037
0.09793016
0.06264261
0.14783633
0.1346261
0.06186434
0.045531064
0.021087216
0.12818253
0.076521456
0.09061769
0.12767369
0.015128271
0.02142607
0.29203698
0.16998065
0.042905673
0.08827583
0.036613725
0.04306827
0.05350353
0.05828172
0.039831035
0.061032094
0.057079084
0.06713077
0.104913965
0.075685844
0.06602704
0.08413319
0.06761416
0.08720138
0.1577114
0.053722557
0.09912808
0.031457387
0.02789937
0.03486307
0.03387811
0.112732574
0.11770858
0.10288349
0.052518666
0.076215014
0.28920802
0.43694395
0.42295587
0.036316343
0.15225866
0.040355857
0.072301276
0.060659006
0.0407845
0.0677986
0.0796963
0.095476836
0.060855355
0.03795761
0.04149562
0.065051906
0.2560909
0.23525816
0.065583795
0.064498715
0.04978917
0.058837023
