1.297518
1.3919183
1.2052386
1.1472938
1.163626
1.3832846
1.1898196
1.269539
1.3523521
1.5724233
1.8392905
1.7406385
1.4086752
1.3786151
1.2670538
1.2599242
1.670452
1.5933297
1.4279808
1.3653862
1.3247149
1.2289712
1.2368845
1.4297543
1.2955155
1.5641353
1.3977208
1.3236673
1.1746247
1.3031105
1.3747292
1.2987304
1.5319638
1.3380089
1.3120687
1.4116502
1.6782501
1.6504178
1.484684
1.5566852
1.4877928
1.4167495
1.3876381
1.3157094
1.5483501
1.5044596
1.3894073
1.4319084
1.3025067
1.2796887
1.2720567
1.4148318
1.4718537
1.4705168
1.3899794
1.3776184
1.4329355
1.4517366
1.2667203
1.2851799
1.2810571
1.3044248
1.2436907
1.4282565
1.1881937
1.1629126
1.2609293
1.5149795
1.6464838
1.4513621
1.4258492
1.241389
1.3339531
1.3167559
1.3228422
1.4199508
1.4837055
1.564827
1.3508176
1.3077954
1.7262197
1.4886652
1.167188
1.3183761
1.6477776
1.5856695
1.3793477
1.4671668
1.3522445
1.3677607
1.3223284
1.2847632
1.34299
1.5418988
1.5207298
1.3111105
1.2523308
1.3398525
1.3640321
1.247592
1.4626637
1.6009154
1.5226265
1.4089555
1.3700988
1.4943067
1.2780123
1.3951509
1.4838243
1.2738241
1.1842782
1.4463956
1.3318623
1.4203383
1.1941013
1.2908623
1.3674471
1.2863045
1.4695747
1.4798381
1.208904
1.3392764
1.2403269
1.4725466
2.0295966
1.6127658
1.3564188
1.2021123
1.6205546
1.4971564
1.5022206
1.3217212
1.419111
1.2228487
1.5934539
1.451443
1.2866733
1.2859836
1.441061
1.403575
1.1574318
1.3775208
1.4872262
1.4494301
1.4845873
1.4009345
1.3791893
1.3448143
1.5357876
1.55091
1.5576403
1.6994278
1.627723
1.5399494
1.1948786
1.3223155
1.3068519
1.2761643
1.1048932
1.2442822
1.2176375
1.1996074
1.2869618
1.252738
1.3338596
1.618228
1.3788953
1.4388509
1.0485559
1.1652226
1.4490039
1.297498
1.5622196
1.435665
1.5547351
1.5988708
1.6485925
1.4796716
1.536074
1.432828
1.411735
1.35049
1.4274125
1.0872877
1.2139814
1.312711
1.310309
1.3283367
