2.539442
1.8334008
1.8523105
1.3526092
1.2534151
2.6776986
2.2449408
1.4861739
1.4823015
1.1634502
1.6034498
1.8790003
2.8954968
2.4724636
0.12696716
11.836931
3.354714
1.0409307
2.8266654
3.1989062
1.8068936
1.8384249
2.1273499
1.9639753
2.2139175
1.4764439
1.022942
1.2830653
2.5076418
2.173377
1.8496602
0.48591655
2.3611593
2.8683286
1.3886521
1.0970414
1.6496418
2.7228594
1.4576994
1.1562147
0.985031
1.6465784
1.5734942
2.3384523
1.6999474
0.47630876
1.3737562
1.3684886
7.9463463
4.0989532
0.28891337
0.6203468
4.258118
3.2934952
1.2829207
0.71707416
1.595739
1.8625096
2.2069485
2.034771
1.7047988
0.43799812
7.398099
3.9998453
1.095561
0.83479327
1.719745
0.93245065
1.0295892
1.2737073
1.512294
1.7410023
0.8562934
1.7743981
1.897196
0.74674183
1.244278
1.8056839
2.1296213
1.8711429
0.87000453
0.781747
1.6715324
2.0444622
1.2781979
0.6820072
0.6085728
2.4947088
2.9487352
2.1546943
1.1822907
1.5604751
1.2289836
2.1021116
1.1954789
1.6505557
1.8900692
1.3463587
0.848856
2.4422648
2.0761743
1.0363925
1.400656
1.472164
1.639003
1.0216763
1.7912308
1.4797244
1.4712564
1.6875361
1.0913393
1.483347
1.6176679
1.9268949
0.7713302
1.2169282
2.2471538
2.0096745
3.7746725
1.8653598
1.6561006
1.1203882
3.2272944
2.7444587
1.6301519
1.7277682
2.249441
2.497377
2.4864552
2.7275832
1.0038062
1.2340434
1.6983489
2.103289
2.4940438
2.4925675
0.6711986
1.5841604
1.9502335
1.7866516
1.9544762
1.4141
1.5877107
2.064612
1.6859691
1.3066595
1.4064468
1.7433236
1.3269312
1.4560782
0.9753083
1.6360917
2.6036758
2.157161
1.3052266
1.6526396
2.132339
2.368796
2.1134892
1.9389994
1.6800269
1.0197611
0.99368083
1.6296952
2.0254247
1.5271817
0.22416529
7.6417007
1.9171553
1.0306151
2.678432
2.403911
2.2048717
1.9550375
1.6352487
1.5269493
1.7063704
1.5305526
1.7951531
1.8686563
1.7037468
1.7267435
0.5097892
3.209403
2.9627116
2.5017228
2.021236
1.0421846
