0.97328043
0.6696217
1.2468522
0.97609794
0.6396739
1.6628118
0.31308925
2.9943588
0.41099918
0.77755356
2.5189729
0.91235995
0.5618695
3.2068763
0.3654415
1.9489448
0.90826464
0.82799697
0.8361073
1.2863708
0.820416
1.3147255
1.278498
0.64827967
1.2367413
1.423143
0.4097445
1.4300548
0.28999728
3.4033327
0.76488876
0.24141075
2.0981097
1.3128805
0.37416518
1.3254268
1.4393346
0.83003294
1.1598315
0.69907916
1.7454668
1.0179362
0.3992008
1.2244776
2.039256
0.47862512
0.7184595
1.6493994
0.5518818
1.956945
0.30081755
1.7607561
0.47865242
1.6681012
1.0901291
0.36186308
1.299474
1.3590134
0.40446097
1.7465286
1.0528264
0.9783275
0.4333277
2.6203594
0.64899707
1.0906087
1.4122217
0.44266123
1.2964282
1.512023
0.35252595
1.9799782
1.4230835
0.36467505
1.8621485
0.91754156
0.71540415
1.4773273
0.82045907
0.920166
1.2256287
0.5098587
1.9262011
0.9513916
0.5655564
2.4057784
0.86642325
0.53358495
1.9487894
1.0828931
0.6747422
0.70450103
1.9176829
0.77022916
0.5835947
0.86990064
1.5149705
0.5361271
1.6306591
0.6185657
1.9868217
0.62924445
0.9792713
1.9559793
0.75214475
0.41238004
2.052631
0.80136764
0.46229452
2.1869278
1.0741689
0.23774473
2.544275
0.7886343
0.7065033
1.2230538
1.5164548
0.8992206
0.70220554
0.9297629
2.1407647
0.69226503
0.61597896
1.3298113
0.9662106
1.4732363
0.3787619
1.8292029
2.0166564
0.57560647
0.6300442
3.03648
0.88079447
0.35748127
1.398586
1.4472104
0.5605221
1.0872028
1.0867178
1.5501642
1.0190369
0.79763675
1.6686997
0.6348126
0.75364447
2.6461213
0.56748843
0.9978944
1.0767804
2.0145268
0.58298904
0.9313931
1.5321798
1.1610003
0.4414159
1.8183091
1.0259575
0.47965112
1.4090914
0.7900307
1.6110162
0.46570355
2.278681
0.80021775
0.7246946
1.5313548
1.5681717
0.31277
1.9011693
1.5901082
0.7571665
0.26767313
3.1636817
0.7894699
0.3792404
1.5747796
0.8106755
1.1042057
1.464262
0.6258191
1.5190699
1.4084727
0.43420267
2.562615
0.97824305
0.71579915
0.98632723
1.4993228
