0.060403533
0.07214606
0.16575113
0.06523659
0.12041794
0.10801119
0.070621185
0.14379857
0.062036075
0.14997339
0.09435879
0.18438727
0.07491903
0.13088937
0.095196694
0.057288058
0.09305808
0.100278735
0.07242448
0.08958751
0.07580247
0.08090021
0.117240846
0.13052675
0.07357559
0.116270125
0.14265555
0.03387239
0.1136369
0.053271282
0.14325687
0.2967758
0.16452305
0.11022233
0.14340079
0.43819174
0.5052331
0.060634267
0.20182072
0.14358133
0.07368802
0.091029525
0.13602659
0.11877461
0.108701244
0.11204514
0.13022834
0.278723
0.42052364
0.16644391
0.11348115
0.067668125
0.08518234
0.08651278
0.11726215
0.14810073
0.09665076
0.08274874
0.090946585
0.14409328
0.068939365
0.067317605
0.059238892
0.111781456
0.08154709
0.37494773
0.5538962
0.061128452
0.1821293
0.13195923
0.33544493
0.10677481
0.16716416
0.15499178
0.04248119
0.13862477
0.34104103
0.22930339
0.044313997
0.06517774
0.37072363
0.3736242
0.068403125
0.13917404
0.09126169
0.07758934
0.097986296
0.29753673
0.7073596
0.4662402
0.12971978
0.6249183
2.5098622
4.950631
1.2209271
5.2658324
3.4921765
5.4118633
0.84047616
0.5056902
0.5659446
0.36798894
0.24934958
0.34582353
0.59849787
0.38563436
0.3334963
0.34447333
0.63386637
0.6083648
0.24037021
0.6056103
0.38952273
0.2207943
0.34774312
0.43893743
0.45602533
0.40246755
0.12802173
0.27111283
0.27245864
0.2614467
0.24308997
0.3078619
0.21013916
0.16538048
0.15424621
0.17570679
0.18379962
0.1941936
0.19460972
0.32486403
0.23466355
0.20597184
0.16010045
0.28432512
0.50240636
0.8352545
0.3134763
0.2970257
0.3645856
0.120743394
0.24776083
0.11975134
0.19201249
0.10578498
0.17710134
0.16734233
0.21483405
0.24880405
0.27240887
0.34555236
0.2074815
0.1609383
0.3447559
0.16451935
0.1267543
0.1729325
0.13080806
0.1777876
0.18306437
0.20569696
0.29504335
0.31956273
0.28371435
0.14843449
0.23581797
0.17254016
0.1321613
0.11268003
0.14289194
0.2247581
0.26873332
0.17651002
0.07687581
0.18749171
0.25947964
0.12577426
0.20474263
0.11789352
0.12718144
0.097820975
0.51890254
0.77246577
0.13063328
0.35977334
0.23875448
0.11702889
