1.8276596
1.8550491
1.8707755
1.8317416
1.8912477
1.8229051
1.8446169
1.7857413
1.7811666
1.7896938
1.8281765
1.8262056
1.8069355
1.8948126
1.8959508
1.863615
1.8956442
2.0021548
1.8244761
1.840667
1.9196008
1.852586
1.8413447
1.8716244
1.8014485
1.7787149
1.9080358
1.8156267
1.7925801
1.8688323
1.8803272
1.8253169
1.9440541
1.847338
1.7020806
1.7382798
1.7895585
1.76904
1.8795493
2.02393
1.953845
1.9942769
1.7628686
1.8092204
1.8229405
1.8019965
1.823117
1.8533399
1.8024321
1.8005546
1.9378004
1.8569567
1.9070277
1.8460413
1.8528175
1.778275
1.840011
1.7908342
1.7690552
1.8610282
1.7752743
1.8355725
1.855073
1.8935769
1.9368244
1.9919827
1.8989246
1.879149
1.8457212
1.9383767
1.8266156
1.8664019
1.878295
1.9048754
1.8682796
1.759526
1.7630814
1.8699102
1.9204829
1.8085141
1.8084487
1.9514471
1.8823389
1.8120887
1.873763
1.8693371
1.860358
1.9762131
1.9864727
1.9014823
1.7969944
1.8746085
1.7576749
1.9090409
1.9961894
1.9206307
1.869605
1.7770923
1.8639193
1.9560275
1.8252778
1.8108786
1.8910675
1.7523689
1.7904894
1.7707305
1.9724612
2.016481
1.8639624
1.844527
1.8945194
1.7787752
1.7912621
1.8188574
1.7932105
1.8022735
1.7924285
1.8518457
1.894363
1.8821417
1.7781907
1.9209512
1.897434
1.7821379
1.8758101
1.8688967
1.8685522
1.8307396
1.7319765
1.8416023
1.8320726
1.8415456
1.9097884
1.9364617
1.9932659
2.021092
1.8906119
1.7858593
1.8856425
1.9245074
1.8747642
1.8562702
1.7565471
1.8426051
1.7830052
1.9043773
1.8768084
1.7446675
1.7513694
1.8201874
1.9377593
1.8539675
1.837901
1.8845149
1.9544438
1.9196855
1.92947
2.2494087
1.9750483
1.8229456
1.7910365
1.7847295
1.8056037
1.7684331
1.9007385
1.7851822
1.8487167
1.8988032
1.8620372
1.8162417
1.8815584
1.8135661
1.8032854
1.8095224
1.7567196
1.8427911
1.9292663
1.9374595
1.8509886
1.6536429
1.9049531
1.9011638
1.7848358
1.8739574
1.8681983
1.8807697
1.876277
1.8850902
