0.7853096
0.94637454
0.74722284
0.94161856
0.7952883
1.2476149
0.52325046
1.9765861
0.26087487
1.9649936
0.5748532
0.68663645
1.1022879
0.7106334
0.80086094
0.90549076
0.8355824
0.89273727
0.814404
0.78408253
1.1425338
0.7511772
0.73011947
1.0961726
0.7765056
0.7509645
0.8608924
1.0860715
0.7772783
1.0644932
0.67452717
0.834029
1.1978834
0.7368094
0.56649137
1.4902833
0.79116637
0.56456727
1.649356
0.71407115
0.93372977
0.76146734
0.6726759
1.578597
0.60290027
0.81548864
0.9392907
0.7958208
1.2399347
0.7148966
0.78898764
0.9115468
0.9814119
0.91466177
1.0650332
0.6524919
1.2838697
0.68963933
0.8938818
0.93380475
1.3370048
0.4026823
1.8076835
0.5507347
0.87871623
1.1461867
0.73428595
1.0688109
0.62834024
1.1343648
0.97316265
0.64600515
0.99010545
0.8180301
0.63350964
1.8200915
0.6213471
0.682345
1.7717476
0.6707552
0.5699734
1.6380086
0.61472297
0.8959906
1.0988581
0.9078415
0.5428308
1.3380697
0.78458166
0.7746496
0.86004376
1.0591987
0.77931386
1.06179
0.4623772
1.6901256
0.62561053
0.64848936
1.439099
0.5981635
0.5563085
1.6082625
0.7302692
0.81794775
0.97744477
0.8039224
0.8539744
0.7722722
1.1552529
0.78096485
0.6960902
1.1152467
0.8878364
0.8602541
0.6368202
1.2766075
0.74805343
0.7661357
0.8588146
0.87950444
1.7303765
0.43548578
0.9450824
1.1722813
0.731726
0.6906436
1.3938478
0.9916617
0.5521273
1.0009948
1.0063355
0.67252165
0.9928865
0.69116986
0.89425635
1.0239148
0.56289357
1.4525344
0.67646575
0.7569773
1.0092659
0.9883197
0.65889245
1.0428698
1.2526526
0.7176016
0.72758883
1.3609235
0.71665
0.6850095
1.289917
0.67257273
1.1378788
0.7518649
0.5228058
2.1144986
0.68886137
0.82593834
1.1682348
0.54773
1.1258662
1.096651
0.5015085
0.89773476
1.3405323
0.5671048
1.1630304
0.77640384
1.0678203
0.8999455
0.46959382
1.3538808
0.812126
0.5284885
1.33879
0.9291438
0.576518
1.0602689
0.9413506
0.70495844
0.96998304
1.0854582
0.7268056
1.0431515
1.019724
0.864216
0.887751
1.27233
