1.9564606
1.2142537
1.6165271
2.1687388
1.5466299
1.3119192
1.3806777
1.8296379
1.5516574
1.8461449
2.1264858
2.3040876
0.7192472
1.8765883
2.339991
0.4848908
1.8417464
2.2031193
0.7586735
1.5725367
2.6598594
2.569412
2.4190288
0.69230783
2.7794514
2.4329839
2.2051404
0.9621074
2.0096836
2.3313231
2.2093492
1.3860028
1.1811155
1.4506657
2.6989129
2.4754152
2.5314646
1.4614931
3.0880227
2.2906811
1.1796881
2.17802
2.1325827
1.4828864
1.3715479
1.2683711
1.1670191
1.6296353
2.3985476
1.8038815
1.6230178
2.601603
1.4102547
3.1082265
3.258857
0.25700986
10.02558
0.17248327
10.215921
0.53724563
4.118373
1.5795119
0.90278935
1.8050708
1.7552652
2.05173
1.4255018
0.9116746
2.5545602
2.041294
1.448048
1.2447606
1.4453491
1.7571154
1.431666
1.7811426
1.1106272
2.3234518
2.3092067
1.86848
1.6197007
0.433594
4.4652457
2.3507123
1.9420922
1.4621973
2.127706
1.4764687
2.096911
1.3147017
1.4440513
1.1946268
2.3207994
1.3035431
1.937031
0.94978017
2.1760933
2.179082
1.9505546
2.5400722
1.7148894
1.0291831
3.7462926
1.4518492
1.7059132
1.1424868
1.4180084
4.977051
2.4173932
0.8499217
1.0043119
1.950892
2.210463
1.1955851
1.045521
1.2358367
2.8697166
2.3491304
1.6957879
2.006846
1.4592506
1.1871481
1.4111276
2.2161145
1.0852559
1.6738918
1.4363406
2.087498
2.4330473
1.9652991
1.0503709
1.2943866
1.8801161
1.6311525
1.0286534
2.0178542
2.6337774
1.953969
0.8427093
0.9974868
3.4585233
2.4498045
1.7434571
1.4564154
1.2935613
2.2218368
2.1866283
1.9350188
0.77466124
2.4336226
2.535285
1.9452777
1.5786848
1.2858901
1.4627699
1.3121846
1.8709881
1.919094
2.3146133
2.0628111
0.97598433
2.534167
2.0559208
2.3608112
1.3008113
2.5127058
1.0432196
1.6689548
1.997344
0.91667473
1.618748
1.4425739
2.202145
1.5279777
1.189934
2.541068
2.4669533
2.3172932
0.83980787
1.398485
2.6922097
1.1298712
2.1251225
2.2756248
0.87435836
1.9457371
2.7990088
1.9672062
