1.8528523
0.5573717
2.225929
0.6609921
2.4368427
1.2208163
1.5445355
0.5237051
2.2171504
0.9706136
1.930675
1.6341026
0.99493617
0.4015305
3.550139
0.34012228
2.9808059
2.1504347
1.2742393
1.0165982
0.6724211
5.5897236
1.7227178
0.57049274
1.1214406
1.9587097
1.3354769
2.1317558
0.7171827
1.1083341
3.3591437
0.60241747
1.2024415
1.8132563
0.62647974
3.0168328
2.0110967
0.8615649
0.7381426
3.2400563
1.2986345
0.59143186
1.2917683
1.3619978
0.7529291
1.9345405
1.419982
0.72957397
2.4658384
1.277683
0.70909214
4.550955
0.6449968
0.6676204
4.693674
0.4523847
1.6591613
2.0337691
0.5196674
2.9078577
2.183002
0.32251808
1.9630344
2.3200052
2.0840693
0.5369139
1.1640294
1.9081957
1.3203424
1.0556035
1.8783056
1.0696683
1.1439376
0.9026567
1.5763098
1.3431112
1.7048762
1.9216278
0.8811507
1.1901908
1.8610989
1.5825443
1.0521553
2.5344923
2.164897
0.31676474
4.9513025
2.9006486
0.45646974
3.0038671
0.98877835
0.6894487
1.5818099
0.653339
3.7107854
0.57484156
2.100216
1.7424431
0.66908157
2.606715
1.4336703
0.8176216
1.1576948
1.3332877
1.0994287
1.459448
0.44780982
4.0012326
1.6422305
0.6924428
2.9330018
1.57377
0.9203554
0.5665902
5.2582207
1.096746
0.74129033
2.0232635
1.9671776
0.565321
1.506969
2.1871786
1.4567708
0.8586085
0.90713644
1.9132339
2.116695
1.6391885
1.285743
1.4254565
0.8993104
2.12281
1.3182774
0.651165
1.5736952
2.0488029
2.2939346
1.2230669
0.7055391
3.1529226
2.2887535
0.59492093
1.027141
1.6295121
1.8967571
1.0149702
1.1899917
1.3844118
1.0229816
1.1312809
2.6345284
2.2303548
0.80570483
0.49849206
5.5797977
0.7928921
0.80183905
2.3819098
2.0918736
0.59248054
0.7449467
2.9467
1.3043282
0.7620452
1.1273547
1.8822434
1.7322309
0.15388218
6.484659
1.83638
0.4258936
3.471886
2.2373152
0.77788836
0.8039155
2.4169903
1.7370348
1.2306299
1.3563609
1.2408497
1.4333446
2.3684711
0.5399727
0.8273933
2.138622
1.8620175
1.1341681
1.3394976
