1.8512049
2.5875711
3.1358256
1.408538
5.0679064
0.46538427
1.4759783
10.0320425
0.27919564
13.146946
0.103246704
20.04784
2.369058
0.007861083
4.581874
2.8248138
0.3639673
2.5872407
1.9689866
0.7539844
1.7016512
1.918653
0.97239316
1.4879296
1.8892367
1.3087914
1.3239682
1.7498574
1.0339565
1.2328944
1.7941222
1.3533728
0.8772685
1.3869996
1.3998971
1.0548809
1.651572
0.975662
1.3701897
1.1720061
1.8299863
1.1444466
1.3688343
1.640481
1.108067
1.2195094
1.3442218
1.2672923
1.0363548
1.8406055
1.1638268
1.2019112
1.5001765
1.0764396
1.9183209
1.0683565
1.1434834
2.8491957
0.56319994
4.1289177
1.2857136
0.78151506
2.2967603
0.8537524
1.0492003
1.8907065
0.8930366
2.6686122
0.7594296
1.956695
1.4149003
1.004407
2.1882272
0.9417796
1.5650864
2.1302528
0.89625835
2.841629
0.4355176
4.0424924
1.2414544
0.5483364
3.588471
1.394078
0.8834748
2.4739442
0.9315609
1.6272769
1.8665936
0.809121
3.6654432
0.5946815
2.982375
1.4146225
0.6330277
4.92266
0.89691126
0.96651936
1.9543946
1.6863873
0.9738622
1.7920399
2.4686413
0.1518228
7.1432343
1.2579584
0.47790447
3.2643967
1.4203453
0.78113264
3.1013799
0.7283671
3.7141242
0.7992284
4.314769
1.0304186
3.6024237
0.8451599
5.706219
0.6319097
3.9607928
0.63131225
3.815213
1.9001492
1.036976
5.3397093
0.16143274
7.2245235
1.0511286
3.399796
1.4685987
0.6995606
6.124384
0.6226648
7.1717267
0.7882171
4.762395
1.2558329
3.486176
1.3265697
2.4332438
2.6304135
0.7972895
2.1348147
0.808861
1.1702948
4.678096
0.20851132
8.997232
2.2361553
0.5633895
5.3745613
1.7874831
0.41801035
4.433868
0.68246186
3.72233
2.3699443
1.6009607
1.1964561
0.23817748
10.052244
0.64995176
1.9404519
3.7864404
0.27967292
8.906139
0.37992966
2.2379532
1.4011987
1.2975636
3.131743
0.17065734
8.079823
2.2274675
0.13319224
9.317587
1.237597
0.41850588
6.8822784
0.57436645
2.5232477
2.8164773
1.4533913
3.1375408
0.5590545
0.9394918
1.3158766
