2.1378703
1.495502
0.42896742
1.124057
2.0723357
0.72011995
0.4191782
3.0001993
1.215986
0.4993046
2.6307373
1.5449473
0.53257525
1.088667
0.6907256
2.5662959
1.0633183
0.54526633
2.269989
1.042978
0.54436153
2.346381
1.3122345
0.6674032
1.1295543
2.1993122
0.778257
1.1922653
1.1827117
1.2072407
1.321015
0.9169621
1.0084957
0.49441576
5.6711044
0.9941426
0.45008087
2.8235648
0.40252095
1.7715849
0.50617987
1.5932441
0.7952206
1.5911051
0.6093205
1.8154883
1.0808765
0.7725482
1.6997108
1.8483976
0.7928722
0.39303938
3.4022067
1.0965004
0.4387588
1.7299515
1.0187987
0.87610817
1.6402025
0.8457289
1.0538183
0.9765382
2.0368521
0.34854612
1.4271638
2.1054206
0.87483644
0.6688159
2.2409127
1.0886185
1.6162205
0.8009006
0.8186567
1.9721434
0.8524834
0.3698002
3.9747262
1.9091358
0.22082415
3.583955
0.70519274
1.0467193
1.4658809
1.6410432
0.6544359
2.033823
0.9032403
0.8471619
1.2565159
1.0762308
1.15992
1.7572932
0.42457795
1.9175274
1.8144821
0.5109178
0.61673856
3.6017144
1.3287077
0.46190837
2.2015839
1.7887238
0.34919736
1.8657037
1.3117142
0.94627523
1.0023944
1.4428985
0.904503
0.9917641
1.6877689
1.2417324
0.36283174
3.4404943
1.4815161
0.47443444
1.5646036
1.8075135
0.969006
0.31484026
2.9890833
1.3565536
0.9983749
0.83388716
0.6363331
2.9443061
1.1496085
0.26840863
4.418356
0.66829276
0.9304073
0.88324
1.4207722
3.313631
0.42077976
1.0220997
2.4022856
1.0621412
0.36305302
2.73483
2.1618404
0.85618436
0.27457416
4.7538996
1.2740607
0.5281302
3.4054818
1.4294009
0.34932837
3.1080196
1.1707538
1.2742338
0.5304216
1.9503574
1.0796537
1.2101445
0.6801474
2.5000854
1.386181
0.18548977
3.033202
2.3135886
0.42243713
1.9233673
2.0622756
0.8142727
0.9123285
1.8315129
1.1110034
0.6386551
3.1419125
1.0795547
0.3543791
3.1182122
1.1509151
0.48910454
1.4541805
1.9847168
0.9117032
0.37833872
3.5558026
1.0529237
0.45347133
2.0893536
1.4279063
0.79495955
0.91201234
1.7864754
