0.35587126
0.5669669
0.76645404
0.60807514
0.60700065
0.5398905
0.38714474
0.532768
0.5632339
0.5076333
0.47463503
0.65799
0.3982108
0.72517616
0.7780398
1.2490311
0.98633075
0.4076377
0.29570663
0.28633094
0.39023674
1.0347917
0.50638646
0.40629324
0.88581914
0.2969888
0.29615942
0.44604665
0.5052744
0.5161616
0.6166352
0.68920565
0.3287712
0.6114625
0.6438095
0.6705444
0.24397093
0.3148965
0.3703825
0.6712971
0.4724567
0.41827652
0.3633445
0.18922159
0.38512152
0.5174444
0.43024766
0.3182726
0.41788256
0.32292482
0.43340385
0.8597356
1.0250552
0.26371056
0.735686
1.0888455
0.41382146
0.33252767
0.59992975
0.65206444
0.30037802
1.0455806
0.6693007
0.26160786
0.55628854
0.46711195
0.31827247
0.42123437
0.45618373
0.30251303
0.4586638
0.402723
0.23015162
0.4155408
0.34524083
0.32455587
0.30222398
0.2653701
0.31429502
0.331188
0.24892235
0.26711118
0.24802852
0.3443179
0.13744897
0.71068317
1.0256642
0.20275062
0.7171098
0.7593244
0.38794056
0.3534847
0.33240026
0.36167884
0.49094322
0.6986057
0.44734213
0.22888713
0.48357016
0.4707032
0.25947976
0.26382548
0.2157976
0.2501973
0.21816643
0.35750467
0.537621
0.57425535
0.36050683
0.31794894
0.513881
0.30358818
0.27966887
0.31850195
0.83273154
0.74186474
0.20652702
0.39709052
0.19920209
0.4671596
0.2548809
0.3790254
0.2539246
0.25572175
0.3721773
0.24533567
0.27809602
0.21288733
0.27368298
0.17684725
0.25592604
0.28632206
0.32488406
0.32625592
0.27897477
0.24105889
0.10246076
0.24522753
0.28811026
0.5211221
0.16159455
0.44982958
0.17971893
0.33665502
0.21897179
0.39558107
0.23277411
0.2845988
0.33144605
0.17053282
0.2911143
0.12400747
0.37043718
0.31835863
1.083464
1.0881528
0.21966821
0.39097425
0.15515819
0.4133123
0.20405248
0.41125703
0.32655373
0.26714778
0.37068176
0.23130918
0.15636043
1.1301653
2.0805087
0.6789311
0.55009174
0.6770078
0.15189898
0.44412225
0.16531262
0.3831256
0.2636056
0.18367505
0.24110977
0.13836695
0.33800328
0.24930352
0.5725683
0.22402045
0.32755342
0.23588549
0.18838832
0.15877922
