1.084609
1.5650284
0.4273038
1.8194091
0.62473226
0.9015262
1.3692377
0.85461867
1.0423229
1.090154
0.75337744
1.2180746
0.7582169
1.0954318
0.4329583
2.7093763
0.32058528
1.8769482
0.46880108
1.3457803
0.9643861
0.4574903
2.0931265
0.54455686
0.69944227
1.9329926
0.67752755
0.45424712
2.2350318
1.1814512
0.40625644
1.3776553
1.2510887
0.71975964
0.9925717
0.93219006
0.8817892
1.0436106
0.8081084
0.842279
1.5352333
0.39425728
1.2660673
0.840452
0.9563176
1.4442036
0.36430883
3.0064487
0.7808919
0.58884716
1.1459665
0.72372806
0.8483126
1.1702579
0.5545733
1.0533617
1.2887859
0.5611433
1.3331487
1.1156788
0.8922672
1.2361622
1.0118256
0.62210894
2.158656
0.739041
0.682364
1.2013297
0.8774121
0.63777626
1.3735111
0.89273727
0.68033266
0.8658455
0.8948718
1.1335591
1.1998688
0.47166258
2.100398
0.39585853
1.4823825
0.8334311
1.2200722
0.56955135
1.7982256
0.6476973
1.0073274
0.71058667
0.86492527
1.6395006
0.4452136
1.0600703
1.2246606
0.8395591
0.89385426
0.6346474
1.679897
0.69840026
0.6807973
1.9847996
0.52474046
1.1664691
1.2814119
0.73035395
0.80377036
1.1734117
1.1772387
0.3584804
1.99735
0.6551481
0.77559227
1.6485451
0.6237973
1.6948543
0.5251821
1.0875461
1.4257051
1.2739325
0.34739995
2.7336452
0.79424417
0.5973778
0.93632877
1.4965487
1.358253
0.32090047
1.4175568
1.547111
0.5629232
0.63796544
1.8313055
0.8413465
0.9042766
0.7228888
1.7491491
0.8273508
1.0540038
0.73230255
1.5997043
0.56302786
1.6343503
0.77249765
0.5917916
0.92486906
0.7651688
1.3874165
0.610434
0.43214655
2.9076924
0.8504298
0.42695886
1.5285711
0.6181464
1.3425455
0.5754963
0.59503436
1.8177629
0.6178104
0.73036885
1.3254086
0.73234373
1.1648078
1.3488855
0.28806067
2.508881
0.7788501
0.42022568
0.9760976
1.1267722
1.1182722
0.4254462
1.2879632
1.0227351
0.9524235
0.9550707
0.60844666
1.4548104
0.9311444
0.7899928
0.8813091
1.441149
0.8975607
0.59067917
2.4091063
0.68440795
0.6702336
1.5899622
0.72087324
