2.2403731
2.0864801
2.0167754
1.975759
2.1201842
1.9985204
2.0161908
1.9920645
1.8758876
1.9269766
1.8403397
1.8473403
1.6809853
1.8980801
1.7151735
1.7693907
1.7940753
1.8305464
1.8414953
1.7417066
1.8045717
1.9047036
1.8954163
1.8641963
1.8026838
1.7276924
1.891916
1.7101252
1.8441038
1.6831884
1.7475365
1.993483
2.2080288
1.8881744
1.9124372
1.7225085
1.8015572
1.678885
1.9152406
1.683676
1.7457453
1.9580674
2.0487385
1.8992052
2.030574
1.919345
1.6803292
1.9038199
1.854073
1.844633
1.7849584
1.8914306
1.7795882
1.8762785
2.1401057
2.7105994
2.2674685
2.2478662
2.0983183
1.9204162
1.9781686
2.0014439
1.9610548
2.059262
2.1673474
2.176302
2.0179257
2.406495
1.9385723
1.9283918
1.9998326
1.8505274
1.8778435
1.9657576
1.9775333
1.7792989
1.7459185
1.8728943
2.1267653
2.131193
2.0641394
2.4123347
2.2271037
2.0193205
2.040724
1.8189263
1.9159434
2.0702703
2.0271475
1.9183847
1.794701
1.9590315
1.8486542
1.9093757
2.088305
2.0952618
1.9960189
1.9520948
1.99811
2.0802717
1.8923079
1.9037442
2.0869236
2.0776782
2.0516086
2.0889745
1.9957265
2.0022926
2.0028138
2.1008806
2.2106414
2.0201635
1.829364
1.9751391
2.0454383
1.9506087
1.9861813
2.2943501
2.3167222
2.2553914
2.0671577
2.0183642
1.9383976
2.0740366
2.2521522
2.3055725
2.1289036
1.9682653
1.7975922
1.7607479
1.7754258
1.8625393
1.884538
1.6535577
1.8958843
2.0303094
1.9900665
2.047296
2.0222607
1.9947929
1.9767809
1.8838683
1.9594591
1.856385
2.0110042
1.9193678
1.9422243
1.8715893
1.9130505
2.2592592
2.717163
2.2952814
2.2305183
1.9717519
2.0650163
1.9480906
2.0079253
1.8673792
2.0567632
1.8430797
1.7327751
2.071498
2.0439553
1.8765543
2.0179768
1.9455026
2.0113065
2.0382667
2.065997
1.9928167
1.8877211
1.8953025
1.8303704
1.8961339
1.8570807
1.9678816
1.8839488
1.8966801
1.8626719
1.9056877
1.944788
1.8602573
2.0866544
1.6706238
1.8505707
1.9853667
1.8191926
1.99453
