1.0560305
0.9913228
1.4574888
1.6769097
1.7468145
1.6178588
0.958516
2.180768
2.1029816
1.4893621
0.63123053
1.4008206
3.1738963
0.58948267
2.2417345
3.7522554
2.261124
1.0406151
1.4679716
1.8767978
0.9503344
1.0802909
1.9348614
2.1383252
1.5383904
1.1520958
0.1381203
4.014179
2.3276353
2.0990872
1.3950229
1.2461581
2.6673336
2.1511872
0.66682565
0.7966904
8.252698
2.3248115
1.1461298
0.83802396
1.8709246
0.73545563
1.6551123
2.1021068
1.7213655
1.0037695
0.9345133
1.5171027
2.2878013
1.7938361
1.2699146
1.4792838
1.6018717
1.3440545
1.0863137
1.2824373
1.5554998
0.5273031
3.0071192
3.4220166
0.5289079
0.95378774
6.673186
1.8368094
1.4103982
1.0476441
1.0824174
1.4566236
0.86544895
1.3767586
1.4110098
1.0935831
2.2643058
1.4366131
0.846744
1.045158
1.4620814
1.144793
1.0698142
1.7448512
1.1925447
0.69744515
4.3012176
3.4371817
0.0698654
7.7822533
1.6650541
1.3255392
2.0829756
1.5367056
1.1211985
1.0603473
1.4489199
1.7390819
1.9921138
1.9566495
0.50592595
1.1302075
3.667986
1.828727
1.714912
1.1875663
1.6989665
1.3970487
0.9221875
1.0530708
1.6257768
2.0846665
0.8916508
0.86520743
0.92336595
2.0355575
1.757001
1.4068689
0.82980525
0.7090256
3.3832033
1.5956056
0.779287
0.711786
1.4920518
1.8817925
1.7724171
1.1825573
0.68624777
0.83497876
2.727679
2.015399
0.97244084
1.6488972
1.7055054
0.98202384
0.320274
9.115078
5.081629
0.6805117
0.5299036
5.4738884
1.5197753
0.77054346
1.3122704
3.3050227
2.610396
0.55509704
1.4609416
4.83838
3.1116729
0.70129824
0.8823397
3.7122355
2.1747315
1.9135647
1.0734382
1.0501186
1.0946865
1.4233972
0.66791964
1.542057
2.8260083
1.7405952
0.43955523
1.0999404
2.5360322
2.2598324
1.9417484
1.5820528
1.8225615
1.8590596
0.78945625
3.259301
1.890209
0.46603552
1.8520528
1.8249011
1.4693334
0.8434206
2.5865576
2.2407408
1.8669157
1.1459054
3.4578838
0.9247469
0.6883929
3.2086875
2.8560574
1.5254043
0.4473544
2.0199275
