0.11678481
0.23845474
0.13039921
0.18227088
0.29128328
0.16936885
0.3372668
0.44537324
0.22812295
0.19515255
0.21749716
0.1353587
0.12189393
0.24784379
0.14485739
0.17080909
0.31702152
0.16079307
0.10965356
0.33873284
0.18714488
0.5470978
0.38555795
0.17168093
0.30353862
0.35520637
0.09366539
0.19871685
0.33407024
0.258294
0.26616853
0.19000909
0.14269069
0.19763266
0.2831502
0.13736668
0.17673728
0.2729516
0.17772637
0.18728334
0.17634882
0.21478397
0.21482982
0.22017871
0.16048653
0.17125244
0.27134633
0.12288983
0.2708112
0.2067499
0.15954444
0.1408652
0.64227843
1.5160084
1.5737364
0.3921166
0.18681723
0.36691874
0.46939182
0.21830314
0.5368651
0.58502966
0.33720508
0.12865016
0.2694178
0.28366065
0.19510497
0.14920953
0.18457362
0.25186822
0.16910864
0.28562248
0.32247517
0.16855645
0.18365738
0.19927976
0.3040699
0.21425155
0.15918264
0.25800812
0.1388423
0.17591663
0.3890388
0.8459259
1.1203158
0.23015554
0.66278005
0.5940215
0.24359462
0.10674013
0.22159973
0.25371513
0.2173526
0.6303549
0.4606695
0.22675858
0.15722583
0.17906284
0.14618748
0.10324058
0.22415179
0.24674305
0.20834175
0.24511841
0.07480071
0.30752352
0.24492541
0.30687267
0.943714
0.9937108
0.3844566
0.23149414
0.22523312
0.29319793
0.2047522
0.13014458
0.18496868
0.21656112
0.18110375
0.21867067
0.141815
0.3256505
0.08542853
0.18079981
0.28661704
0.14484829
0.08834188
0.17975666
0.1865404
0.1452627
0.1835578
0.14892542
0.10746996
0.15506981
0.16258618
0.38111857
0.23026718
1.2338909
4.3833814
6.323213
0.6081075
0.9132372
3.5392945
2.0496304
15.929694
1.9041672
4.149756
5.6890974
8.157731
1.7459149
3.3913877
9.639709
2.795885
7.119167
5.4949665
1.6014085
1.7906176
1.5976422
1.243532
1.5029875
0.9293312
1.005711
1.2780678
0.9253566
0.9033364
1.4980335
1.4485838
2.3362145
1.4491049
0.84712577
0.9313911
0.75722605
0.5823103
0.67554146
0.84112227
0.9013648
0.5715616
0.55850726
0.57486105
0.60774136
0.95627505
1.0237015
0.6952379
0.5828775
0.80000126
0.5324037
0.5094422
0.294517
