1.8564122
1.9008079
1.877358
1.8459727
1.8301206
1.798662
1.891736
1.8672688
1.9488162
1.8508961
1.9782612
1.9141486
1.8583958
1.8548608
1.8573446
1.8201337
1.9182206
1.8856426
1.8560579
1.9748619
1.9309316
1.9325272
1.888679
1.9878554
1.8744886
1.863842
1.9516542
1.9503369
1.8726602
1.9351814
1.8673067
1.8635199
1.8773482
1.7875192
1.9178042
1.8496451
1.8325272
1.8549917
1.9459249
1.8809702
1.900424
1.8741277
1.8681126
1.825551
1.8184762
1.9282272
1.8469007
1.8581852
1.8209472
1.823771
1.9081708
1.9453228
1.8833723
1.930952
1.8825322
1.9370041
1.996756
2.1111286
2.0175633
1.8923965
1.8443551
1.9407468
2.0353467
2.017763
1.9849102
1.943558
1.9469312
2.017373
1.8981631
2.0240176
1.8626077
1.8008202
1.8655934
1.9479804
1.9784176
1.8702723
1.8876021
1.9164131
1.8561451
1.9942379
1.8333306
1.8899472
1.9984586
1.86924
2.002325
1.9512641
1.8593051
1.8960657
1.9295387
1.9943027
1.8803723
1.9572258
1.8451102
1.9093065
1.9067701
1.9763539
1.9658124
1.8833705
1.8470397
1.9175131
1.9087328
1.7709821
1.8404157
1.8660606
1.8526804
1.8494021
1.9088461
1.891978
1.8801452
1.9101378
1.9316932
1.8903387
1.9440029
1.7489076
1.8366928
1.9898326
1.9145418
2.0553672
1.9604807
1.812388
1.8947375
1.9373281
1.8833721
1.9131091
1.8090489
1.9529455
2.0489194
2.0013328
1.8653605
1.8738413
1.8730613
1.8820934
1.9991944
1.9603752
1.8682338
1.9044044
1.8578125
1.9639349
1.9460433
1.8598285
1.8953302
1.8601258
1.8296636
1.9508275
1.9361777
1.8686402
1.9179994
1.9332286
1.9091649
1.827611
1.7843726
1.9397382
1.8927552
1.9335417
1.9392717
1.8290824
1.8642421
1.846149
1.8153747
1.8662513
1.8949233
1.869925
2.0422847
1.8777537
1.8075128
1.8986639
1.9037514
1.9461542
1.919576
1.861052
1.8502779
1.8506904
2.009525
1.9452927
1.9591291
1.910044
2.056897
2.045052
1.9332186
1.8874917
2.0578349
1.8325293
1.8866878
1.9012525
1.8806622
1.9216702
1.8034011
1.819589
