0.03771558
0.051119514
0.061591454
0.08448124
0.044568677
0.06636471
0.07256515
0.03493575
0.060555454
0.038770154
0.03327859
0.034617193
0.05501312
0.018345801
0.23703374
0.04177972
0.20353352
0.02245837
0.12199931
0.03397981
0.15635046
0.1009213
0.073353104
0.02839141
0.035531268
0.07924444
0.03815396
0.05733055
0.04243763
0.05276925
0.11443553
0.04451521
0.07553382
0.04519043
0.1196756
0.06634658
0.06828063
0.037792295
0.037682146
0.033764724
0.04185255
0.07292042
0.06524417
0.05192306
0.17949438
0.019300546
1.4190727
1.7950262
0.4147219
0.31264567
1.3414382
2.5316894
0.20274815
0.3349712
0.57847327
0.24565762
0.12193613
0.25090435
0.5382345
0.42973852
1.0966711
0.77754986
0.17193773
0.22516967
0.1466411
0.13639617
0.115129694
0.19415861
0.28301534
0.10907407
0.20478918
0.07997331
0.17072302
0.26198965
0.20167086
0.09811188
0.13460055
0.19474356
0.21159127
0.102436274
0.117731966
0.213418
0.0548952
0.11231247
0.10702203
0.08724871
0.11097157
0.08621356
0.13333483
0.12250423
0.16845828
0.1681605
0.06332272
0.07723926
0.13923475
0.09938767
0.0661118
0.050956383
0.065804325
0.085972995
0.06926969
0.15431921
0.10118706
0.15248689
0.07464377
0.17803767
0.11846255
0.027633345
0.10358001
0.039428435
0.05221403
0.10735764
0.13869432
0.052491374
0.06406414
0.20530368
0.37379813
0.06880755
0.3144815
0.08390203
0.33597758
0.14219625
0.17964976
0.07170757
0.095048025
0.08149023
0.028125705
0.0622368
0.068953566
0.07760563
0.15677895
0.16480674
0.10263959
0.21582296
0.1424518
0.10267758
0.02671787
0.08193035
0.35204196
0.6625261
0.1704749
0.5197169
0.2597313
0.16988966
0.060455725
0.3389273
0.18994032
0.087864906
0.063510776
0.10014543
0.092156924
0.054049693
0.2782375
0.150212
0.109863326
0.053370066
0.0988281
0.03456891
0.0785653
0.08093683
0.028715197
0.061127327
0.07459806
0.1305689
0.07274823
0.06065537
0.092666544
0.06992976
0.095015675
0.12529746
0.18258652
0.044735022
0.17134945
0.0699701
0.08780405
0.056576576
0.03161529
0.07372467
0.10905615
0.15758762
0.1179638
0.06554551
0.10496168
0.020915851
0.071594305
0.061166048
0.1267076
0.038018838
