2.596158
2.6539757
0.6145938
1.8478943
2.3250692
1.4908166
1.4759524
1.5896161
1.2979609
3.064118
3.3678722
1.8971572
1.321531
1.0685545
1.2793765
1.8834385
1.7943738
1.6900977
1.944232
1.5818527
1.1126268
0.7158948
1.4925421
1.8629069
1.9689932
1.2597222
0.78863865
0.8039434
1.5598615
1.9971106
1.6027572
1.8756762
1.7981079
1.605607
1.1006311
1.0517628
0.88195574
2.043966
1.9377158
1.7206991
1.5914738
1.3214629
1.0708802
1.5481774
2.25125
2.074759
1.893673
2.2691326
1.6467999
1.7909712
2.0007234
1.9614798
2.7394977
2.7104115
0.35739148
7.600978
4.2722855
4.2865868
0.97201574
1.9695755
3.0222926
2.6008773
1.4312859
0.5929987
2.8298266
2.6477017
1.6781615
0.15215841
11.039286
5.6887937
0.16340551
5.9609327
3.382483
1.4540541
0.96967983
1.5307783
1.4576409
3.0839057
1.4109716
0.8957583
2.9339359
2.0236044
0.962387
0.92321515
2.6723566
2.5813577
1.1993611
2.813966
1.8187547
0.99557877
1.3973466
1.8315809
1.6291152
1.8362582
1.2006307
2.1571274
3.6470642
1.2884238
1.3911467
1.7955683
1.5834644
1.8942142
2.6412802
1.3643534
0.9363549
1.8638175
2.0829556
1.9425287
1.704652
2.2184162
1.0621936
1.0428936
1.2010179
1.7943938
1.4351134
1.2333586
1.6684892
1.0741692
1.7610322
2.1259284
2.0228424
0.89197403
1.5129914
2.539345
1.9712291
1.4894918
1.8400428
1.5516424
2.0413873
2.7526402
1.082892
1.2293607
1.7548852
1.7927983
2.8551843
1.8940669
1.1248808
2.0977724
2.086183
1.0556319
0.9676627
1.8061116
2.020263
1.965427
1.5693517
1.689251
1.6058049
2.3203583
1.3555229
1.2309937
2.0632691
2.2454593
1.5601194
1.2224593
1.9023606
1.9717499
1.844772
1.069194
2.0670786
1.9245545
2.3112278
1.0288553
1.5173161
1.7114336
1.4772892
1.7581122
1.3635488
1.589619
1.8039567
2.0770893
1.387583
1.3024865
1.5175941
1.6362406
2.0472674
1.76716
1.7226106
1.1309397
0.86957157
1.8496155
2.0038304
2.2545757
2.3676748
1.9794133
0.8490037
1.8895409
1.8511562
1.9225113
