1.6446023
1.9551942
1.2872946
3.712192
1.8219948
0.9996883
0.5862893
1.3885355
6.6777983
0.7915766
0.8675408
2.7890856
2.1664197
2.3248239
0.40291822
3.0593822
3.1665344
0.2237955
6.4276876
3.054766
0.39586604
1.3767283
4.4281893
1.442567
0.5837987
2.2052197
1.3922243
0.91074824
0.56666815
2.0934076
2.4698415
0.75053525
1.3610611
2.0453942
1.8276908
1.8490933
0.72478795
2.9254117
1.5143586
0.98219025
1.2370007
2.5326805
2.3767815
0.11081082
13.306658
2.198866
0.27347714
4.23052
2.2383912
0.47849503
1.5335522
3.2294989
0.6057862
0.4030568
4.0478706
3.266584
0.9755688
0.30430138
2.3323245
3.675022
1.0577303
1.6784635
1.5903132
1.8385804
1.2020898
1.2996224
2.821662
0.47148687
2.2198534
4.945261
2.5565648
0.49267665
5.515688
2.7536757
1.4404635
1.2766871
1.5196552
1.8270034
1.4679595
0.8428746
1.1685266
1.7142544
0.8425505
1.2071654
2.169494
0.7788073
1.346122
4.249979
2.066197
0.5449654
0.94344175
4.4754047
2.5013452
0.54224074
0.51953864
3.9594548
3.0236645
0.9518795
1.2070475
1.3966601
1.3627859
1.8811104
1.8553518
1.3619223
1.0332229
1.8996339
0.66447365
1.4291134
1.4964085
1.3041292
1.4210795
1.1798959
0.94202673
0.536028
1.4597652
2.7639666
1.1400679
0.97497857
2.3515725
2.1314251
1.6921697
0.42032123
3.7578282
2.505743
0.6600437
1.9744313
1.9285117
2.7736945
0.47766417
2.0387433
2.8850381
1.8683748
0.24742073
3.0744145
2.3409886
1.8854419
1.3386793
0.9015578
2.0205746
1.4990091
1.6696572
1.3662624
1.5248275
1.5446174
1.4346685
1.4125359
1.0652846
3.6551757
1.8205047
1.2576556
1.8144398
1.472306
0.85613763
0.99186623
1.7393245
1.23157
1.5592208
4.691107
1.5476514
0.9455355
1.3949819
1.2819314
2.2362204
2.332622
1.0977311
0.5576015
0.8671312
3.3830247
2.3795161
0.1133116
9.909504
2.588337
1.2043209
0.7657712
5.851237
2.0348043
0.47558632
2.161211
3.0253248
2.5192022
1.474165
1.1382363
1.3747216
1.5893338
1.415295
1.5744194
1.0667782
2.3091173
