0.9390794
0.9770185
1.0061277
1.0407242
0.82921463
1.1560175
0.94657904
1.1723168
0.8991846
1.0721397
0.92637545
1.0682585
0.96342385
1.0743045
0.8790422
1.1182861
0.99649173
1.1050496
1.0393028
0.91887045
1.1405342
0.8077738
1.2791878
0.77794653
1.211428
0.9026554
0.8706612
1.1993107
0.8014441
1.0573018
0.9388459
0.874755
1.054282
0.7900936
1.1040297
1.0350517
1.034564
0.9212538
0.94926536
1.104265
0.8586093
1.0785561
0.9395927
1.0771518
0.87301564
1.0586681
0.7487887
1.1468878
0.9030855
0.95739174
0.93603086
0.95888805
1.205527
0.86130357
1.2178359
0.7208115
1.0756505
0.9501744
0.9984319
0.9939022
1.0073344
0.8669317
1.3195916
0.6972164
1.4707441
0.78221977
1.1070912
0.9507781
1.0510229
0.98770845
0.9629222
1.0205619
0.89382374
1.0213886
0.87519485
0.9944363
1.085602
0.7626835
1.4242812
0.8314111
1.4404664
0.91149974
1.025822
0.9374458
1.0453739
0.9954525
0.9343338
1.2414787
0.8590238
1.0536717
1.0450189
0.9377503
0.9904529
1.0530494
1.0082057
1.2310289
0.756854
1.5768012
0.7604861
0.854762
1.1152849
0.9114984
1.0399803
1.0177865
0.93737423
0.8968787
1.1981146
0.9080414
0.997648
0.9904683
0.9589632
1.0622145
1.0027912
0.8813439
1.2111982
1.0217681
1.0257838
1.0374684
1.0365844
1.1120021
0.890821
1.0236309
1.0456724
1.0293834
0.748103
1.2291468
0.88545096
0.9989541
1.0754694
0.9746654
1.1729052
0.9572483
1.1576753
0.8718766
1.1848471
0.7758261
1.4377329
0.73818344
0.9848031
1.1683245
0.90404654
0.857298
1.1006675
0.9775572
0.76063687
1.2118133
0.77537704
1.225781
0.9386985
0.9993423
0.90353703
1.2161131
0.8315702
1.0398424
0.9453864
1.1607611
0.905395
1.1301496
0.9619652
0.90584886
0.949939
0.8313219
1.1890144
0.6755825
1.6627226
0.68342257
1.0093855
1.0140026
0.8644439
1.0154268
1.0984706
0.9905329
0.9669128
0.85930794
1.2344284
0.6639291
1.2524264
0.8431395
0.8384116
1.3840153
0.77205026
1.1339259
0.9043429
1.0939083
1.047167
0.7712046
1.2638143
0.89407945
