0.5942805
0.87370765
1.078078
0.80065715
0.9522058
0.40157115
2.8875103
0.41205266
1.6697493
0.424457
2.1662269
0.43668595
1.7883754
0.5512678
1.0613725
1.8700416
0.6273061
0.90004194
1.3816768
0.99252534
0.7520762
1.6681383
0.98486733
0.6762366
1.4371638
0.72384226
1.9933196
0.23206228
2.7974067
0.97413516
0.46718776
0.56815577
1.8210785
0.61308414
0.97334623
1.2121164
0.6146047
1.4289894
0.77083516
0.9397634
0.8586362
0.98315245
0.4348374
1.6773835
1.5112594
0.4471181
1.6037567
0.68720675
1.6106417
0.87344164
0.8276536
1.0192515
0.93384707
1.1054056
0.49442118
1.2709169
1.1776836
0.7455052
1.53122
0.55459845
2.4604142
0.5388609
1.9026083
0.58445406
1.3875387
1.511864
0.5217076
1.0541606
2.2889712
0.27644247
1.8219019
1.3974801
1.0146511
0.5159521
1.2649841
1.2933425
0.71388006
0.99452907
0.48556665
2.3133311
0.51551247
1.1016986
1.2686441
0.9042102
0.916133
1.4756804
0.3696821
1.551662
1.0634562
0.8046957
1.4336451
0.4883522
1.8339096
1.0672374
0.5538577
1.4018556
1.0517209
1.7127413
0.4930092
1.5930158
0.90693426
0.82879806
0.5769542
1.7597178
0.5162351
1.4517767
0.9096476
0.60018706
0.7250562
2.959792
0.28899005
2.4207802
0.56100214
2.8505478
0.43672967
1.0651543
2.1465433
0.4092922
1.3450358
0.6568712
1.5977792
1.0239098
0.33724707
1.6232157
1.8217428
0.790443
0.34849572
3.1410308
1.2990155
0.55732334
0.7939649
2.047553
0.6678263
0.5340475
2.0893264
0.99656177
0.8945829
0.84299624
1.5556521
1.02036
1.1037521
0.38017973
2.4506772
0.40473068
1.7386369
1.2088642
0.50250137
0.664756
1.3961704
1.3068513
0.7656902
0.6280043
2.711176
0.569075
0.97329336
1.6085773
0.81501746
1.1035583
0.67313695
1.6491523
0.42384797
2.0920324
0.32365018
2.996377
0.5583493
0.9978423
1.5774016
0.4136131
1.9357591
1.6913891
0.43331125
1.1109447
2.4795299
0.52867496
0.7439091
2.6874394
0.40664095
2.3531864
0.66539925
0.58739424
1.9856617
0.48235267
1.375952
0.6736002
2.0307949
0.45133638
1.6087799
1.3038458
