4.1079473
3.9205527
4.1759877
2.091342
2.9744728
6.4831567
5.0843563
3.2914586
2.8552475
3.938312
3.7431698
3.2033978
3.3441224
6.7172008
1.7445288
2.0687566
8.869515
9.269644
6.011872
4.228201
2.0138342
2.8111706
3.937035
4.1919756
3.8600771
4.0401726
2.7708497
3.8415859
4.8649726
3.8847218
1.5718788
9.183739
6.133598
3.3681698
3.021645
4.3892474
4.424389
4.141479
3.006147
3.0032854
7.015574
2.212079
2.3029146
8.198114
5.056441
3.9371161
4.418899
5.2935114
3.6962776
3.9550014
3.8368244
3.806626
3.2649832
2.129355
3.842113
4.327921
3.5552673
3.5759556
3.6648006
3.3116298
1.8537862
7.450943
2.94625
6.9177165
6.9380703
3.335185
4.1385546
5.143256
3.8206453
6.2667894
4.481423
4.3605337
4.0760083
5.3973966
3.1469944
2.7453914
4.6246295
4.8030705
3.9609847
2.6566095
2.0448306
5.7291775
5.9676347
6.016696
3.5156054
2.8542914
3.2153802
4.987707
5.5883584
4.0265737
3.827033
4.36017
3.5673532
3.5889144
4.258509
4.6567507
3.6154447
3.4462633
4.1096854
4.0024047
3.7408504
2.663859
10.6844425
8.143185
3.508589
3.1477542
3.7875352
4.083627
3.0315404
3.5719597
6.004589
2.4008207
2.9757671
5.123335
4.3945827
3.313054
2.6912084
4.7317085
5.423414
5.0861225
4.317443
3.2974377
3.4546666
4.2354293
4.247876
3.8858066
3.1475902
0.976593
6.3986573
5.8716288
6.698966
4.5578585
2.6882434
6.9596567
8.022993
4.2130127
2.4734168
6.604622
6.0680447
1.5324296
8.887001
7.89528
5.8343267
4.3516836
3.6261837
3.6345606
6.061822
2.9763534
5.8452644
6.0942
4.9614196
5.93172
1.9875035
8.524849
7.2601604
5.4730477
2.9846435
6.6249514
5.2607727
3.432231
7.330289
7.198103
5.981293
2.9405406
7.924713
2.312346
13.782131
14.163355
7.916219
5.807022
3.0781302
5.6672287
4.297283
3.498425
4.969945
1.8747153
8.930918
6.892248
5.4556293
4.8138556
4.0094604
4.5787635
3.3787165
3.4606395
3.4753513
3.0997639
4.0752745
4.1397734
