0.024990555
0.07010268
0.06789811
0.053486332
0.054102395
0.07062324
0.054332905
0.08762923
0.040559515
0.06453052
0.036858417
0.075361535
0.021052092
0.06739375
0.05736045
0.028280802
0.11180167
0.053457215
0.048351493
0.04813764
0.05206211
0.05073393
0.02736916
0.020093549
0.04455626
0.06398236
0.050487775
0.0468211
0.102310464
0.0405014
0.04560671
0.05579308
0.038986385
0.036923718
0.07081964
0.059471738
0.037501026
0.12615633
0.028197631
0.06313487
0.08714245
0.031476907
0.06584518
0.036910396
0.031013887
0.028886575
0.25422326
0.23033722
0.024353933
0.009982435
0.0055731023
0.012509215
0.0342661
0.027220543
0.14064398
0.031536404
0.06371795
0.11608357
0.06230478
0.111827515
0.018454287
0.017635757
0.043854076
0.036568183
0.08358161
0.05691271
0.0799324
0.03462517
0.17728028
0.036648113
0.07320925
0.062380493
0.04693848
0.036436513
0.040025517
0.026787769
0.02991366
0.06750662
0.048274554
0.028898897
0.051194184
0.08846088
0.11424994
0.024009869
0.03957242
0.018964954
0.04056641
0.035556696
0.10820928
0.096682526
0.030688547
0.039836332
0.07195508
0.015069999
0.08341896
0.020764893
0.054873087
0.035472967
0.03635379
0.038238816
0.029436741
0.08975787
0.063482344
0.043750435
0.040038165
0.10017984
0.35994643
0.15467922
0.036047645
0.017654818
0.08247241
0.09685637
0.11073898
0.023174085
0.05183546
0.13940565
0.13556959
0.018478125
0.07911876
0.09226066
0.03206276
0.025647221
0.035875898
0.036826085
0.03615582
0.048522733
0.02470455
0.034489933
0.13238725
0.132614
0.024653705
0.045506578
0.040438958
0.05773528
0.058956325
0.04680091
0.027000379
0.049775023
0.03965718
0.08927191
0.025506672
0.043512966
0.0872301
0.022343103
0.02283988
0.019124215
0.064531475
0.02273154
0.14865753
0.1769464
0.038389258
0.04778261
0.01298257
0.013134438
0.12168468
0.043135855
0.061097324
0.018319126
0.07121993
0.017512692
0.07778471
0.04217624
0.072098345
0.04349006
0.03017911
0.041389026
0.1891442
0.35198262
0.15421633
0.010309372
0.04085833
0.02827634
0.090981066
0.05360261
0.077025704
0.27373767
1.0647871
0.28156957
0.6092509
1.4421487
2.7952197
5.0073633
0.039165463
0.48096883
0.163029
0.27205288
0.33596486
0.34169835
