0.16345513
0.3194499
0.361143
0.506656
0.45420745
0.48145956
0.61968225
0.7155591
0.54455847
0.5576992
0.28012127
0.4206117
0.5004198
0.3483729
0.2903442
0.30357856
0.30683073
0.44478494
0.27909547
0.2737891
0.34259772
0.48191926
0.17793027
0.32137713
0.2832585
0.47551528
0.19280565
0.22547063
0.32325035
0.32224983
0.394947
0.50627965
0.5423071
0.38067514
0.3062452
0.36619198
0.3332685
0.14762186
0.23544249
0.29166
0.27689797
0.3025095
0.33552963
0.24607937
0.30658555
0.30332723
0.29362816
0.3593591
0.24626921
0.43318582
0.25152925
0.1921652
0.22292484
0.19098866
0.19925255
0.19601224
0.1660549
0.36632055
0.28305733
0.3173791
0.21219511
0.123369426
0.30170822
0.49733073
0.41808075
0.18010235
0.23278174
0.31838465
0.28694302
0.5662752
1.0164016
0.3959595
0.28949666
0.215164
0.39154786
0.35923544
0.47567183
0.22817434
0.25949216
0.20300233
0.15490752
0.2566655
0.21100453
0.3263508
0.2596771
0.22974946
0.22521245
0.16630138
0.12723054
0.17473468
0.37904102
0.4526647
0.095089324
0.58310306
0.35146955
0.54487324
1.0224445
0.33667174
0.2640752
0.22312754
0.3433578
0.32604682
0.5052742
0.47615677
0.39148843
0.8499969
0.21319184
0.3167962
0.11857032
0.25441453
0.24171822
0.5372714
0.5148535
0.37418354
0.61987114
0.1739208
0.21859975
0.25884798
0.34193903
0.49442068
0.24757588
0.5169154
0.8102565
0.4087973
0.2028102
0.290471
0.92655814
1.0265429
0.110092424
0.24832295
0.50126207
0.6337516
0.3255079
0.5559337
1.1308558
0.70876914
0.20368266
0.26876438
0.42987803
0.32631463
0.31649035
0.21831259
0.23133446
0.41838562
0.69660264
0.27173236
0.2706698
0.34882432
0.2553497
0.13293907
0.17437817
0.14033255
0.1468873
0.22659846
0.34373483
0.17848948
0.39868218
0.42525586
0.22703928
0.1592994
0.23534288
0.16970819
0.17502484
0.20210746
0.13302019
0.18284628
0.15684664
0.39635715
0.53777987
0.14184298
0.3861867
0.22542867
0.16918524
0.18306033
0.18811929
0.2296173
0.45868364
0.29162565
0.20994496
0.41675553
0.23289335
0.22844982
0.120694
0.22436714
0.19590868
0.29085854
0.18099809
0.15285377
