1.8615757
1.8913498
1.8504238
1.8505237
1.8715959
1.8721101
1.8623745
1.8723737
1.8607073
1.8580072
1.8764724
1.8364183
1.7657573
1.7607274
1.8463783
1.8890553
1.8061445
1.9265585
1.8341521
1.898075
1.8528289
1.9852631
1.8779361
1.9528403
1.8844824
1.9275013
1.958271
1.9237032
1.8846846
1.8866909
1.9281516
1.946676
1.9912173
1.8280178
1.8704617
1.8407049
1.7927362
1.9178705
1.8693248
2.009477
1.8893167
1.8401554
1.8433323
1.8162817
1.8576838
1.8871894
1.91138
1.9151543
1.9390755
1.777475
1.8906319
1.816546
1.8970962
1.8383712
1.8723692
1.9442408
1.9819293
1.9209025
1.8376276
1.8988433
1.8903139
1.8477314
1.9272447
1.8999431
1.8736182
1.8884786
1.8959718
1.8386202
1.8548598
1.8637307
1.7904394
1.8616966
1.8901501
1.9487826
2.0329397
1.9285676
1.972758
2.1427755
1.9873505
1.9760923
1.9243894
1.9716057
1.901861
1.9102345
1.9010954
1.8395209
1.8246812
1.9457654
1.9252336
1.8994799
1.783635
1.8974711
1.8674641
1.919945
1.879857
1.8409052
1.8424078
1.9059763
2.0029547
1.9172578
1.8939947
1.8095145
1.9032004
1.867839
1.9362812
1.9075997
1.8904725
1.9288168
1.8578026
1.855547
1.9428426
1.8745552
1.8288243
1.7730567
1.8777719
1.9150534
1.8539484
1.8630729
1.921792
1.8452959
1.8914909
1.9387012
1.9147954
1.7850311
1.9271089
1.9683615
1.8959764
1.9034815
1.7826074
1.8159239
1.8509454
1.8668844
1.8391926
1.8020263
1.9399686
1.921731
1.9295794
1.951324
1.8911583
1.8821448
1.8250535
1.8394926
1.7997278
1.9066074
1.8969862
1.8924648
1.8655872
1.8544073
1.8078926
1.8014162
1.8623312
1.8276942
1.8542366
1.8200676
1.9055444
1.8776681
1.7773066
1.8140583
1.8793209
1.8381724
1.9085863
1.9252801
1.8939819
1.8787373
1.9989909
2.1119092
1.9558169
1.9362576
1.8989465
1.8312945
1.7577746
1.7491939
1.927331
1.8499169
1.8067107
1.9839569
2.0036218
1.8346758
1.8572725
1.8058004
2.0245767
1.8442585
1.88793
1.9038961
1.9077226
1.930054
1.9543998
1.8479977
