0.10050601
0.087375805
0.29280525
0.044422712
0.10650104
0.04908136
0.13740963
0.18066883
0.1390343
0.05608226
0.36976987
0.53451097
0.046833534
0.22126496
0.007842682
0.011873681
0.14370286
0.0637773
0.073856734
0.2396517
0.073926955
0.0870163
0.34073418
0.2591398
0.06390686
0.013094317
0.4830214
0.7053712
0.008627031
0.13618031
0.30094838
0.011160147
0.2660906
0.016915835
0.49535394
0.18497902
0.045527484
0.015292798
0.21856563
0.0795014
0.017164744
0.10595013
0.16812518
0.20900112
0.0497074
0.021993373
0.046504967
0.11528444
0.0968124
0.121343195
0.016376987
0.1269403
2.729618
14.970381
2.1391437
10.182205
4.4373937
0.32100394
0.33801126
5.160357
5.002238
0.08357081
1.7440492
5.5764318
0.23774087
2.1419573
2.1842163
0.025618149
2.1674826
0.74955374
0.18314192
0.67788357
0.3018836
0.6556749
0.2223324
0.17494613
0.72769815
0.75871634
0.024755854
0.7833405
0.054034453
0.0343001
0.42976487
0.7159459
0.5595161
0.48251536
0.14180432
0.06356092
1.0579951
0.59977907
0.08082995
0.37047485
0.07255679
0.0612168
0.27149487
0.26727647
0.3135789
0.056740645
0.15612932
0.16008079
0.31603932
0.17618997
0.09096223
0.074046895
0.09108701
0.11562893
0.15859985
0.12325984
0.10076043
0.082660735
0.242365
0.21997178
0.19887532
1.337063
1.8723788
0.064847
0.2541263
0.23068625
0.041997164
0.17364313
0.2870134
0.27700144
0.22793436
0.16290626
0.05977166
0.15697066
0.39803848
0.48369023
0.31513777
0.45095283
0.04688707
1.0874132
0.7981182
0.29078186
0.032196328
0.09222543
0.27850953
0.101526484
0.03588627
0.14706326
0.19941416
0.25440243
0.16589417
0.11365949
0.1512628
0.116441414
0.06978636
0.26541975
0.6470925
0.027142355
0.09668671
0.23727188
0.07195894
0.15938233
0.0766654
0.16358624
0.07349542
0.027251448
0.16934839
0.49180588
0.021045791
1.1633006
0.31654114
0.20096685
0.07513193
0.0788258
0.16756426
0.5638131
0.18341897
0.10331164
0.08509721
0.24031238
0.16323698
0.13523954
0.15329373
0.09479171
0.06633643
0.105758205
0.33109206
0.037059117
0.3882176
0.12557985
0.25578493
0.15968376
0.06532564
0.1167524
0.8841888
0.7845774
