0.13394955
0.2236608
0.12676203
0.18962541
0.4813115
0.18979862
0.26934966
0.29900232
0.14263313
0.21933177
0.20491259
0.34581828
0.20363039
0.16615936
0.14703384
0.21352388
0.62798816
0.33414108
0.31808838
0.43958616
0.21560875
0.4350189
0.11291676
0.26476562
0.18101686
0.20775282
0.28491488
0.3625942
0.1924924
0.22900988
0.14705591
0.11698055
0.12658688
0.2712618
0.29323006
0.19017719
0.131274
0.077038124
0.16068107
0.12872852
0.1898871
0.13078523
0.23249851
0.17517653
0.17351747
0.23934583
0.26679116
0.18384306
0.17940193
0.17045245
0.34381294
0.1653353
0.21581088
0.1098489
0.31681
0.1700472
0.27328736
0.20583782
0.26160103
0.14129783
0.19308415
0.07634981
0.20895675
0.28921452
0.13525142
0.1991961
0.16603056
0.17900628
0.23817864
0.08481292
0.50013703
0.2533347
0.17116046
0.22404116
0.15165296
0.11580731
0.2224509
0.14980543
0.09537485
0.2735617
0.21784037
0.20962165
0.23425111
0.16013062
0.10168962
0.1376203
0.21035857
0.11520223
0.09749322
0.08832984
0.18843655
0.53988224
0.7301533
0.147012
0.5239977
0.42812347
0.10703779
0.22686422
0.18374151
0.17654908
0.26540008
0.22213507
0.16353953
0.13533367
0.1322258
0.20932999
0.18772711
0.18495734
0.12978953
0.26622415
0.29086608
0.20801304
0.40470958
0.2899111
0.18866327
0.12916099
0.33019328
0.22532606
0.2538129
0.12036725
0.1706884
0.34117138
0.48278028
0.2785124
0.22790028
0.16769965
0.15630126
0.15927434
0.49151927
0.2224237
0.15021537
0.17569196
0.09907718
0.15477502
0.19892403
0.16433927
0.101096414
0.10269666
0.39872622
0.59390575
0.0748892
0.40316498
0.20759057
0.18793479
0.15023555
0.17933966
0.15003473
0.20185603
0.18768911
0.14981425
0.19138303
0.11694053
0.11158132
0.20260109
0.29990909
0.2742656
0.13685586
0.2730956
0.15032649
0.22268707
0.1862573
0.17625023
0.2704103
0.15429482
0.1506697
0.16161954
0.08384118
0.20698065
0.16655321
0.08028302
0.18814325
0.21969983
0.2069927
0.105592236
0.16104263
0.11353524
0.15655735
0.15477732
0.23560445
0.19550872
0.1892181
0.20436476
0.10081373
0.16990913
0.16895223
0.2547783
0.0883186
0.106459096
