0.26618242
0.22666441
0.2300134
0.25989103
0.17770097
0.22379187
0.27633744
0.34528768
0.34810334
0.23481053
0.28399155
0.35769612
0.18411027
0.3054711
0.20149872
0.28497094
0.21361026
0.36493057
0.21112892
0.27612928
0.15826757
0.17239538
0.28505117
0.14598313
0.38646293
0.55683947
0.56718373
0.20465043
0.3183635
1.1615411
0.7699842
0.5839251
0.17078936
0.4174921
0.31063053
0.64264774
0.32203862
0.11236812
0.3667881
0.19479598
0.4040647
0.43574208
0.16499397
0.32679313
0.3602814
0.23308872
0.40521595
0.2902078
0.41340804
0.4741196
0.29288164
0.17917305
0.13858052
0.15440091
0.25550187
0.22924468
0.14942822
0.13861209
0.123082295
0.17666255
0.2973546
0.4883114
0.2510744
0.20337428
0.20391837
0.1881393
0.12594977
0.17848095
0.14527288
0.2598799
0.5508066
0.25905943
0.31601498
0.31776023
0.24736719
0.13466421
0.3040748
0.5944564
0.66981316
0.21968395
0.18248287
0.3074077
0.4762324
0.10942884
0.17350891
0.4027729
0.4692184
0.16192721
0.24657238
0.16422053
0.22900116
0.27935898
0.18994914
0.10234353
0.18410888
0.26490006
0.11604512
0.4248501
0.3328586
0.19048865
0.16446139
0.12790732
0.19434527
0.14731793
0.32836002
0.39532813
0.123585284
0.33422533
0.18249205
0.29255763
0.1998951
0.15943336
0.15209015
0.19577323
0.13083231
0.2231648
0.32574838
0.15492849
0.18135911
0.14674583
0.22553638
0.11880241
0.25962895
0.17962185
0.38481024
0.33226684
0.15191469
0.09177144
0.11384441
0.13776894
0.3194989
0.22593348
0.2208895
0.19929457
0.20091246
0.14605111
0.23207234
0.08936329
0.112832196
0.36779854
0.49912992
0.06933601
0.37806958
0.16455549
0.28073967
0.17233971
0.12627551
0.11981139
0.35965437
0.21064708
0.10255792
0.25630656
0.1638675
0.18854776
0.2072843
0.15323211
0.12723728
0.12783031
0.12757915
0.14677653
0.1613181
0.1393874
0.17244077
0.18725017
0.084564745
0.12087667
0.1313133
0.15651071
0.25556946
0.16212302
0.18148781
0.19797462
0.1498938
0.111594364
0.13577595
0.13646801
0.17129773
0.22077629
0.12376131
0.08893582
0.23375674
0.16176575
0.14206173
0.13545075
0.18336582
0.17107317
0.1140953
0.23820269
