0.09238322
0.060318515
0.10768857
0.0966572
0.064145334
0.18991889
0.114749976
0.09669572
0.07268539
0.060788434
0.043404404
0.07795914
0.04182195
0.20482822
0.54024434
0.089883395
0.35043406
0.08486709
0.011200946
0.015181942
0.21069565
0.117174596
0.11239037
0.05515001
0.03944058
0.060268506
0.13056372
0.122331604
0.114816844
0.06267075
0.2679938
0.35917935
0.34205365
0.0700745
0.11756848
0.12649933
0.049965896
0.11524843
0.13094828
0.10379867
0.22690636
0.38513756
0.09417583
0.36658663
0.24233995
0.038057566
0.20915711
0.06985525
0.06566098
0.09125252
0.07665925
0.07702848
0.11853263
0.20425534
0.13961616
0.10757283
0.115961514
0.13187625
0.091108784
0.09666678
0.124792114
0.22241385
0.3262519
0.29508936
0.06878075
0.14544898
0.2181053
0.037257917
0.14219747
0.16715056
0.12824571
0.03789077
0.06885157
0.1336247
0.18257636
0.08778532
0.09861658
0.027036302
0.067439176
0.17369749
0.081220485
0.17702483
0.036195308
0.024100894
0.07584474
0.055776905
0.08597171
0.09338682
0.04568903
0.10319409
0.13339029
0.045296073
0.0759623
0.056842424
0.13741142
0.037154917
0.05713963
0.079555154
0.052405067
0.116175905
0.092247896
0.078484535
0.40823945
0.25502896
0.04845524
0.010743717
0.11374528
0.045772534
0.11887055
0.036911882
0.16307446
0.22904587
0.07335366
0.09557857
0.034431744
0.081338026
0.07571482
0.13729143
0.2581328
0.034707963
0.05388732
0.02993192
0.043647878
0.09440366
0.053475115
0.04210908
0.07371892
0.42422917
0.17229338
0.07113718
0.014740144
0.09339866
0.06598332
0.34215263
0.05709788
0.17814763
0.058989648
0.2188781
0.06976813
0.3111829
0.38558072
0.091648415
0.07398837
0.07497777
0.08289659
0.0247574
0.1932885
0.25965768
0.16458407
0.025893498
0.047176104
0.09046181
0.34071684
0.3165228
0.05407405
0.103017025
0.04187937
0.17200133
0.13899766
0.06804902
0.15464476
0.029029697
0.018963706
0.18267693
0.19344348
0.92816526
1.0130501
0.013839971
0.33765188
0.06163111
0.029842975
0.21271661
0.054278046
0.032696385
0.17313701
0.340226
0.31028596
0.046301283
0.07200562
0.038200784
0.16868848
0.03956438
0.07656914
0.10513201
0.09133548
0.08732132
0.1313836
0.07148872
