0.9601739
0.7169527
1.9267671
0.41833377
1.2841468
0.7181465
0.8918774
1.3045418
0.7830453
1.0684527
1.1948116
0.64970654
1.7309024
0.3330725
2.35437
0.3495828
2.3736982
0.5742332
0.9744899
1.5579607
0.6849698
1.2439196
0.9183802
0.6165674
1.2814488
0.9782132
0.8603764
0.61830443
1.563587
1.710124
0.49073887
1.2162685
1.0541703
0.96758044
0.69768447
1.5931995
0.6070886
1.5790936
0.897852
0.53073096
1.4425895
0.6427223
0.41781566
2.6310797
0.89652956
0.52108735
1.2524792
0.84778464
1.2730896
0.61935496
0.78432775
0.9132575
0.4448837
1.6418099
0.48560384
1.5454068
1.2333578
0.4739535
1.8380694
0.6852926
1.4329107
0.62738854
1.5604647
0.45482343
1.1892886
1.0577738
0.7137946
0.73882115
2.0187654
0.5559028
1.0965655
1.8327091
0.5722085
0.9751525
1.4163529
1.0525025
1.3431352
0.5982516
1.0235492
1.2270622
0.7643442
0.6350677
1.700974
0.42252368
2.185158
0.5602721
1.1146417
0.91372097
1.0090417
1.6441894
0.8075193
0.66098523
2.1228387
0.4882738
1.29773
0.62618387
1.9656794
0.85348815
0.7502538
0.97597146
1.1012332
0.7326511
0.76479846
1.6676393
0.76802766
0.5945534
2.1244478
0.44227624
2.3116987
0.76630616
1.3678223
0.2939009
3.429394
0.72139555
0.7369949
1.4167014
0.9800098
1.048326
1.0073459
0.58323824
2.232261
1.0421695
0.25524408
2.249809
1.3061368
0.43870026
0.8174441
1.600751
1.1195087
0.534015
1.3589981
1.1683784
0.9696337
0.8041173
2.3685112
0.6202611
1.2712548
1.0742489
0.62586224
2.734312
0.47410238
1.284804
1.0368586
0.4464295
2.658265
0.80550504
0.9388951
1.1386516
0.5095531
1.8586552
1.0286982
0.35924283
2.5918093
0.5096607
0.8805639
1.4231949
0.6859163
1.0619411
0.9282006
0.9149953
0.75854826
1.5787437
0.71917343
1.1539323
0.6240132
1.6515923
0.85140914
0.523461
1.8151752
1.3805853
0.5479355
1.1504214
1.7298793
0.3113755
2.4192886
0.6106452
1.2380667
1.267091
0.80023223
0.8915
1.0313582
1.2533937
0.41862205
2.207397
1.0566311
0.52842516
1.1776203
1.9056811
