2.6118789
1.6484683
0.7712294
0.7974881
2.5022073
1.7558987
0.50349754
1.8914037
1.0278972
1.459513
0.895999
1.6680934
1.806385
0.51906466
0.5493634
4.63797
1.9270713
0.37654215
1.0707157
2.3566604
1.6663247
0.5370971
2.0068288
1.286252
1.1375787
0.98387796
1.1432636
1.2558721
0.6363714
2.9499967
0.89915025
1.6556668
1.2008517
1.3502954
1.610703
1.6355145
1.1292942
0.35617855
4.0298347
1.8855188
0.5080687
1.6692119
1.3168018
1.2215291
1.1423806
0.9813361
2.0595713
0.31505528
2.7207716
1.6008228
1.1816456
1.1297135
0.38240242
4.124644
2.0639634
0.31815004
2.198694
2.2419002
0.7147894
0.486659
3.193376
0.9715756
2.2591786
1.0909412
0.740772
0.7947314
1.9732629
1.6854581
0.34709573
2.1397986
2.9891145
1.0623739
0.5730864
1.7455237
1.8928877
0.44127485
2.1273918
1.7451998
1.0331012
0.53262484
2.9694877
0.8552176
0.86245525
2.3614664
0.84989476
0.6915761
1.7314837
2.0403464
1.2637074
0.46052033
2.1706934
1.5079125
0.92515516
0.6227184
2.8503578
1.2921553
0.4686325
1.9148762
2.5531545
0.72344404
0.8494617
2.223405
2.050816
0.43497542
1.7104449
2.987626
0.6860552
0.93832177
2.0703335
1.5316509
0.25982034
3.8330915
1.7830756
0.33511978
3.2969565
2.3027496
0.29073012
3.0626369
1.8951949
0.90870357
0.53707457
2.3950906
1.8855048
0.51627004
0.41950172
4.3829384
1.5726283
0.9319
0.59057575
2.5344276
2.7019272
0.5729121
1.4141809
1.937216
1.7247059
0.21269485
1.0755458
5.867756
1.6278489
0.14298776
6.808077
1.9358063
0.08471224
7.3135834
0.5789614
1.1418424
2.663683
0.320416
3.7842188
0.75078607
0.6688311
3.3266964
0.6620229
0.43254066
3.0061603
1.1195092
0.6122765
2.0616078
1.7029393
1.0320305
0.6971742
2.1702852
2.034243
0.92051387
0.66983914
1.6801287
1.9393132
0.3430305
0.95442414
4.4981403
1.3862221
0.62576044
2.7960913
1.8252661
0.30435014
3.4797654
1.7328537
0.417643
2.8396783
1.6501143
0.48761958
1.9265766
1.4167492
1.1309544
1.3433633
1.2005947
1.3464456
0.64708745
