3.1256409
1.7188101
1.4527788
1.5512316
0.7869003
1.8688912
0.97808975
2.468032
2.0035892
0.9253247
1.3809278
2.3130398
2.1445158
1.6260073
1.1720748
2.1463578
2.0548134
1.0469944
1.7985406
2.178134
1.8520565
2.0226579
1.293761
1.6152891
1.9067912
1.6903576
0.9343405
2.111103
1.7561212
1.6566439
1.0383989
2.3226168
3.0427618
0.37065387
4.809129
2.85299
0.87985784
1.7349625
1.8683236
1.6952889
1.3437102
1.9858427
1.4596717
1.7407409
1.1648661
1.3917601
2.1523752
1.390034
1.1443481
1.3812573
1.5626814
1.9228367
0.77583694
1.2105517
2.2027338
1.7726425
1.0158596
1.5170034
1.8809531
1.0685294
2.8483157
2.5516603
1.4233093
0.26217318
8.227898
1.5384423
1.0836653
1.8715637
1.7890974
3.5025182
2.3905468
1.7817303
0.76850724
4.0993357
2.7978415
1.7414382
0.5225263
4.993408
4.3987126
0.6883348
0.752107
2.81101
2.176662
1.8719888
1.4962683
0.8975463
1.4345431
1.8815364
1.922514
2.066458
1.1593583
1.0243546
1.7167523
1.2138064
1.253371
1.2204113
1.9503155
2.0215108
2.6035578
0.95271903
3.6837096
2.224134
1.0090656
1.158612
1.830523
2.1029732
1.9047071
1.6186459
1.6479847
1.7684557
2.232459
1.3229713
1.439784
1.7113447
1.458446
2.4678695
1.9075725
1.3660691
1.5396821
1.5827669
1.307345
1.9072809
1.16813
0.9894504
2.871237
1.5115719
1.2313209
1.784395
2.123922
1.5586814
0.64484775
2.4242878
1.7000477
1.3052486
0.8370658
1.5235178
1.5902947
2.1961012
2.1960413
0.9765521
1.4445972
2.147059
1.640068
1.5065191
1.871361
1.9578391
1.5337927
1.2474785
1.1065872
1.5195893
2.2680144
1.6631324
1.1556308
2.8259277
1.3820949
1.2636247
2.1017451
3.251247
1.1991405
0.9560437
2.2624702
1.8982384
1.841335
1.8094532
1.2685541
1.1839042
1.8307602
1.5491879
1.5451381
2.1917415
1.9184861
1.5327246
1.0118573
2.181314
1.8951347
2.006879
1.1221898
1.9625674
2.1980643
1.9418864
1.1311004
2.4887278
2.350922
1.945751
1.3399034
1.1680069
1.9978493
2.1674714
