1.2378082
1.8868233
1.5702019
0.92338216
2.9480395
2.0457835
0.55331266
2.0277202
1.9847224
1.5400149
1.148398
3.227564
1.34078
1.0332949
1.4064127
2.676404
0.31985718
2.035579
4.6094766
1.2925026
0.71245015
3.339336
2.8985262
1.624376
0.8750869
1.5401163
3.4549842
0.93311304
0.92936814
1.7842169
1.5471833
1.2500112
1.417948
1.5894461
0.8278148
1.2648382
1.757251
1.9023576
1.1893587
1.4085624
1.5955586
1.6666315
0.789652
1.5647051
1.764355
0.9869293
2.070516
2.1137316
1.3847673
0.9903877
3.1515722
1.9489336
0.955834
0.7761843
3.2654283
2.024091
0.83653605
1.1494496
3.1274536
2.5495524
1.6959064
1.579542
0.79434776
2.4750342
1.9065356
1.031421
0.87665814
1.320195
3.3371916
2.7001996
0.34934837
1.8311136
2.248115
1.1441635
1.1071299
1.5077527
2.2879543
1.9903206
1.9610819
0.47645912
1.8565714
2.9898787
1.3331637
1.0723518
1.4728649
1.9137104
1.5364914
1.3929191
1.5145335
1.3363551
0.6640376
5.876227
0.7799315
0.42101598
4.9123907
1.1291482
0.9595956
1.6217914
1.4748342
1.910185
2.3052464
0.8483942
1.0804471
1.5787585
1.3024077
1.5064597
1.4748257
1.5106351
2.083993
0.7450347
1.6456034
2.7579112
0.7049451
1.7046127
2.2513947
1.7284287
0.6036133
2.1374664
2.9456885
2.290423
1.5357091
0.45201093
4.4218407
2.203626
0.6967883
1.3347683
2.299995
3.084106
0.4991665
1.8707116
2.003793
1.3881197
1.4695985
1.4289982
1.2811745
1.8568794
2.248517
2.1296437
0.35851902
4.953867
3.89977
1.0402514
0.92448735
2.275508
1.6200833
1.1644442
0.94876575
0.85304606
1.818569
2.3041184
1.1687145
1.2435184
1.7518053
1.0083132
0.78664094
3.0514603
2.1132116
0.6283847
1.1841948
3.2960114
1.8489907
0.7222343
2.6279612
1.6331393
1.3170781
1.6481917
1.8992212
2.3179808
1.3784504
1.066171
2.1458728
0.93349296
2.1465669
1.9256134
1.1662793
1.0491278
1.5684986
2.5344827
1.0366924
1.4155926
1.3031062
2.7296228
2.2843094
1.0647328
1.0327623
2.6326632
2.45844
1.449909
