2.2292743
0.337103
3.5344834
1.6352988
0.92372334
1.8516265
0.8767087
1.4571749
1.8190987
0.6974045
2.3189592
1.0624669
4.03918
0.34008855
6.5579557
0.47107062
0.26247093
6.719938
0.56918085
4.1308756
0.49878424
1.8330159
2.5556612
0.7253379
1.9897301
1.0116599
2.7470396
1.2174808
2.7776563
0.9158163
2.7884412
0.15230258
11.737223
2.5053062
0.20469218
5.5664144
1.8270681
0.95894176
1.0857341
2.6224184
0.7011838
2.9860187
0.834808
2.034932
2.701111
0.10427195
7.163204
0.59691596
1.438045
1.9158031
1.9935088
0.85696477
2.3198283
0.45204526
4.1295695
1.3875995
2.0982842
1.0389643
1.2358352
0.8070055
3.6064267
1.1376803
1.0952444
1.7804959
0.44500273
6.0367627
2.0841784
0.5060085
2.6416788
3.1312625
1.58863
1.0478182
0.81885135
1.7751714
4.3291254
1.432329
0.38200733
2.2133489
3.087974
0.75513566
1.0441028
2.3160515
0.80109817
2.8970077
2.3123693
0.5082026
2.1375594
2.72989
0.3999265
4.4661508
1.4741907
0.47983876
3.4097433
1.8736773
0.7584168
2.326653
1.1947737
1.9702318
1.489209
1.3619936
1.5330195
3.053509
2.481904
0.910471
0.26274434
9.130798
2.0187404
0.27503818
5.422268
0.63566387
2.434601
3.9788206
0.32266605
2.6910067
1.8400614
0.7089541
1.8673773
1.7077619
0.5651475
2.843159
1.2569789
1.5697739
1.2233751
1.09663
0.621199
1.2868164
1.8179145
1.8009279
2.2670665
1.0350364
1.0672357
1.6395125
1.7320575
1.125147
1.5319712
1.0974178
1.4713364
1.2156405
1.8066427
1.7564094
1.298172
0.80417705
4.0813456
1.8800126
0.87761974
0.886925
3.2879725
0.84971523
0.45671478
4.627893
3.3588927
0.54407024
1.3787153
4.252215
0.33892155
3.1865184
2.062659
1.9134387
0.6198652
1.5434318
1.3237648
1.2491448
1.1716473
1.6937717
0.7845117
2.5718608
2.260832
1.079941
0.79916954
2.0349088
1.6390607
1.2757771
1.7248617
0.9164877
2.0366833
2.122812
1.7922633
1.2313588
1.3973646
1.2064581
1.0358827
1.5970567
1.2105923
1.6007586
1.5589483
1.4403075
1.9449464
1.9396999
