0.09769952
0.567121
0.07007977
1.5110582
0.18368654
0.21060371
0.01618731
0.04943404
0.16291139
0.07082949
0.033499327
0.010219802
0.08496144
0.10180803
0.11893237
0.26473635
0.07861043
0.10457443
0.023229485
0.03432353
0.17752722
0.062293842
0.048748653
0.19938613
0.18062721
0.244492
0.013573488
0.06411093
0.037200794
0.040656615
0.18575083
0.1545751
0.021138504
0.067240015
0.050785832
0.049263638
0.07208963
0.08204001
0.04437101
0.053438853
0.09686609
0.200301
0.06501967
0.08380761
0.14177747
0.15445259
0.22481298
0.21543956
0.0117598
0.018637693
0.071550965
0.039362546
0.09029791
0.035911214
0.026413258
0.08061349
0.10316358
0.1638948
0.03575049
0.06718424
0.13044539
0.069135755
0.024229629
0.73635864
0.64963335
1.0573448
0.08762336
1.2932774
0.17446736
0.71089804
0.004220333
0.24004963
0.020306448
0.042378247
0.03733026
0.13728078
0.14100358
0.23412196
0.20131497
0.031169767
0.4074186
0.12968813
0.08624622
0.08340063
0.069731824
0.109405994
0.048446745
0.037300948
0.029878842
0.1235481
0.5114109
0.5969038
0.023786074
0.0026471124
0.029244954
0.07692067
0.017549474
0.05082832
0.03544501
0.17699608
0.13594158
0.058155786
0.047562275
0.071832426
0.065273404
0.05491098
0.1252735
0.1240706
0.19244786
0.032633796
0.048861723
0.109949104
0.53520644
1.347863
0.021179179
0.086660564
0.60196954
0.16819763
0.53209174
0.007156762
0.08454403
0.10383252
0.023195669
0.032644425
0.013001703
0.022507582
0.49652562
0.48408306
0.050530333
0.016387708
0.13695233
0.0468753
0.079016894
0.09083481
0.049967386
0.15949135
0.071112484
0.10795952
0.13455054
0.22566508
0.21969654
0.029084034
0.122486345
0.08393033
0.17244545
0.14357904
0.045070425
0.039729606
0.13799062
0.17425811
0.1361058
0.034627214
0.06441817
0.062781654
0.42519146
0.28658077
0.16244473
0.08016979
0.07551345
0.21280393
0.049995802
0.073866636
0.0802163
0.18045378
0.1825014
0.028375208
0.05617157
0.30170974
0.30450734
0.012730352
0.0050663357
0.06717766
0.2320802
0.090271905
1.2702396
0.45605367
0.3280217
0.02497315
0.010563483
0.04320926
0.105139166
0.0074644526
0.04836768
0.0831324
0.050240908
0.16849123
0.010240974
0.32959905
