1.2712827
1.3783114
1.3890786
1.3667283
1.5388949
1.4466467
1.2742248
1.5054351
1.5919619
1.5585402
1.570337
1.7585706
1.3815958
1.3952069
1.4337361
1.3205864
1.2737622
1.4287525
1.4840353
1.5133274
1.3599768
1.3995954
1.3929732
1.3640313
1.2479267
1.3784802
1.388364
1.388448
1.3892045
1.3612523
1.476006
1.4901805
1.4744712
1.4444777
1.556707
1.7554407
1.4810691
1.483306
1.6140801
1.4694399
1.4491074
1.5739939
1.511907
1.5806239
1.5416424
1.6064466
1.6186721
1.613795
1.5208936
1.4863911
1.3136716
1.2314043
1.4068519
1.2652984
1.3972945
1.3813336
1.4354441
1.3835016
1.2797751
1.3818084
1.5177174
2.083842
1.3958273
1.4519558
1.543721
1.3611919
1.3477691
1.6906209
1.5499105
1.3609133
1.529943
1.4913132
1.5344574
1.402072
1.5378194
1.505619
1.4619275
1.392784
1.5512577
1.3830534
1.4860115
1.3968434
1.3321867
1.3847342
1.3636763
1.3088785
1.3339188
1.319149
1.349458
1.301695
1.4167136
1.3427703
1.3329945
1.3626833
1.3901906
1.4832058
1.2728107
1.3716539
1.5635586
1.5027511
1.2926569
1.4789724
1.5525441
1.4159925
1.3060566
1.307391
1.5055528
1.3940108
1.3649728
1.4488775
1.3351052
1.3693106
1.5420824
1.7066188
1.5211223
1.3783362
1.4119551
1.3743203
1.4263074
1.4272785
1.2103416
1.4502285
1.57506
1.4103314
1.6044147
1.4455366
1.5281312
1.6339852
1.2318432
1.3532999
1.4794847
1.4288952
1.4485507
1.3874769
1.347703
1.4631166
1.376141
1.3030256
1.618901
1.536192
1.3229116
1.2153066
1.4466865
1.729143
1.3181863
1.318919
1.4009857
1.4364519
1.3731911
1.3850137
1.2077922
1.4327506
1.4329311
1.3386419
1.3548751
1.342617
1.2185808
1.4098471
1.4369664
1.3908353
1.4522951
1.4127593
1.338017
1.3830507
1.3738275
1.5122967
1.2975582
1.3870966
1.3127786
1.510813
1.5547819
1.4951642
1.281096
1.3078398
1.3756294
1.4323775
1.2687249
1.3144262
1.456771
1.6136167
1.5228789
1.5599684
1.5560131
1.7748127
1.4873312
1.2853875
1.3795602
1.4083673
