1.0529836
0.746956
1.1006973
0.6723275
1.5236485
0.4365375
1.5288371
1.0497978
0.61689246
1.1544456
1.3332698
0.4775598
2.070365
0.5174676
1.1155845
0.98738253
1.0175589
0.6060204
1.3726648
0.505856
1.7451034
0.6704648
0.9230791
1.5208495
0.3532457
2.6437087
0.6539514
0.3144254
2.2979026
1.3328755
0.40821338
1.374528
1.1313913
0.69175375
1.1301308
0.9747804
0.9377066
1.2095265
0.8343011
0.77473116
1.8978008
0.5797894
0.80173033
1.5427196
1.0784876
0.5837219
1.0742552
0.977433
0.94936216
1.007754
0.5185952
1.4523902
0.65696216
2.2403226
0.36645383
2.12683
0.69338804
1.1804347
0.9614795
0.99307966
0.9539788
1.2388233
1.0997454
0.59909296
1.495743
1.1497505
0.6597607
1.2034171
1.0195861
0.61218643
1.2086533
1.528812
0.29423577
1.9769751
0.4544812
1.6240275
1.1384436
0.66718197
0.7870195
1.7580687
0.42409426
1.0902444
1.6484361
0.47026467
1.2730675
1.1841973
0.89634603
0.8013104
1.0791647
1.5000477
0.45937955
0.46243477
2.126061
0.61242247
0.6384968
1.0947767
0.9346508
1.3526375
0.4502791
2.3275752
0.48920462
0.8777394
1.11373
1.5279784
0.5371339
1.9916672
0.88810563
0.6488222
1.1688614
1.7639526
0.40976802
0.91956747
2.3739266
0.48644355
1.0761635
1.0197237
0.94427717
1.2546182
0.35068858
1.121908
1.7367043
0.5099033
0.7287847
1.330612
1.4831243
0.3966051
1.205305
1.5379362
1.2695805
0.4175262
2.0032542
0.7699213
0.94482255
0.8369552
1.0820938
1.467071
0.71816975
0.70540416
2.1117368
0.836199
0.99468327
1.3821855
0.4950221
1.3399353
0.77357125
0.7860949
1.4579275
0.32169753
1.6826448
1.060065
0.44540256
1.4987047
1.1135149
0.66191024
1.4797208
0.5681317
1.8440033
0.664048
1.1341455
0.47175962
1.9891362
0.4010535
1.9790745
0.51559395
0.77760136
1.4428043
0.792875
0.62638956
1.673602
1.1301382
0.37831265
2.1321907
0.66156024
1.1246969
0.9746835
1.0622497
0.517902
2.1741216
0.6509652
1.1386695
1.6484649
0.42537805
1.2820765
1.2599096
0.859906
0.8877688
0.7683506
1.5636992
