0.403769
0.5620761
0.40457952
0.42902526
0.46232432
0.54756784
0.4584635
0.7769572
0.54151505
0.4983539
0.4596417
0.47400656
0.55405265
0.5384213
0.97637546
0.3318662
0.7358989
0.6762298
0.44354007
0.7210376
0.61645246
0.39301407
0.46270284
0.81157696
0.92565525
0.54772496
0.5816972
0.64459515
0.42416918
0.62207246
0.72310585
0.65590364
0.3712018
0.7705674
0.5275916
0.61738026
0.44003168
0.4725275
0.5195267
0.62665427
0.49158007
0.38590997
0.4052384
0.45508114
0.5337237
0.37278244
0.5307559
0.5649738
0.71194553
0.40994704
0.65178597
0.65483975
0.64309126
0.8954193
0.4758739
0.50077415
0.4455281
0.3783174
0.45465508
0.41361982
0.42098352
0.45796943
0.40614304
0.56994534
0.46434623
0.38083255
0.53419363
0.4326529
0.4527794
0.6581085
0.6104301
0.3698508
0.47773385
0.34140044
0.4424881
0.559433
0.86363125
0.8602157
0.49864382
0.980327
0.6461506
0.42778337
0.69488347
0.58304656
0.37338123
0.48775634
0.5745441
0.5186517
0.4380495
0.5063759
0.5105356
0.44023597
0.4891243
0.6709836
0.33542952
0.64111996
0.5318519
0.5483096
0.57594967
0.53274024
0.7797845
0.3883846
0.906714
0.9222986
0.43049788
0.44578895
0.61583376
0.4182809
0.4014864
0.70208484
1.2086364
1.1337249
0.5984598
1.0656651
0.45260057
0.7401422
0.90214646
0.44968867
0.6042766
0.6247674
0.5882891
0.56206065
0.319705
0.5614472
0.89954615
0.32029164
0.3506514
0.7123808
0.66409576
0.37691674
0.49730662
0.7743734
1.6161842
0.3228207
1.0933511
0.6336979
0.52749383
0.6105235
0.63424975
0.9560243
0.40072253
0.868839
0.70607984
0.6219531
0.5306825
0.6539609
0.8729303
0.631766
0.60426724
0.66261125
0.52276134
0.6606705
0.5551926
0.9685198
0.41563076
0.862005
0.77711916
0.4877026
0.5539442
0.51555413
1.0446149
0.455738
0.99632376
1.3499272
0.32733873
0.5979278
0.5441247
0.4858755
0.54329836
0.49758595
0.8780229
1.1618811
0.5440575
0.5502597
0.48530006
0.49284878
0.559347
0.43019393
0.7235513
0.6757595
0.44606078
0.38230187
0.63411516
0.6529439
0.553236
0.4055177
0.43482372
0.71129733
