0.04597681
0.12160469
0.09592001
0.12908274
0.14462905
0.295634
0.0887356
0.22177428
0.017497472
0.020890336
0.038319923
0.047741134
0.03162186
0.0463935
0.3142058
0.18545781
0.15707666
0.66531175
4.0451074
0.21367684
4.174086
0.029446092
0.5684468
0.06653794
0.20597395
0.1750601
0.27140087
0.5934302
0.92803025
0.3477383
0.015200602
0.044180408
0.07969757
0.27882493
0.063485876
0.28547585
0.12821083
0.6613024
0.3831413
0.13779984
0.20369764
0.058033247
0.3615298
0.09457205
0.32414383
0.11049423
0.020349154
0.022321291
0.07804905
0.55242664
0.271958
0.1896786
0.009842709
0.04021758
0.1934622
0.040677458
0.5040932
0.80594915
0.028266044
0.63347155
0.123473935
0.27027005
0.37341386
0.044465028
0.14156337
0.10207828
0.10703474
0.056007124
0.07144856
0.07009811
0.14784947
0.19249433
0.14641088
0.07088674
0.084755585
0.19909719
0.059903614
0.018758116
0.124419235
0.10456246
0.053636402
0.06953987
0.056255527
0.17433304
0.04628961
0.7132942
0.29686797
0.122639835
0.0070382906
0.028874118
0.015341049
0.02709722
0.1775351
0.10967405
0.24050164
0.06556346
0.104247354
0.0550625
0.063386425
0.025089186
0.02436814
0.044274695
0.31308955
0.52859586
0.20920621
0.10064172
0.17464592
0.03564685
0.16290411
0.011872521
0.036718275
0.05383627
0.10286483
0.03666842
0.10914417
0.076367706
0.092943445
0.08175129
0.24184927
0.06400322
0.05968649
0.033513635
0.038429588
0.16706507
0.04102177
0.14133449
0.14146248
0.09478884
0.16730812
0.08755876
0.036707543
0.022634313
0.10262218
0.16450518
0.11708694
0.1442867
0.08688992
0.169344
0.12795696
0.1525647
0.30166298
0.29985684
0.07796024
0.02432789
0.086552024
0.040849384
0.06715329
0.06638259
0.17541653
0.062083587
0.046553124
0.11418936
0.030242648
0.069136076
0.122527145
0.08586115
0.047204964
0.050522216
0.09825415
0.06513486
0.06802925
0.071377255
0.065119274
0.10171451
0.050450865
0.110055946
0.29807284
0.26147166
0.017586304
0.031926896
0.2618158
0.02035125
0.59051716
0.071675174
1.1916491
0.039088614
1.2652718
1.4236952
0.0016718907
0.009253388
0.06973696
0.050791536
0.59710926
0.34275445
0.16676025
0.029481458
0.3530367
0.0539755
