0.5682409
0.36018568
0.6191648
0.4853171
0.37316257
0.47304094
0.5501592
0.7748412
0.5010475
0.4362007
0.72443783
0.48150465
0.41338706
0.53512436
0.52128744
0.46301562
0.511078
0.5187545
0.69620365
0.5140543
0.5111542
0.6572535
0.50788134
0.48528975
0.6126045
0.43071464
0.5083999
0.5523675
0.34847254
0.436645
0.41854298
0.36284697
0.4358126
0.5903989
1.4292464
2.6986191
0.64006704
0.93674994
0.8731802
0.6501969
0.7378429
0.57930285
0.534081
0.51452875
0.7542809
0.4939682
0.44603485
0.46297723
0.5721226
0.39380002
0.48858756
0.5381174
1.1722683
0.5319242
0.47203955
0.6343347
0.364071
0.4459125
0.48670202
0.53401554
0.33072758
0.47739124
0.41363385
0.8371608
0.57447875
0.46590048
0.46744543
0.40044522
0.7096685
0.67699385
0.41628367
0.55232906
0.51060617
0.5648912
0.50886005
0.55622125
1.3353927
0.5508031
1.002915
1.4438589
0.8376761
0.59990335
0.56443477
0.4206694
0.44730487
0.700159
0.42580977
0.52608013
0.45172572
0.4823965
0.41253942
0.58743143
0.7242733
0.65235966
0.23788333
0.68223035
0.52775073
0.93841237
0.6487278
0.42920548
0.5971105
0.35851097
0.7809353
0.618536
0.48682362
0.4558651
0.5267636
0.4770301
0.40201795
0.6418364
0.5348104
0.33150378
0.5502347
0.871444
0.45473292
0.5280953
0.5743492
0.41698414
0.42707044
0.69085485
0.6929168
0.46131957
0.301045
0.32677555
0.54328644
0.66693705
0.44328716
0.68833107
1.381438
0.9176935
0.18863119
0.6245858
0.6691245
0.7756768
1.2452207
0.7535265
0.56463313
0.41575053
0.6041438
0.8126502
0.3079298
0.50706017
0.7110754
1.4122117
0.84484726
0.4709578
0.98710454
0.41480651
0.6624947
1.110494
0.48965257
0.3260061
0.5753783
0.89230955
0.3943526
0.32367668
0.56853575
0.6815354
0.3905784
0.7274799
1.1813161
0.368642
1.143436
0.7976022
0.36600327
0.5186986
0.3384279
0.6146226
0.4743217
0.41627234
0.8638506
0.510877
0.6964193
0.92610615
0.4610671
0.5276615
0.5633437
0.34537303
0.37751454
0.5527122
0.880036
0.6061343
0.46540803
0.61179304
0.38900417
0.39561993
0.47293115
0.35444242
