0.046196863
0.10112259
0.06202331
0.09746775
0.054627717
0.077861965
0.058495127
0.098823085
0.0652159
0.09884645
0.1274446
0.07254031
0.072317556
0.053031415
0.104253314
0.027942616
0.055015627
0.087328926
0.04589664
0.113927126
0.07331064
0.119828135
0.07645162
0.02994178
0.06815335
0.049203377
0.15713076
0.17740443
0.04407697
0.055079095
0.06242091
0.05447528
0.048521142
0.09316894
0.0380661
0.088376775
0.046646938
0.11430976
0.059577692
0.082449295
0.07568212
0.12904277
0.111591466
0.35395768
0.1702071
0.2087615
0.16089895
0.26542065
0.103697404
0.0119107
0.010576343
0.34941247
0.13496433
0.10319882
0.05066107
0.05936731
0.0667879
0.31489542
0.59733266
0.14682211
0.051991817
0.071474664
0.031344645
0.059362996
0.053626213
0.08774637
0.10168938
0.09345513
0.074300036
0.05207781
0.08993623
0.08292581
0.095309384
0.088868216
0.08088232
0.05728526
0.071823366
0.06159981
0.06988038
0.06920478
0.099011086
0.12043004
0.054143447
0.07587788
0.047511697
0.04060558
0.05941026
0.031121956
0.042537063
0.050157897
0.037350804
0.063753545
0.07796263
0.0460748
0.06274718
0.045778
0.032788925
0.05977944
0.098445475
0.075770855
0.0484036
0.11466505
0.07199027
0.07389814
0.053128496
0.042692695
0.05208023
0.044632334
0.064775765
0.05001477
0.09714557
0.08609837
0.05857654
0.0717109
0.11174097
0.35895485
0.17369567
0.1476037
0.04576468
0.11163018
0.06698477
0.036622472
0.046011627
0.022575986
0.09110138
0.0558402
0.026466202
0.09570457
0.06718075
0.08878278
0.10138093
0.12143205
0.08479178
0.11434833
0.049704734
0.02598357
0.039697282
0.07552428
0.053197883
0.07201914
0.04576339
0.05724412
0.05113667
0.07070522
0.033486255
0.05953964
0.028734434
0.051985145
0.081808835
0.08129965
0.09271911
0.0317964
0.053364724
0.065653756
0.05813445
0.037764087
0.08234214
0.058163457
0.030544389
0.08777179
0.04529951
0.18319246
0.15370753
0.03804864
0.049396228
0.036489308
0.05837851
0.17783968
0.23145351
0.07717727
0.14587131
0.035893843
0.12562932
0.033564486
0.049403775
0.07881255
0.046856128
0.08209673
0.03206654
0.041248597
0.05201316
0.08501756
0.054144595
0.102771625
0.06150558
0.030737996
0.033102535
0.05128417
