0.16581146
0.3227796
0.14874612
0.17561072
0.53227925
0.362549
0.23805559
0.54168516
0.5422647
0.24344516
0.21154891
0.287276
0.30457193
0.357482
0.370677
0.36285555
0.38005865
0.3361701
0.2854373
0.37102956
0.3361761
0.2732023
0.23866192
0.2365112
0.41967374
0.29017675
0.31000936
0.2644556
0.49224216
0.39275265
0.2489979
0.23373578
0.20406276
0.36849704
0.34354275
0.26113153
0.24436617
0.21492526
0.25878358
0.20936897
0.22573374
0.22061631
0.44634664
0.36244285
0.30610096
0.5260232
0.4753389
0.32122874
0.3395501
0.47203442
0.24987385
0.32634366
0.25572652
0.31948733
0.19848461
0.26868254
0.31523657
0.47868854
0.15334816
0.29080442
0.33242983
0.5092389
0.3647564
0.32221934
0.26904157
0.3324975
0.37236452
0.27907723
0.21518612
0.31690726
0.20593092
0.26826406
0.2701137
0.21798092
0.32944345
0.20737411
0.25195983
0.36820784
0.20087287
0.28602874
0.27879047
0.36577943
0.2126378
0.3088752
0.22484958
0.19681554
0.31750327
0.3631426
0.27561578
0.13940519
0.36289826
0.22092259
0.22287188
0.34896457
0.5084251
0.22750035
0.31855875
0.2935968
0.5430604
0.2667116
0.6484274
0.8227768
0.18929859
0.6141097
0.6218897
0.23690093
0.25212702
0.2539625
0.35944366
0.3121692
0.22042775
0.6021823
0.78732914
0.22719917
0.26554152
0.24351892
0.3574597
0.30722624
0.29761922
0.4419239
0.3367294
0.304424
0.6108573
0.5925517
0.32302117
0.4567834
0.18047109
0.188683
0.16885966
0.35085407
0.7264875
1.0499126
0.26797098
0.3911013
0.1853109
0.24235642
0.62838995
0.91224515
0.0991758
0.65063125
0.33017376
0.7330349
0.9166546
0.64699453
0.17846575
0.14405698
0.4646084
0.3257691
0.5105783
0.51579696
0.26877028
0.48754293
0.1384995
0.49594155
0.32417852
0.26506373
0.37602833
0.38610154
0.4275279
0.27295232
0.39661896
0.23633169
0.4566718
0.16696687
0.3047222
0.34803182
0.3365139
0.2865523
0.6195828
0.6328672
0.14763075
0.23026556
0.21701874
0.24125755
0.28891927
0.2939065
0.2373977
0.26261926
0.21870206
0.22048447
0.23122437
0.40787643
0.3994122
0.19002897
0.33605695
0.31321976
0.25860786
0.14269507
