1.7382784
1.7319543
1.6538457
1.6335613
1.6513736
1.5654075
1.6497703
1.6220473
1.6691884
1.8439677
1.7504715
1.7887268
1.7312069
1.729239
1.840242
1.7836319
1.7544714
1.8304553
1.659566
1.8073571
1.6811787
1.6762164
1.8012912
1.8114159
1.7028596
1.8294709
1.9472002
2.104745
1.869113
1.8176342
1.7157166
1.6978744
1.7055933
1.7130313
1.7651227
1.7953379
1.8554382
1.7518393
1.7641494
1.8397439
1.7044799
1.8483673
1.6652205
1.6682469
1.6981304
1.5803149
1.6419866
1.796572
1.8162655
1.8869984
1.6597114
1.6868697
1.7044038
1.6077577
1.6731238
1.6945822
1.9660445
1.9292305
1.6700599
1.7123383
1.6813216
1.6917448
1.7601
1.816719
1.7600601
1.6119697
1.5871422
1.7952523
1.6200986
1.6903958
1.7060483
1.7550446
1.6136618
1.7031224
1.8238902
1.689562
1.7778915
1.92701
1.8994384
1.6735907
1.860647
1.6633613
1.6554903
1.7824101
1.7097085
1.698302
1.7229557
1.8545703
1.9828942
1.7250377
1.6531613
1.7470944
1.7028724
1.7826738
1.7709266
1.7808626
1.7143562
1.6531873
1.6168963
1.6654388
1.7247506
1.5840299
1.7202888
1.6432278
1.7033021
1.6526513
1.7779709
1.8005137
1.8626615
2.2397249
2.1692836
1.6801574
1.8864883
1.8746268
1.6896703
1.869838
1.7577207
1.7161071
1.8332498
1.7098477
1.6570327
1.7814814
1.653523
1.6568143
1.7741152
1.7165519
1.5989294
1.6452906
1.771023
1.678637
1.7282406
1.7303627
1.696531
1.6578219
1.6135268
1.8939419
1.879319
1.8765942
1.7817771
1.8007084
1.7599611
1.7238789
1.5994823
1.6684217
1.7347047
1.7535584
1.6915035
1.7510891
1.7569351
1.7446749
1.7051066
1.6746432
1.7358162
1.7709206
1.6960257
1.7940731
1.796203
1.7399279
1.7668457
1.6835659
1.7437458
1.7894554
1.9792516
1.8881966
1.7473037
1.6902142
1.8593725
1.7956429
1.7016717
1.6788329
1.7873616
1.6248871
1.6627846
1.6994205
1.8066801
1.6396728
1.6365244
1.7213675
1.712736
1.6169477
1.5377506
1.7354344
1.8698659
2.2626178
1.8018981
1.749854
1.8154532
1.6502279
