0.13813503
0.052321397
0.16864172
0.14925185
0.056238964
0.090508364
0.05664879
0.0706264
0.115946084
0.21138252
0.03547959
0.041040458
0.070611835
0.09307152
0.05092731
0.06633544
0.0733117
0.09992281
0.0518132
0.07672331
0.12863092
0.13891463
0.16301635
0.07765695
0.14964831
0.12220522
0.13230786
0.091294825
0.10574065
0.052695774
0.04758536
0.050575867
0.050137848
0.073281966
0.09459343
0.096282564
0.061476506
0.13787921
0.07695817
0.047262546
0.0653759
0.065175526
0.08822632
0.07606568
0.08055934
0.049178332
0.03705812
0.03595943
0.026456708
0.085316844
0.034203358
0.13181505
0.030788496
0.07062332
0.3263512
0.68128604
0.04874122
0.080943085
0.66161495
0.2590688
0.14382902
0.05050335
0.12198945
0.19001572
0.2708094
0.059382014
0.14456171
0.52042973
1.4653019
0.14647007
1.5244797
0.81288755
0.06671669
0.17089689
0.07808149
0.17090009
0.10965649
0.17215037
0.12564076
0.13842674
0.2718092
0.14223324
0.13356438
0.087870315
0.10053244
0.07679926
0.17002743
0.1829925
0.10343176
0.10380945
0.117573395
0.047145464
0.058866158
0.06959939
0.08225065
0.073914856
0.24436045
0.137175
0.07355728
0.11262305
0.085471116
0.10356147
0.011493725
0.08557783
0.11877641
0.1001102
0.122199506
0.08453429
0.053040758
0.07193461
0.15377522
0.0644007
0.10125209
0.10866864
0.0721678
0.083069354
0.07185269
0.10594438
0.07288986
0.043189224
0.021496482
0.18458879
0.11111072
0.058366407
0.0510263
0.117068276
0.081972405
0.046369582
0.027786
0.029215652
0.18965176
0.10847297
0.0903764
0.08550812
0.030156936
0.061133243
0.03412994
0.07573807
0.041496795
0.19210567
0.120595805
0.09132573
0.18823521
0.079039596
0.055214603
0.030335188
0.056219243
0.11091183
0.17816027
0.05556986
0.15616733
0.06778877
0.061863728
0.080715805
0.059031732
0.23215511
0.072933294
0.15509242
0.019859776
0.056044802
0.041146133
0.10614708
0.043038093
0.055494867
0.073157996
0.03854607
0.07031655
0.04871372
0.080731705
0.06887674
0.12474627
0.073260166
0.056789503
0.054805715
0.08987369
0.053289603
0.09463034
0.10302499
0.11035736
0.11589755
0.041749895
0.06701974
0.03157102
0.079390906
0.105042145
0.13188428
0.027339606
0.024095774
