14.341342
6.9972477
4.4721546
3.827335
3.3327339
6.1091924
5.439928
2.9742317
6.1026125
5.9592714
5.404917
4.2563324
4.4293566
2.5821702
2.1426635
7.863168
7.070835
4.6028314
2.2748804
3.6163406
11.778739
11.378937
4.919194
1.8077503
1.4277263
18.864094
10.985161
8.6689205
4.2152624
2.667379
2.8749995
13.456899
9.023981
5.4095807
3.2607136
2.9929519
5.1442075
4.6127167
3.5796623
2.4862185
8.028233
6.8337655
4.3885565
3.4202604
4.948778
5.6366787
3.183835
3.510151
3.3641946
2.6785777
3.5032432
3.4089632
2.4307494
7.8383713
8.003343
1.4594632
1.3407116
21.077385
17.989628
5.08418
0.38624135
20.88945
16.704422
4.582571
1.2675769
16.006172
10.270037
5.891051
5.3313913
7.128404
7.5020056
5.6531143
2.3523817
2.9606688
6.0074906
5.6380577
4.2886724
2.3778927
5.397478
5.002042
5.0426273
1.9578295
10.769415
10.079763
5.4649944
3.4122396
2.414314
5.553667
4.665346
3.1702738
2.8177702
3.900167
3.221923
5.5022993
4.9918556
3.7111557
1.6142862
9.409686
7.6312933
6.1784906
3.4615545
2.8543725
6.702767
6.3315516
5.109367
2.4889393
2.1490142
4.53701
4.8242054
3.2739613
5.0672393
5.0572424
3.9374094
1.1373975
9.972948
10.404104
5.3993807
4.169046
2.2509131
3.459075
3.4233015
3.698763
3.4578106
1.0444031
7.909003
7.2040596
3.8781781
2.275988
2.1078408
7.691428
7.02614
4.483474
1.6854184
2.435164
8.347393
7.2174854
4.2474084
2.232164
5.6638184
5.949683
6.023283
3.6650414
2.762539
3.724496
7.3615246
7.516116
4.5042953
3.0633388
2.8971834
3.3229566
5.302533
5.2726307
4.8735948
3.8811421
2.4025745
3.992103
4.320854
3.6314
2.593411
4.883732
4.9909496
1.6814852
3.203299
6.9552536
6.9428425
2.6906354
2.607714
3.3529978
11.040678
11.995003
4.405938
1.671524
9.648984
10.658945
7.800766
5.250203
3.6290376
4.360235
3.2124949
7.538603
5.9640207
1.2832718
1.6634197
10.128189
9.269228
10.737604
4.271433
1.8616941
