5.2540145
0.6055601
1.995749
3.8560011
0.64687455
2.617436
3.0154629
1.0251931
1.777746
1.5423001
3.478016
0.49714556
5.9717493
0.3910802
4.767973
2.5779479
0.6339203
0.6800992
5.364873
1.5431159
1.1814895
4.604879
0.3929503
1.322316
3.24053
2.477494
0.7802197
0.74093956
3.8820634
1.8656712
0.67543834
0.9691628
7.499316
0.16088057
2.275722
0.8724574
2.0411425
2.39786
1.1919097
0.45223096
5.42914
2.2258792
0.15131941
9.43297
0.59928894
3.4624128
0.9604416
4.638498
1.4979949
1.0445323
4.2012763
1.9623406
0.19685987
5.1049223
2.1333897
0.49743643
1.4566383
2.78869
1.7718306
1.2809645
1.7455639
0.9798732
3.347669
1.0969648
0.46475372
6.1830187
0.63877547
1.4768944
2.0529423
1.8117201
1.754498
1.2119861
1.2052326
2.379162
0.7479718
2.3790736
1.9152036
1.3498075
2.4730039
1.9886315
1.4693762
1.2120051
1.3284322
5.2389936
0.3591044
3.0516016
2.6168728
1.2289631
1.0955735
1.590512
1.8681293
2.835143
0.22337712
6.0633144
3.7385132
0.27160478
2.9493015
3.3842218
1.6074207
1.7191844
3.1377006
0.40787864
3.4595933
1.9171244
0.23277393
5.2703366
2.0865571
0.3365386
6.2705917
2.8257852
0.7440674
1.1267508
0.72390413
2.775918
1.2958182
1.1543024
1.3455827
2.8883657
0.9954094
5.6004896
0.983675
0.7311286
1.8553486
2.3885508
1.2936251
0.65084827
4.006425
1.2165656
2.3191972
1.7426338
1.1979249
0.9522059
1.7192873
1.9670584
1.0306784
1.3327495
1.5314105
1.6278336
1.1623471
1.7473631
1.3705449
1.1421254
3.8915553
1.454574
1.1700718
1.27106
1.1668754
2.46772
0.28730503
8.651273
2.0011487
1.3907373
4.1758113
2.3030746
0.3522473
4.4508095
2.4222276
1.3950157
2.349236
1.8327816
1.7650852
0.3037159
6.9402876
2.9612722
0.6398634
1.9414942
2.0719442
3.613614
0.93392503
0.47331774
4.6692514
0.24592191
1.4635553
2.0980284
1.2296089
1.6243131
0.58304155
3.3008997
1.8532727
0.3353489
5.3305807
0.33854222
4.593463
2.381393
0.63439745
2.8301885
2.2620249
1.514393
