0.26871264
0.31655848
0.3493466
0.43937182
0.45489678
0.275758
0.45441368
0.38471213
0.47787687
0.2791708
0.39671364
0.5260726
0.3512298
0.27164236
0.5119787
0.86066467
0.3894516
0.325251
0.36855236
0.43977875
0.16745086
0.2942588
0.4408129
0.30814862
0.36774957
0.31203747
0.23625395
0.25997746
0.3826306
0.38623533
0.2514965
0.29715937
0.24052835
0.40649372
0.3369528
0.5117636
0.27115387
0.37178615
0.43560383
0.22953226
0.45377424
0.45759198
0.2403672
0.23887384
0.48749304
0.4496498
0.38251597
0.48525137
0.4203822
0.92113847
0.7173528
0.3917202
0.3622231
0.3472776
0.31243613
0.8311679
0.42161936
0.88487345
0.4961487
0.50008607
0.30867255
0.57395124
0.5968152
0.28231418
0.2699564
0.33195478
0.3391033
0.37231427
0.26983136
0.6566673
0.5811855
0.16495241
0.6458019
0.56124353
0.3832406
0.4218664
0.377545
0.3512067
0.31410685
0.43913534
0.5368434
0.26816162
0.77841204
0.77078575
0.3452558
0.30946547
0.48560712
0.35067403
0.21959835
0.3356493
0.31122634
0.44533268
0.5147982
0.32744825
0.6683761
0.53005564
0.34315345
0.6423732
0.23360813
0.37095863
0.60741085
0.3815316
0.26009238
0.39244238
0.5614023
0.2454676
0.17041114
0.5875918
0.66945153
0.24460094
0.39350942
0.4374662
0.25927958
0.44324583
0.30321595
0.35881686
0.32863864
0.54353064
0.76036954
0.4655199
0.6709377
1.3861309
0.7699855
0.34465432
0.8899753
0.9684239
0.26833344
0.56675375
0.5714082
1.0115254
0.74295175
0.26931724
0.5382405
0.7474756
0.24874334
0.51611495
0.48418766
0.4011602
0.2445405
1.1444649
1.4086128
0.21516553
0.98876584
0.80265355
0.43816894
0.54165816
0.44614887
0.67608714
0.34664467
0.41151142
0.49196368
0.22963601
0.30930698
0.51304585
0.81021756
0.26161647
0.41677916
0.51712435
0.33359239
0.22336698
0.7351372
0.4994818
0.27598932
0.33267748
0.5292802
0.49928784
0.23185396
0.22572428
0.5269437
0.4950212
0.20780694
0.5485606
0.42870817
0.19390228
0.3605
0.351834
0.25500786
0.32193345
0.35718048
0.33210474
0.44825888
0.4944061
0.27999696
0.22960886
0.40388292
0.5176968
0.25687397
0.22938126
