1.0884714
0.916509
1.1217793
1.0071617
0.96638006
1.2236617
1.0566287
0.99648297
1.059086
0.8873951
1.1613749
1.1247836
1.0117708
1.203316
1.0297946
1.1093147
1.097518
1.0292153
1.0393612
1.0532132
1.0015327
0.97239447
1.176547
0.8280991
1.149529
0.90718013
1.0260533
1.0329714
0.9220438
1.1847751
1.062831
1.0128385
1.232135
1.0639331
1.0639513
1.1257701
1.1026087
0.9420747
1.0829339
1.0774674
1.0722885
1.1580837
0.9550154
1.1933645
1.1595299
0.8997109
1.2408509
1.0135729
1.1529083
1.0803462
0.90787715
1.319247
0.86879605
1.336268
0.99655485
0.8721935
1.3337511
0.85413074
1.1764375
1.0050782
1.180478
0.825413
1.339123
0.7818367
1.3349761
0.9741914
0.985654
1.1817852
0.84406763
1.0599153
1.1107918
1.1264209
0.8558681
1.1144857
0.91322577
1.1064442
1.141271
1.107689
0.96407974
1.1661701
1.133456
0.94246197
1.1507258
1.1628892
1.0176895
1.2407861
1.0081763
1.3385842
0.90573555
1.1969287
1.0110275
1.100796
1.0719268
0.9814663
1.0859702
1.0970886
0.9509968
1.1247053
1.1057663
0.9072492
1.2371128
1.0845549
1.1205101
1.1116128
0.95390177
1.1893178
0.9134084
1.2418864
0.9497163
1.1467216
0.91671634
1.0600207
1.0344173
1.0066543
0.9914933
1.255558
0.82674295
1.175283
0.8817406
0.96738243
1.1598082
0.8740519
1.3756318
0.88806236
0.9359042
1.3986709
0.7701061
1.0910902
1.0804641
0.89874136
1.3183622
0.88860404
1.1840894
0.941917
0.9839436
1.0977066
1.1488062
0.8566731
1.2560759
1.0456536
0.9468063
1.0648
1.103029
1.024663
0.8743659
1.206368
0.89636314
1.4035118
1.1431757
0.89988506
1.347856
0.9187798
1.0374141
1.0494418
0.95348394
1.3649058
0.9929304
1.0195788
1.3443773
0.84028953
1.047622
1.1122229
1.0079513
1.0920775
1.1313772
1.0009805
1.0547279
0.917828
1.0161251
1.3285109
0.8363179
1.186063
0.83274186
1.2107017
0.9646512
0.75436556
1.5448377
0.8644132
0.928399
1.46576
0.8554578
1.0758464
1.0412554
0.98375636
1.0898094
0.92825776
1.1784828
1.0152516
