0.060418546
0.10015859
0.05923415
0.15267786
0.1384176
0.063859016
0.07455625
0.06436361
0.0877932
0.051809624
0.03762506
0.07202066
0.16369364
0.11311798
0.078538865
0.2370806
0.1563206
0.061796285
0.15883979
0.080786206
0.13448308
0.05985582
0.1515542
0.13402818
0.2362809
0.080027945
0.050660532
0.12879626
0.18639086
0.04607426
0.060339347
0.09271789
0.07217848
0.10493994
0.18558002
0.030863378
0.21137106
0.03746584
0.16949649
0.06209612
0.22997397
0.18986274
0.07752097
0.08476165
0.074221715
0.07504225
0.06781458
0.18116543
0.18906522
0.06316049
0.086073875
0.03825035
0.08284486
0.19056514
0.03497669
0.67181426
1.2402382
1.7963306
1.5025159
1.4206
0.5938034
0.29543403
0.163198
0.13112876
0.29448983
0.31037825
0.13527696
0.27754956
0.29274905
0.21833152
0.22942704
0.07859918
0.14219049
0.081891224
0.124767885
0.07855018
0.11102541
0.15363187
0.05810467
0.07893896
0.05709008
0.32869464
0.45706558
0.14668785
0.08386615
0.072267376
0.042937785
0.082870826
0.15440351
0.16430838
0.1558438
0.048965618
0.11271941
0.16297606
0.13721275
0.13303861
0.096917376
0.074466154
0.07199891
0.06170692
0.07568662
0.120661214
0.21064435
0.16057158
0.046529524
0.12824665
0.13602127
0.29830784
0.0859558
0.25200492
0.04799273
0.12130215
0.06527142
0.10747033
0.09050481
0.14654553
0.1271903
0.05849079
0.21049586
0.16153651
0.11304258
0.098229125
0.07065825
0.11710411
0.107880495
0.07318807
0.10824931
0.0961523
0.057515927
0.11620094
0.12225946
0.08856272
0.1561706
0.09994259
0.14669555
0.13499837
0.0608697
0.061221477
0.19572413
0.12611967
0.1769632
0.109713435
0.14859562
0.09750275
0.05148078
0.12437436
0.09742208
0.092111036
0.12763755
0.1331574
0.08127545
0.071018346
0.08356205
0.05177033
0.10074072
0.122312814
0.092582956
0.061300095
0.062254958
0.061390888
0.14428318
0.20697227
0.09273939
0.05870014
0.11242067
0.1774357
0.14618477
0.061840493
0.05347096
0.05347393
0.11413525
0.05735983
0.0820614
0.1329888
0.05618774
0.11253798
0.06699195
0.048599828
0.1389728
0.09934263
0.14888027
0.1393824
0.1022168
0.056418803
0.12235451
0.09653005
0.02431361
0.03194359
