1.03912
0.7470813
1.1386375
0.74585855
1.5743433
0.52460784
2.2857347
0.66519177
0.7273324
1.2525563
0.77811605
1.0048492
0.8931274
1.0182692
0.89199555
0.73571515
1.183341
0.91291314
0.75033545
0.91624
1.2260139
0.63917357
1.0409662
0.84906787
1.0123965
0.6860919
1.2844055
0.5178045
1.4175525
0.74532235
0.6468723
0.9652653
1.0954809
0.62442327
0.72339547
1.3069656
0.81559604
0.84450793
1.6777053
0.46160546
1.7216516
0.6461822
0.5670073
1.5752254
0.82562494
0.528937
1.0863461
0.8576296
0.87679565
0.99454325
0.8076674
0.8741543
0.9197568
0.78158987
1.016598
0.7154702
1.2584947
0.76634324
0.8654658
0.9186349
1.7052716
0.41014367
1.200742
1.2719823
0.58981
0.9150688
1.338386
0.5660308
1.0077958
1.1718539
0.770851
1.0885316
1.0156873
0.5075914
1.0915761
1.2366257
0.6496701
1.1211786
1.0914204
0.6780999
1.2494156
0.8019554
1.1262708
0.8939148
1.1528566
0.62099725
0.99002165
0.93988794
1.061614
0.7793493
1.5807631
0.41525525
1.6128578
0.67255825
0.90992033
1.3394029
0.6653861
1.0860784
1.1588633
0.493002
1.6247599
0.8659985
0.78006613
1.2096479
0.77645504
1.2592905
0.58319545
0.97749555
1.1509597
0.8078675
0.69168645
1.6785271
0.5234031
1.2149792
0.76296556
0.88046175
1.0266654
0.71919554
0.7754635
1.1800455
1.2976487
0.33428782
2.9715962
0.8451181
0.46247998
1.3217851
1.0373092
0.6693651
1.0093527
0.75962824
0.9415322
0.97404695
0.720968
0.8010673
0.83674777
1.2827853
0.5549501
1.1622121
0.92231846
0.726425
1.1706363
1.0060492
0.5922774
0.9320408
1.3728038
0.6098367
0.89334565
1.1662639
0.72696686
0.99951786
0.67210823
0.93447375
1.3930799
0.42474428
1.4670972
1.0274609
0.9611497
1.1219659
0.8405844
0.74773157
1.5959799
0.7794369
0.7273184
1.7029984
0.48948097
0.9051783
0.8014918
0.83065397
1.3990232
0.585581
0.64577305
1.867633
0.4957457
0.7479991
0.9763899
0.865252
0.80547935
1.1712136
0.7804505
1.238007
0.7109184
1.1725843
0.8803935
0.94804335
0.9749781
0.53547406
1.2639389
0.8144752
