1.4346467
1.6262703
1.1982658
1.8066392
1.3013957
1.210901
1.0593107
1.9330033
1.307762
1.235173
1.0276831
1.8489941
1.9459633
1.412633
0.70633173
1.8497453
1.2053998
1.840227
2.0285053
1.461988
0.6853622
2.0068736
3.4545412
1.3261895
0.39911163
1.6534921
2.6049485
0.88800025
1.395679
1.2603853
0.8828659
2.2424207
1.2667907
0.9154721
1.1161302
1.1746905
2.1571226
1.6043892
0.84847844
0.6631422
1.723134
0.82597315
1.0210888
1.9164097
1.3210206
0.84175634
2.668171
1.8170334
0.3461039
3.7964396
1.6056542
1.0469481
1.8166345
1.4166087
1.401407
1.9853301
0.54817176
2.3267212
1.4430895
1.433082
1.8217888
1.610942
1.1381202
2.1323261
1.8710365
1.1125138
0.51181966
3.1467266
2.446589
0.8272276
0.96674407
2.7826145
1.2344189
1.1337097
1.0635595
1.4765131
2.0469315
1.9240353
1.1972857
1.1813152
2.0759492
1.5911862
1.5179586
1.1981864
1.9346834
1.9562848
0.4405985
3.3443737
2.9657784
0.15710846
8.347623
1.230067
0.7814307
3.2996469
1.2742051
2.3372803
1.1374004
0.79876506
2.603136
1.6033955
0.8550397
1.6377541
1.1529503
1.4046676
1.3229246
1.3161206
1.3427284
1.3506247
1.3647557
0.9827631
2.8442168
0.889134
0.89234173
1.0911424
2.0768366
1.8137265
0.71266353
1.6596143
2.4705715
1.8934867
0.23166153
5.5989385
2.3223953
0.91252875
1.3428028
2.0333638
2.0679302
1.6723952
1.5406115
0.92520535
0.93244135
2.7033339
1.5830054
1.0055814
0.8852744
3.9511945
2.2850876
0.78526366
0.7722305
5.4695873
2.0676274
1.2632699
1.5907443
0.29545236
3.3711758
2.3931756
0.40607953
1.0733292
2.825041
1.7051983
0.7401944
2.7477999
1.8869228
0.66510826
3.1374862
2.595304
0.7233441
1.5301257
2.1380377
1.8942074
0.83780694
2.0112202
2.9599428
1.4670205
1.1828383
1.6698037
1.9616141
1.2666686
1.5579078
2.1252303
1.0516517
1.3231972
1.8834659
1.2540706
1.0366819
1.5615944
1.9329756
1.188823
0.663934
0.8424155
1.7303505
1.9608066
1.8243399
0.90135455
0.86729354
2.2163901
1.6869607
1.4723256
