0.7395864
0.9656362
3.5747576
0.50819236
1.445987
6.573841
0.26992464
7.4395165
0.14912967
8.894541
0.2568921
8.54407
0.3993159
5.7871947
0.6683301
4.1671834
1.2781739
0.3125105
6.0237126
0.5841373
6.9878626
1.2125075
0.79142267
7.06283
1.5652735
0.80177605
1.784303
1.826928
1.4561024
1.0863035
1.0473497
2.5932562
0.39717942
5.1658688
0.1858216
3.6727676
2.2537663
1.396897
0.6394825
3.1125083
1.9383277
0.7221302
3.1348395
1.8002236
0.9579642
1.3189063
1.386609
1.7209054
1.6170784
1.3316332
1.0797021
0.26104861
7.395747
2.495215
0.55500495
0.9514373
2.617015
0.75205755
3.1706493
1.8741717
0.47347015
2.9730444
0.9505881
0.8153552
1.2453514
1.9056703
1.6445849
0.8696278
5.106464
2.3943176
0.20954317
6.499895
4.0619397
1.2981724
1.1447935
1.9836727
3.2876554
0.23586565
13.259717
0.7564901
0.4042167
8.766364
1.1373281
0.41672236
6.7473845
0.8135338
2.1567793
2.2951636
1.155924
0.16882929
9.352409
0.76966196
2.3142295
1.6420057
1.2152143
3.7721286
0.6028178
4.922209
2.002966
0.7332602
3.0310862
0.3602074
1.6281226
0.8493409
1.4939582
1.1094494
1.9360385
3.9229968
0.7128347
3.190998
2.3050008
0.55357444
2.9727073
2.1822028
0.6708797
5.9194417
2.2418509
0.90847284
2.4199605
0.78039074
1.1851134
3.3026824
1.4822682
1.8014579
0.6186194
0.76210797
5.3011847
1.1864723
0.8471147
2.024187
1.8229082
0.85337484
1.1220884
3.194642
1.4385328
0.65221393
4.628706
1.7131592
1.1780872
1.5944839
2.1549425
2.0454805
0.42934337
1.1984979
2.406855
1.3911428
1.6898108
2.0726469
0.8465127
2.9314353
1.4258447
2.0263863
1.8305221
0.9646014
1.1172163
2.085215
2.3595428
1.866137
1.3522758
0.84264714
2.0877252
1.0888954
2.0263069
1.2888197
1.4120531
1.3953154
2.6881843
0.43766803
1.7247021
2.0591884
1.519525
1.1211991
0.9752647
1.1917131
1.7872846
1.7402911
0.9212726
1.5554693
1.323524
1.2127805
0.9928468
0.7496396
2.0452607
2.2687912
1.1492198
2.055052
1.2204403
1.1201898
