0.9502706
0.72262704
1.0527139
0.83817697
0.7441461
0.89604867
1.4154222
0.39508295
2.0260885
0.49687266
1.0652351
1.0032302
0.65647054
1.0244279
0.851748
0.9242695
1.2041357
0.7250888
1.1843581
0.8047997
0.7900884
1.0673358
0.69991237
0.79428166
1.3381536
0.5172804
1.0463985
1.3911692
0.6576351
1.2069397
0.7145136
0.8466571
1.4633734
0.4207145
1.5026746
0.47901458
2.1237898
0.58111274
0.67704296
1.7477157
0.67600256
0.6132587
1.191464
0.9123945
0.8731109
0.7716733
0.7774102
0.9324993
1.3722308
0.5654223
0.98862934
1.3808496
0.58154935
1.2677686
0.865369
0.7266192
1.2997284
0.44253048
1.5572076
0.50721693
1.581234
0.7712208
0.6323019
1.3671148
0.6811422
0.6911665
1.3465023
0.4608682
1.2520266
1.0917146
0.77766234
1.2221262
0.70270234
1.1787498
0.5894595
1.6183131
0.8903759
0.53886175
1.9872234
0.6356411
1.145313
0.9656454
0.79029214
1.2299645
0.94140327
1.0504987
0.71029323
1.8703952
0.7979439
1.2571123
0.48101792
1.8408929
0.52922267
0.89396966
0.7937012
1.6175126
0.5610534
0.8990126
1.1861353
0.7127081
0.7611623
1.5217564
0.8179188
0.86078405
1.30984
0.76457393
1.2007495
0.4621294
1.8956198
0.69458276
0.836016
0.9756166
1.2307613
0.6780076
0.6518726
1.7254999
0.54167354
1.3763978
0.692409
1.0568634
1.2877157
0.4384478
1.8531032
0.7612047
1.4173455
0.58143425
1.5366609
0.8112906
0.5246335
1.1191332
0.9006729
1.0849435
0.70858926
0.9926622
0.87515867
0.8816856
1.115346
0.84711444
1.131509
0.9144366
0.81946814
1.8184084
0.45182317
0.98114544
1.637644
0.5262433
1.0962746
0.745692
1.2980103
0.7198145
0.7535951
1.009495
1.3313036
0.37917465
1.3522115
0.7412106
1.2451866
0.73663354
0.91401577
0.79126656
0.55773234
1.8513628
0.78325
0.44918567
1.9670347
0.83485585
0.50609624
1.5784044
0.8047097
0.7034162
1.0028777
0.83404505
1.1714227
0.85063255
0.6463854
1.3445456
0.7942742
0.8077748
1.4701247
0.47381794
1.5352919
0.708904
1.6408927
0.55885804
1.5413668
0.65286624
0.75747526
1.2688951
