0.07558687
0.10743598
0.1045592
0.13883151
0.29526454
0.1481236
0.08619769
0.30269065
0.18583807
0.09197937
0.11542005
0.14453727
0.1345636
0.13234255
0.15605754
0.13212465
0.06640309
0.13746455
0.13431244
0.10060469
0.18662879
0.19824708
0.23732226
0.10116409
0.25161123
0.30099764
0.20601538
0.14488277
0.21285763
0.20197628
0.1745491
0.0915758
0.15534809
0.16540045
0.19854397
0.26945132
0.18810256
0.093608655
0.092792034
0.14660811
0.10704917
0.16110298
0.13705112
0.25224045
0.11390876
0.2238361
0.18868224
0.1251431
0.121151716
0.3150912
0.23369128
0.13277976
0.08442847
0.40610477
0.29156622
0.15802673
0.441946
0.17132215
0.11539622
0.09238197
0.12614115
0.13064584
0.14445795
0.14401463
0.15515707
0.15561172
0.2680848
0.2114794
0.22983854
0.2976309
0.08203268
0.16212799
0.1543895
0.08618988
0.24739994
0.2185692
0.15085769
0.120480835
0.09197736
0.2008419
0.18260261
0.1209763
0.09187424
0.15846895
0.09893515
0.11847908
0.098558724
0.14609674
0.08626346
0.10739401
0.19057858
0.10793436
0.10345252
0.267085
0.50593746
0.25962555
0.13834259
0.16692735
0.19606756
0.12888336
0.14351481
0.054457232
0.19415832
0.13081849
0.122143745
0.17784715
0.08868845
0.21318892
0.093204126
0.14748846
0.10905876
0.11328768
0.08519803
0.23956744
0.17279464
0.16834518
0.16088895
0.34596068
0.86001164
0.5765068
0.16231534
0.25899753
0.19814536
0.24369884
0.9248279
1.8406358
2.1062622
8.362607
13.67805
3.1082132
17.166952
7.5968175
2.734682
4.761616
3.1839354
2.0913124
1.7744904
0.9754411
1.1328789
1.8102164
1.9496032
1.5291361
2.3251579
0.899824
0.71386015
0.99717057
1.1939362
1.1875814
1.1429287
0.7518606
0.8152343
0.6285549
0.6124535
0.77787244
0.90134346
1.1128079
0.8611249
0.7064157
0.59872556
0.8159039
0.6424136
0.4175606
0.42905548
0.8138856
0.59598094
0.66162264
0.51223147
0.7315217
0.35094297
0.40056667
0.46339375
0.5887294
0.36225626
0.3993764
0.42878902
0.9527957
1.8473022
1.1029482
0.544839
0.6758621
0.8630722
0.8260379
0.63452786
0.38490635
0.4602421
0.5260076
0.44460708
0.27907056
