0.08270112
0.06889085
0.08588639
0.12847497
0.093207516
0.11165963
0.10099812
0.23241454
0.08648727
0.09285648
0.07054277
0.1308307
0.14375755
0.055835813
0.19232525
0.15041956
0.0933225
0.053128283
0.1882247
0.23721
0.15834683
0.0896066
0.14378686
0.0959653
0.052702345
0.09324263
0.09026953
0.32724535
0.30614376
0.071928725
0.11662398
0.118336245
0.2222533
0.49500948
0.13839248
0.95247054
0.5159444
0.47200033
0.8761224
0.5794164
0.13900153
0.14539617
0.19193709
0.27422875
0.30267328
0.28715727
0.18618858
0.2475136
0.09795373
0.09283677
0.10780232
0.08366506
0.1253137
0.13571163
0.19981295
0.21818955
0.19522667
0.15683042
0.13892108
0.14043266
0.15599672
0.075193435
0.1683535
0.124899894
0.122237444
0.120565176
0.07866837
0.10633367
0.10689624
0.36279818
0.1264655
0.40137142
0.14362001
0.39910778
0.26501584
0.12582356
0.16760078
0.14678727
0.14467648
0.047490634
0.090320915
0.19615918
0.06412047
0.3062759
0.2350801
0.23921855
0.34365457
0.13955045
0.039184183
0.13028872
0.10638518
0.2385862
0.25291437
0.07903852
0.07105294
0.17250597
0.16622703
0.13173887
0.11543268
0.082730144
0.18797459
0.07502811
0.194557
0.21741126
0.04949955
0.059501268
0.10904826
0.13470988
0.05919396
0.16768113
0.065915294
0.06638644
0.0860293
0.17707236
0.22241777
0.13272059
0.07720337
0.13780488
0.09869349
0.08788249
0.10768102
0.10392983
0.09768927
0.067572504
0.11691189
0.054879382
0.06137245
0.15268908
0.09949302
0.06886738
0.1178799
0.27851927
0.26155487
0.17663081
0.5768867
0.68333936
0.36444196
0.06705935
0.30557278
0.27139115
0.07867061
0.18834308
0.26915848
0.06870642
0.22536156
0.08825525
0.1240449
0.08918763
0.08594463
0.26518887
0.1451043
0.091879785
0.08508789
0.10875322
0.06719403
0.10105899
0.085868135
0.13062164
0.056005787
0.14543496
0.17163266
0.1667031
0.26663002
0.23079212
0.07855104
0.13165793
0.08132233
0.08794676
0.05441634
0.15680213
0.2316687
0.14204174
0.10543524
0.06960103
0.08215089
0.061079748
0.072493985
0.08615258
0.09795674
0.12240237
0.100623675
0.17183964
0.15866001
0.19243428
0.09155112
0.51659
0.35553718
0.11193883
