0.22644275
0.09498733
0.09584623
0.12809129
0.03417989
0.3579034
0.30078673
0.1812412
0.09160908
0.1240804
0.020088043
0.04003089
0.028869769
0.07889128
0.17605473
0.058538113
0.24811208
0.04394885
0.33684123
0.06393873
0.065517
0.13060415
0.26150522
0.06866231
0.25994298
0.030836282
0.09445769
0.22943394
0.024723975
0.3646703
0.017755354
0.09142341
0.36844835
0.052004706
0.73485315
0.33160636
0.059989914
0.047366746
0.015936287
0.037639633
0.43239528
0.31707907
0.14807938
0.011495277
0.0144994855
0.04621745
0.090011
0.038767114
0.20534068
0.049666837
0.662968
2.3618877
0.038785346
0.12810376
0.35465387
0.095455736
0.15536611
0.034948193
0.17254871
0.07592703
0.09450322
0.12679069
0.15414318
0.10616428
0.06709361
0.012821818
0.035533123
0.13320684
0.22062375
0.022128575
0.06276111
0.055456445
0.08495359
0.21881482
0.31384602
0.043500368
0.04066652
0.31276742
0.18742643
0.05341973
0.04689829
0.09837744
0.059990197
0.09939994
0.1034055
0.051081426
0.05809319
0.17741956
0.27282697
0.10860291
0.022201918
0.031771634
0.0323858
0.052602645
0.1533383
0.117067605
0.26227337
0.13199472
0.10142036
0.02713519
0.045403857
0.080574736
0.0810729
0.05383876
0.13680828
0.058113974
0.08589436
0.11929517
0.10319589
0.0846614
0.06513586
0.040429797
0.10017292
0.042035405
0.22192465
0.20392983
0.04031754
0.046605136
0.1425221
0.037297815
0.14682046
0.10690371
0.13930556
0.060055472
0.06971111
0.098618835
0.07607429
0.14488673
0.11032242
0.043717988
0.05345937
0.09733662
0.29785475
0.8280288
0.9186632
0.09396101
0.05271486
0.24479085
0.031844378
0.13708559
0.08227811
0.1181715
0.055268586
0.09692952
0.13770674
0.06705626
0.0684075
0.050795846
0.08602458
0.057817973
0.04258124
0.093211435
0.04266032
0.07463503
0.11104353
0.06137883
0.085217685
0.013000329
0.032493383
0.07318167
0.054045208
0.066046834
0.0261321
0.0597198
0.0566835
0.07294436
0.07275046
0.08975001
0.09990886
0.023926234
0.08485393
0.25543028
0.27081972
0.028437736
0.028658789
0.020561755
0.028733226
0.35205624
0.49012157
0.17625353
0.17043236
0.03990002
0.06418075
0.06682135
0.02811683
0.016872702
0.20965008
0.20521918
