6.010319
3.9270434
2.8836465
4.5505342
4.29008
3.3793263
3.10947
7.3722243
4.665603
3.4891765
2.745668
5.71704
2.846212
1.896554
10.91422
11.687292
9.956219
2.5383067
2.6567345
6.616914
5.84873
4.8893003
3.8159144
0.3312132
14.132198
12.612297
10.1931
7.009925
2.8800352
1.9689955
5.714372
5.5332427
6.1153655
4.3142056
2.3528671
4.7641582
5.575922
3.8842201
2.9626136
4.3625383
4.02786
3.930952
2.7240584
3.1776822
5.7212515
7.035015
2.4482987
2.384222
2.7148376
3.5025094
3.6895528
3.5154264
3.895697
4.207616
2.2551913
0.6520145
23.250834
14.3087225
4.245573
1.2094443
14.37905
12.420326
6.439087
1.9866798
4.1333528
4.049644
2.7933996
2.0047913
1.5936377
13.798698
12.254387
4.583567
1.2826293
18.748959
14.480503
8.592307
3.650304
2.0008602
13.0540905
6.985035
4.871051
2.152371
3.506487
3.9990005
6.5431004
4.8645782
2.7524333
2.9139707
3.257029
3.1337159
2.9572787
4.026964
3.6249316
3.7540483
4.391
3.6339514
2.6326246
5.5621324
6.616333
4.8102508
3.0523236
2.4780009
6.04363
5.9486113
1.990394
4.6284857
6.89791
7.378689
7.4247265
4.9345
2.6202714
4.580393
4.472616
2.9239264
3.2016788
4.388544
3.2679648
3.6437116
3.3832517
3.5312839
4.493296
2.8368094
2.7523592
4.979873
4.7058954
3.3400683
3.3151484
2.6014304
3.6732512
3.9813364
4.404661
3.7357183
1.5429041
6.7582335
6.518914
5.581832
3.9044118
1.4612892
7.622971
7.365861
5.736493
4.1214705
3.3140965
3.6245573
4.657706
4.0315747
1.7454326
4.7783685
3.871264
3.008775
4.077878
4.3286786
2.8735247
5.022132
5.417347
4.1822815
3.4637115
2.7191849
7.274207
5.540571
3.8300376
3.6635442
3.9537678
6.737371
6.418119
3.7997808
2.0110457
14.98629
8.285702
4.1607122
3.5570793
3.6086898
3.8525023
3.6626754
4.026067
4.3915734
4.455264
4.3630047
3.5321994
4.959738
4.913491
2.167294
1.4810693
18.231705
19.284306
11.9314
5.32798
1.9053808
