1.420775
1.161739
1.5600381
1.5279648
0.5891478
2.7669513
1.4699081
0.98561513
0.96132475
1.1392584
2.2021682
0.95625424
1.2643216
2.1306164
1.0943377
0.2898461
4.007207
2.592556
1.1625504
0.7873604
2.2345076
1.8551497
1.1589682
0.5740937
2.5598793
1.5645326
0.86646503
1.8180047
1.2616677
1.1909814
1.4089694
1.9109316
1.1552705
0.43989897
1.7941873
2.0255504
1.1292704
0.9523697
1.4445462
1.1887114
1.7671492
1.2151666
0.87429357
0.99758804
1.8765064
0.99544144
1.8484591
1.0463989
1.4810804
0.46377003
4.7398806
2.3785553
0.14330032
7.4129944
0.5677225
3.0847936
0.82648504
0.6927904
2.589842
2.5989747
0.29912964
1.0739394
7.170354
0.8926188
0.7589682
1.3533928
2.067113
0.31508136
4.185376
0.6275236
1.0637004
1.6144769
1.0878286
0.9401909
0.56366193
2.1348763
2.5454075
0.29250982
3.2099657
2.5776677
0.5967531
1.037302
2.7107894
1.7610121
0.6940757
1.7696006
1.9505863
0.8541311
1.0821378
2.4656029
1.7052749
1.7125959
0.6356099
1.0526241
2.0266976
1.4776628
1.3401703
0.3302771
6.675419
2.7445328
0.73363256
0.79855895
2.3149743
2.400755
0.6522931
1.242491
2.50139
1.5581493
0.61597353
3.3442533
1.8579412
0.85566974
0.8208199
2.6452403
2.1355548
0.2726724
2.5159936
2.4553862
0.68315625
0.8244518
2.151904
1.1381856
0.64980376
1.2980206
4.5392275
0.5876522
1.1593955
3.3936324
1.605257
0.3309146
4.189727
2.0630593
0.4301113
1.1275017
1.6363597
2.654592
0.5992806
0.51444805
4.6235204
2.4722862
1.0612411
1.1173384
2.1672015
1.2975593
0.7068525
3.0371046
1.2875588
1.0838026
1.1245868
2.1628225
1.9249535
0.81000715
1.6146045
1.8493656
1.003906
1.1881253
1.346081
2.2975683
0.7401659
0.8963695
3.1128561
1.034288
0.66797006
2.2131615
1.863281
0.9938822
1.0007088
1.7801939
1.9822425
1.2591665
1.0132338
1.791462
1.5043867
0.6045731
0.95623624
3.0858254
2.0859714
0.53359985
1.5730492
1.6608284
1.3117734
1.8075154
1.0686082
1.1367469
1.3055804
2.3924015
1.7396724
1.4350905
