0.0852377
0.14459701
0.1425638
0.23129241
0.29315057
0.07422396
0.25680986
0.22551699
0.09946143
0.17383015
0.23354317
0.27049384
0.10245038
0.16404592
0.17936647
0.16442692
0.14067194
0.14160943
0.09479444
0.111324586
0.12073351
0.4377666
0.7946592
0.5365102
0.14524585
0.25817633
0.50402266
0.58611447
0.17501724
0.17110886
0.11168538
0.212352
0.17419446
0.20778213
0.17151192
0.16715255
0.122526154
0.17653182
0.25111887
0.11002583
0.27416188
0.23748249
0.1338891
0.21428515
0.327462
0.1601984
0.0968803
0.08118794
0.14130402
0.133069
0.15115923
0.082392626
0.11234616
0.17895953
0.20706262
0.23917884
0.0913862
0.20615171
0.12605534
0.18988602
0.07046852
0.09770414
0.22322425
0.13663694
0.37744072
0.11458833
0.9646628
1.2683121
0.8155537
0.121324
0.11771879
0.18904656
0.23473834
0.2717569
0.1244175
0.3806878
0.3662365
0.15554191
0.22315654
0.22020955
0.26355898
0.1635019
0.16155136
0.22655243
0.16287413
0.2853328
0.15208435
0.16937721
0.11201063
0.1327543
0.24328206
0.17747049
0.11724348
0.15732156
0.16971025
0.25046077
0.056078188
0.18147573
0.2072364
0.29976463
0.17675048
0.10666455
0.12291555
0.0973086
0.16812742
0.17295316
0.12210883
0.26313233
0.13272704
0.2122963
0.14094938
0.28034383
0.36929893
0.18210776
0.20888257
0.21668202
0.08296856
0.11988014
0.12527984
0.046440057
0.13728353
0.09757819
0.23340859
0.15117043
0.13707659
0.32019803
0.17513546
0.11333845
0.0578565
0.23023884
0.10945765
0.25209954
0.11755649
0.12625268
0.2826658
0.5997614
0.07401812
0.8070326
0.23361447
0.3520124
0.0897581
0.25709116
0.26613426
0.20837739
0.23090656
0.19922197
0.14971556
0.22956161
0.20426458
0.18384987
0.13763973
0.13119568
0.09891832
0.14100793
0.13650858
0.15344104
0.13878095
0.12567553
0.13892865
0.12692225
0.18222079
0.10027463
0.11494386
0.21544039
0.1048561
0.24925077
0.12587014
0.10624874
0.17785792
0.11150713
0.139393
0.12626903
0.139898
0.110412285
0.124615885
0.08574544
0.14802071
0.13990065
0.1026657
0.15641282
0.13001177
0.21517557
0.14235327
0.08026928
0.15346082
0.107621066
0.16544037
0.074248105
