1.0132089
0.8515699
0.9734815
0.883491
0.79122204
1.0936737
0.93860257
0.8854642
0.97001004
0.9310467
0.7186626
1.4409354
0.6601802
1.393442
0.723121
0.8370421
1.1263151
0.86991525
0.814638
0.9463408
1.1301107
0.7365304
1.0931048
0.94660676
0.68337864
1.3544852
0.5377705
1.4821826
0.8503823
0.71155155
0.9840561
0.8997104
0.78079736
1.0579003
0.81677026
1.5691503
0.6034709
0.94821525
0.94526744
0.93427396
0.7701032
0.84234464
1.0734832
0.827466
1.0865155
0.91602147
1.0336483
0.70808923
1.2322897
0.6992154
0.9040204
1.1192534
0.76456976
1.0118067
0.8516784
0.72086024
1.5987078
0.58034384
0.9853618
0.9545935
0.9061209
0.7140769
1.2340078
0.67493105
1.0132916
0.9609247
0.9008676
0.82604706
1.0233446
0.7255002
1.1144898
0.85395575
0.8944649
0.750836
1.2718945
0.6580548
1.5953572
0.54846025
1.325983
0.74276316
1.0574303
0.9514457
0.8469387
1.0883348
0.83805764
1.0219461
0.61936766
1.5652134
0.6511737
0.85433507
1.1620141
0.66515946
1.1814511
0.7787302
1.0872194
0.7539147
0.84915614
1.0185834
0.8186556
0.84910977
0.99896187
0.9251113
0.8332663
0.93926454
0.9379532
0.77722996
0.8516227
1.6665442
0.38808745
2.058208
0.9350409
0.49008393
1.2858875
0.8812095
0.60127425
1.2922833
0.9186995
0.7314962
0.9868174
1.1175264
0.81382704
0.7289927
0.9030843
1.1340544
0.7343628
0.96615475
1.025585
0.8560711
0.9488117
1.0439291
0.7674181
1.2401127
0.7115344
0.98972
1.2685238
0.52988374
1.3732675
0.7535951
0.80079806
1.3009177
0.9094111
0.7839781
1.0081328
0.797961
0.97666013
0.73442364
1.2892702
0.56930345
1.1733625
0.80422986
0.7841401
1.5140319
0.7565346
0.8670695
0.9494077
0.8057254
1.1745285
0.6419734
1.1399918
0.7892922
1.5037326
0.5450391
1.3853619
0.62467986
1.0490248
1.0384434
0.7329077
1.2943364
0.7668953
0.8945042
1.0039008
0.87470186
0.8427632
1.1187001
0.81169695
0.8648757
1.1193955
0.896186
0.95299476
0.8922712
1.240059
0.53413147
2.2751656
0.54702663
0.897835
1.1079204
0.78211725
0.92627007
