2.121646
1.7809043
0.992687
1.6171594
2.8406496
0.7956059
1.0660084
4.527421
0.89238566
0.6293242
1.7404032
1.7798127
0.960835
1.7867451
0.92778796
4.293945
0.91626894
0.435682
3.8319952
2.0971859
1.2138121
0.7132995
1.8622956
1.9587629
1.7388713
0.8585764
0.98511386
4.8411446
0.80700195
1.3502555
2.5490127
1.6182829
1.046062
5.0438075
1.7692846
0.09011692
10.8704815
1.1286564
0.6302433
5.448045
0.4531879
2.1196575
2.5675306
0.3152865
1.9485762
3.0243182
0.39947027
3.8159273
0.77568626
0.87327564
1.7668152
1.8691754
1.3661416
1.6291465
0.42389116
5.982505
0.7646587
0.7503195
2.3145099
1.984838
0.20214531
4.2973633
1.0605791
0.7448832
0.7560533
2.6813397
3.4934497
2.852778
0.6826647
0.76708865
2.6893177
2.4975395
1.9766676
0.39466944
2.6400633
2.5097215
1.8846474
0.43808243
4.6605444
3.1295776
0.78806746
0.52666605
3.4179971
1.7347753
1.1098428
1.7662213
1.1977484
0.9325971
2.4534214
1.1623013
3.173186
2.3824873
0.91044194
3.3781064
2.6446328
0.31015843
3.967834
2.6762705
0.5762191
1.4428577
2.5549457
1.899812
2.5214806
1.3960583
0.5359325
3.8647127
3.2871652
1.29174
0.6142061
2.7641149
1.5847394
0.75456166
1.7109886
1.2951224
0.9873921
2.3534527
1.7847553
1.2751131
2.070745
0.8887145
3.1958494
1.2692891
1.2315118
2.1731
1.4934878
1.33712
0.8761163
1.4659147
2.0283284
1.777292
0.8003951
1.185586
1.0996528
1.5540218
1.7055387
1.5515268
1.7014353
1.6885558
1.6038659
1.2978623
1.4126799
1.3749855
1.2089696
1.8046699
1.3645513
0.93219614
1.7463675
2.0889127
0.8053245
0.51366425
9.668673
3.004351
0.43958712
2.3077204
1.9539961
2.1017916
0.45886815
4.0081415
2.4693584
0.7324087
1.1345888
2.8918338
2.0371275
0.7287917
1.5979267
1.6893411
2.0630395
1.2426565
0.78870654
1.7132608
1.8570418
0.9935259
1.4791031
0.72036797
2.993423
2.2019472
1.1423352
0.77172095
3.7982416
1.3039922
1.2661686
1.3474636
1.6420326
2.0269806
1.6504589
1.3336062
1.0947511
1.5983418
