0.07081911
0.08482568
0.23529366
0.2271013
0.2615625
0.34185937
0.10868047
0.4888891
0.48108763
0.13029706
0.24018954
0.1324408
0.22017385
0.16428736
0.28161162
0.37434524
0.36748683
0.25972992
0.44929788
0.18913542
0.14396206
0.20395552
0.23020248
0.1370229
0.21657977
0.23246193
0.10824312
0.40677878
0.4749651
0.117450565
0.23945329
0.15894616
0.1572589
0.47724783
0.43044648
1.000388
4.0452876
1.6611745
0.2509139
1.0155504
1.6095151
0.56698716
0.20647706
0.72717917
0.38753122
0.22992894
0.76294947
0.736334
0.512908
0.2675475
0.24505648
0.1347967
0.11789122
0.10094693
0.4239144
1.0079457
0.8225101
0.15633808
0.26453024
0.45635605
0.64021504
0.70883584
0.31373358
0.29923555
0.18648183
0.29371104
0.26553637
0.21587017
0.39065647
0.2175786
0.28621748
0.12631464
0.13973969
0.3808863
0.31504878
0.14383337
0.16577399
0.377094
0.6566456
0.108424746
0.46484536
0.16070344
0.4289303
0.29198962
0.1358076
0.15412597
0.20896056
0.17141539
0.17899847
0.34551468
0.44870856
0.1482585
0.30257028
0.41092336
0.09412416
0.5709523
0.5160182
0.1676089
0.51883227
0.19009677
0.2503738
0.18315697
0.07929297
0.17027687
0.2798052
0.47025517
0.11058989
0.3306198
0.29502273
0.41442364
0.1944159
0.1778415
0.09255012
0.15599605
0.15595628
0.21434164
0.11508465
0.14175975
0.21848257
0.2724869
0.41641897
0.30121094
0.101817
0.19874932
0.15018232
0.13052401
0.09029798
0.193438
0.14429618
0.15673219
0.19255498
0.15206319
0.18522546
0.09716141
0.13809654
0.1466161
0.12977354
0.08334568
0.17740041
0.10576381
0.11690818
0.13944727
0.20140311
0.07024896
0.10066384
0.18758318
0.18230656
0.10119592
0.26862577
0.21003675
1.089529
0.89893746
0.31950197
0.32742357
0.11135684
0.14636858
0.7011368
0.5864838
0.09105113
0.49458528
0.20879853
0.2644128
0.121510886
0.37944812
0.23044929
0.108119935
0.18396495
0.24768816
0.19095749
0.1933507
0.1284388
0.14202231
0.17188722
0.23015183
0.3460465
0.084843114
0.18329078
0.13503799
0.41677624
0.27116472
0.18512085
0.14602327
0.13918442
0.17914301
0.15439424
0.1389248
0.11893435
0.058400266
