1.2770061
1.3995811
1.5202248
1.3117996
1.3269413
1.2198642
1.2610998
1.4098802
1.5931119
1.7120908
1.4737707
1.5582218
1.4149804
1.3624436
1.3993466
1.3416862
1.228421
1.3654308
1.4409909
1.4776835
1.3000429
1.3276308
1.3704647
1.5776262
1.43769
1.5498028
1.387845
1.3087049
1.3200362
1.2913715
1.2573254
1.2489736
1.3376131
1.4370171
1.5208275
1.4810795
1.6800994
1.8352847
1.3902218
1.5829129
1.6942673
1.3773227
1.4531922
1.2422231
1.4322395
1.3905575
1.3481007
1.4385409
1.3941152
1.4938191
1.3748279
1.3829734
1.4630518
1.376513
1.3150833
1.2515657
1.4358099
1.4631228
1.610139
1.5703261
1.4059675
1.3778964
1.3251727
1.5406171
1.4211798
1.406637
1.3774654
1.6362046
1.447332
1.2847798
1.4449397
1.3332613
1.456521
1.4534469
1.402191
1.530407
1.325938
1.3892105
1.4666128
1.4940752
1.5066135
1.3080328
1.3160543
1.3417518
1.3074899
1.2134017
1.2088237
1.2099189
1.2152146
1.2372642
1.2493371
1.7377145
1.8557677
1.6909885
1.3412421
1.458411
1.8114817
1.5416219
1.3520095
1.4006748
1.4597007
1.4112409
1.2148674
1.3761475
1.4588168
1.4606798
1.4189551
1.5476799
1.6185819
1.470554
1.2169456
1.5755007
1.2702711
1.5282695
1.2790295
1.4560382
1.5737237
1.4491217
1.4155955
1.2775426
1.221647
1.5959218
1.8445675
1.3895016
1.2717078
1.4673088
1.5891442
1.2890306
1.5193182
1.5757574
1.2993774
1.3849727
1.3770161
1.3825934
1.4377367
1.3322527
1.2070452
1.4528397
1.4419899
1.2695857
1.2975862
1.469589
1.7841917
1.6618472
1.2186664
1.5178394
1.361376
1.4185326
1.4082706
1.3612514
1.3619301
1.318552
1.3026826
1.5861775
1.5308421
1.5453306
1.2766798
1.3634915
1.381014
1.3004949
1.4018934
1.6311303
1.653837
1.3969215
1.6604794
1.5135026
1.4780025
1.6189663
1.5995189
1.246526
1.3644948
1.1997391
1.4452145
1.3464769
1.4770596
1.4648223
1.3447312
1.2986661
1.4296455
1.5853672
1.590073
1.4717265
1.7046249
1.5591683
1.3771182
1.5146065
1.3140054
1.2971504
