0.028355312
0.37898344
0.6501493
0.69217354
0.10426684
0.073134795
0.27489245
0.089057036
0.18512979
0.37703648
0.15174568
0.92346257
1.37426
0.18061961
0.15590005
0.40821278
0.030486569
0.019290742
0.07339974
0.121000886
0.18914823
0.107666135
0.14093384
0.14835934
0.034057893
0.16432804
0.089067616
0.07128322
0.13598733
0.17668557
0.10148575
0.07601392
0.13058203
0.13557678
0.095504776
0.08981295
0.09859669
0.10990235
0.1435938
0.12974407
0.088812135
0.155149
0.19875225
0.13263686
0.17164914
0.09541795
0.041979946
0.10775609
0.08291224
0.07878727
0.18277575
0.07695062
0.15882193
0.06708648
0.18399334
0.123392425
0.04395971
0.043114085
0.08302912
0.12540202
0.16561987
0.07049689
0.20810688
0.0925654
0.09044369
0.02941903
0.065925606
0.047816373
0.2400175
0.030607743
0.100778654
0.1734578
0.08364536
0.04316887
0.2612199
0.29293332
0.012129237
0.14795463
0.021686465
0.09616167
0.05383598
0.114142865
0.024072245
0.080862746
0.068150684
0.08757606
0.060466
0.06273779
0.06770434
0.06290801
0.35933584
0.1964035
0.18426035
0.12378429
0.039058983
0.41691816
0.0655539
0.45387244
0.00226141
0.26871565
0.031086452
0.14045413
0.11168166
0.03324097
0.080527045
0.07407038
0.16121191
0.054365624
0.07575606
0.12018339
0.28192052
0.42840683
0.085296154
1.233646
0.9224649
0.039798044
0.04708071
0.20597059
0.19764341
0.027795948
0.037180796
0.07645868
0.09921742
0.102343336
0.04378412
0.09702536
0.16013707
0.18758647
0.53877646
0.741629
0.02992722
0.03488507
0.09247053
0.09450917
0.07569304
0.18416065
0.10170333
0.08191599
0.04318461
0.2569399
0.049554527
0.03307505
0.16648188
0.08265457
0.2522497
0.1766151
0.067921124
0.044592172
0.10958296
0.034545608
0.09279764
0.1821206
0.10459852
0.054582
0.07884413
0.07133975
0.15178725
0.11289418
0.040171824
0.039389446
0.034886125
0.4866181
0.73376995
0.049784042
0.019277355
0.025624957
0.18448257
0.08708073
0.055978388
0.25715953
0.15708482
0.29475996
0.1810728
0.049436282
0.49816546
0.1813386
0.14419444
0.13886693
0.020040646
0.013810784
0.0566734
0.05494207
0.04418641
0.044255007
0.114473015
0.19805793
0.39356136
0.11002622
